1705935776144,-2.319383,5.4940944,8.080431
1705935776147,-2.3529017,5.507861,7.9182234
1705935776147,-2.19249,5.5312047,7.8487916
1705935776147,-2.078167,5.590461,7.760206
1705935776147,-2.0404584,5.641338,7.6602483
1705935776151,-2.0123265,5.7083755,7.5291657
1705935776157,-1.934515,5.7095723,7.3897038
1705935776161,-1.846528,5.6999955,7.3298483
1705935776166,-1.8010383,5.6880245,7.216124
1705935776171,-1.8537107,5.6976013,7.0593038
1705935776176,-2.2984335,5.8358665,6.389526
1705935776181,-2.9454668,6.2362967,4.820725
1705935776186,-2.6372132,6.5206084,5.032612
1705935776191,-2.1894975,6.6720414,6.9982514
1705935776196,-2.754529,6.9425864,7.9433627
1705935776201,-3.1370027,6.794146,7.989451
1705935776207,-2.9161377,6.3823433,8.049306
1705935776211,-2.6844985,6.259042,8.0924015
1705935776215,-2.7724855,6.184223,8.030152
1705935776220,-2.8281507,6.0687027,7.860164
1705935776226,-2.6509798,5.915474,7.7769656
1705935776231,-2.4839842,6.053739,7.6410947
1705935776235,-2.367267,6.214749,7.4232225
1705935776240,-2.1212628,6.3260794,7.153875
1705935776246,-1.3640964,6.1123967,7.2286935
1705935776250,-1.2898762,5.649119,7.3537903
1705935776256,-1.5574282,5.185242,7.6494746
1705935776260,-2.1547816,4.983531,7.8966756
1705935776266,-2.9933507,4.917092,7.575254
1705935776270,-3.690662,4.9972973,7.4842744
1705935776275,-4.0402155,5.1020436,7.5387425
1705935776280,-4.2221746,5.3420625,7.5345526
1705935776285,-4.361637,5.7442884,7.5483193
1705935776290,-4.4783545,6.1704564,7.4776907
1705935776295,-4.4783545,6.1704564,7.4776907
1705935776300,-4.624999,6.455965,7.355586
1705935776305,-4.478953,6.5786676,7.3232646
1705935776310,-4.286818,6.7121444,7.7332716
1705935776315,-4.0695443,6.8719573,8.359355
1705935776319,-3.7181952,7.019201,8.675988
1705935776325,-3.651756,7.141904,8.670602
1705935776329,-4.0186677,7.313688,8.793902
1705935776334,-3.964798,7.417835,8.93935
1705935776345,-2.9029696,7.0742674,9.030929
1705935776345,-1.5777789,6.9467764,9.189545
1705935776350,-2.3056161,6.9186444,7.8745294
1705935776354,-2.854487,6.7330937,7.2927384
1705935776359,-3.1280246,6.421249,7.709928
1705935776364,-3.3028011,5.8783636,7.9571295
1705935776369,-3.684078,5.477335,8.310274
1705935776374,-3.86903,5.4737434,8.756194
1705935776379,-3.8899791,5.6736593,8.932168
1705935776384,-3.8750155,6.0543375,8.91481
1705935776389,-3.769072,6.645107,8.882488
1705935776393,-3.8241386,7.404069,8.899248
1705935776399,-3.954024,8.397662,9.479243
1705935776404,-4.0019083,9.175778,9.161413
1705935776409,-3.8792052,9.606734,8.722076
1705935776413,-3.2279825,9.679757,9.037513
1705935776419,-3.2908301,9.405023,9.560646
1705935776424,-3.1956608,9.07582,10.779893
1705935776429,-2.9358897,8.932168,11.987169
1705935776433,-2.2625206,9.002797,13.016676
1705935776438,-1.0289081,9.506178,14.289194
1705935776444,-0.6907272,9.999383,13.907319
1705935776448,-0.94810385,10.433332,13.2429285
1705935776453,-1.5987282,10.739192,12.660539
1705935776461,-2.3475149,10.848726,12.023681
1705935776463,-3.0172927,10.717046,11.442489
1705935776469,-3.4374752,10.395025,10.845734
1705935776474,-3.7259765,10.105926,10.326791
1705935776479,-4.1359835,10.015544,10.03769
1705935776483,-4.768651,10.047267,9.784504
1705935776488,-5.567716,10.120291,9.51755
1705935776493,-6.5684924,10.221446,9.206305
1705935776498,-7.6351094,10.396821,8.77834
1705935776503,-8.598776,10.457873,8.2593975
1705935776507,-9.357738,10.456676,7.681796
1705935776514,-9.91798,10.454282,7.179612
1705935776518,-10.38066,10.519524,6.6534867
1705935776528,-10.769718,10.702681,5.959168
1705935776528,-11.0935335,10.927735,5.2726307
1705935776533,-11.175535,11.001955,4.736928
1705935776537,-11.135432,10.638636,3.7870286
1705935776543,-10.964247,10.371083,4.3939586
1705935776548,-10.501567,10.115502,4.905121
1705935776552,-9.959281,10.127473,5.515642
1705935776557,-9.431957,10.171167,6.10282
1705935776564,-9.024344,10.055049,6.445191
1705935776567,-8.675988,9.802461,6.711546
1705935776573,-8.359954,9.396045,7.103596
1705935776579,-8.098388,8.900445,7.295731
1705935776582,-7.811083,8.435969,7.195773
1705935776587,-7.3723454,8.069656,6.992266
1705935776592,-6.803723,7.7159133,6.585252
1705935776597,-6.2512608,7.270592,6.130952
1705935776603,-5.758055,6.827665,5.722142
1705935776607,-5.3498435,6.3607955,5.3259015
1705935776612,-4.997896,5.851429,4.9494133
1705935776617,-4.6405616,5.291186,4.5603557
1705935776623,-4.395156,4.7620673,4.1156325
1705935776627,-4.0743327,4.413112,3.7547069
1705935776632,-3.618836,4.2718544,3.402759
1705935776637,-2.9999347,4.2610803,3.198055
1705935776642,-2.2026656,4.2874165,2.9921536
1705935776647,-1.3724761,4.2419267,2.7682958
1705935776652,-0.6159084,4.1545386,2.7126305
1705935776657,-0.009576807,4.1677065,2.7832594
1705935776662,0.54288524,4.4244847,2.8874073
1705935776667,1.027711,4.8386817,2.9251158
1705935776672,1.2689269,5.3259015,2.9586349
1705935776677,1.2755109,5.7365074,3.1262288
1705935776682,1.1073183,5.9639564,3.1370027
1705935776687,0.89184016,5.9849057,3.007716
1705935776693,0.57879823,5.8262897,2.9251158
1705935776697,0.23942018,5.4743423,2.759916
1705935776703,-0.050876785,5.0308166,2.2164323
1705935776708,-0.22266077,4.7135844,1.5867572
1705935776711,-0.13347675,4.6082397,1.168969
1705935776720,0.14604631,4.607641,0.7398083
1705935776721,0.51834464,4.621408,0.3405752
1705935776727,0.97025025,4.644751,0.015562311
1705935776732,1.4119805,4.629189,-0.2837129
1705935776737,1.9153614,4.63278,-0.53450555
1705935776743,2.5552118,4.6178164,-0.7200562
1705935776746,3.1316159,4.691438,-0.82719666
1705935776752,3.6050692,4.763264,-0.93373865
1705935776757,3.9163153,4.8482585,-1.0366893
1705935776762,4.072537,4.959589,-1.2988545
1705935776768,4.0916905,5.036802,-1.6831238
1705935776772,3.7660792,5.053561,-2.0608091
1705935776778,3.1004913,5.069722,-2.4600422
1705935776782,2.3181858,5.2241483,-2.8485014
1705935776786,1.5891514,5.46297,-3.208829
1705935776791,1.0426749,5.719149,-3.494936
1705935776796,0.64823014,5.795764,-3.7565024
1705935776803,0.34356794,5.715558,-4.0282445
1705935776805,0.1604115,5.0517654,-4.6980224
1705935776811,-0.34835634,4.9164934,-4.7776294
1705935776816,-0.9307459,5.2852,-4.784812
1705935776821,-1.4826094,5.909488,-5.051167
1705935776826,-1.9734207,6.5283895,-5.199009
1705935776831,-2.1493945,6.894104,-5.9807158
1705935776843,-2.4319103,7.1790137,-6.4583592
1705935776844,-2.6018987,7.2981253,-6.543353
1705935776846,-2.6485856,7.2221093,-6.2021794
1705935776858,-2.5151088,7.029376,-5.4737434
1705935776859,-2.3546975,6.7546415,-4.502895
1705935776863,-2.0685902,6.4362125,-3.7804444
1705935776864,-1.8219875,6.1890116,-3.0160956
1705935776869,-1.7124528,5.9519854,-2.1440077
1705935776874,-1.7423803,5.740697,-1.0181342
1705935776879,-1.6394296,5.671265,-0.33997664
1705935776884,-1.1965023,5.7347116,-0.5069722
1705935776889,-0.57999533,6.019023,-0.97623575
1705935776894,0.035913024,6.4523735,-1.1366472
1705935776900,0.4189853,6.813898,-1.0199299
1705935776903,0.6536171,7.0036387,-0.66379243
1705935776910,0.88525605,7.086837,-0.23403321
1705935776914,1.1504139,7.000047,0.11671733
1705935776919,1.4281414,6.7480574,0.24480712
1705935776924,1.6759412,6.389526,0.31543607
1705935776929,1.757344,6.0040593,0.36990416
1705935776934,1.7010803,5.637148,0.46567222
1705935776940,1.5831659,5.321712,0.4902128
1705935776944,1.2024878,4.911106,-0.019153614
1705935776949,0.22984336,4.1838675,-1.204882
1705935776953,-0.29448682,3.5805287,-2.1888988
1705935776959,-0.34356794,3.3877954,-1.0324994
1705935776963,-0.34356794,3.3877954,-1.0324994
1705935776968,-0.801459,3.1615434,0.17836803
1705935776973,-1.3239936,2.8383262,0.7858967
1705935776984,-1.7328035,2.5725696,0.4997896
1705935776985,-2.2385786,2.5121162,-0.29388827
1705935776988,-2.926313,2.3295584,-1.0684125
1705935776993,-3.657143,1.9440918,-1.5239093
1705935776999,-4.2036195,1.3904326,-1.8968062
1705935777003,-4.6501384,0.6847417,-1.9339164
1705935777010,-4.8099513,-0.14784196,-1.5089456
1705935777013,-4.8201265,-0.91697925,-0.83497787
1705935777018,-4.7141833,-1.5077485,-0.18375498
1705935777022,-4.369418,-1.6771383,0.016759412
1705935777033,-3.8349125,-1.3730747,0.044292733
1705935777034,-3.2962172,-0.878672,-0.014963761
1705935777038,-2.80361,-0.24181437,-0.30286652
1705935777042,-2.308609,0.4782418,-0.7272388
1705935777047,-1.9422961,0.87328506,-0.8858546
1705935777053,-1.9578584,0.9923966,-0.7733272
1705935777058,-2.4390929,1.1683705,-0.676362
1705935777062,-3.2363622,1.6106992,-0.65900403
1705935777067,-3.8121676,2.0811598,-0.52852005
1705935777072,-4.2940006,2.2667105,-0.28191724
1705935777077,-5.0691237,2.2535424,0.054468088
1705935777082,-6.295553,2.1098902,0.16160862
1705935777087,-7.77936,2.1392193,0.0017956513
1705935777092,-9.362526,2.4504654,-0.075417355
1705935777098,-10.845135,2.9622262,-0.009576807
1705935777102,-12.085332,3.7816415,-0.017956512
1705935777108,-13.039421,4.887164,-0.16160862
1705935777112,-13.609839,6.2003837,-0.30406362
1705935777117,-13.666702,7.643489,-0.3274071
1705935777122,-13.247118,9.149442,-0.35254622
1705935777127,-12.472593,10.456676,-0.5069722
1705935777133,-11.701661,11.343129,-0.5674258
1705935777138,-11.07019,11.853693,-0.31064767
1705935777142,-10.57878,12.174516,0.09935937
1705935777147,-10.247782,12.517485,0.3513491
1705935777151,-10.268132,12.893374,0.34476504
1705935777158,-10.691906,13.286024,0.11611878
1705935777161,-11.521497,13.63438,-0.089184016
1705935777167,-12.430097,14.016854,-0.3477578
1705935777170,-13.104064,14.618996,-0.78050977
1705935777176,-13.461998,15.563508,-1.3946224
1705935777181,-13.668497,16.76839,-1.7046716
1705935777186,-13.861231,17.832014,-1.3521254
1705935777192,-13.883976,18.671183,-0.30825347
1705935777196,-13.570335,19.311033,1.2180501
1705935777200,-12.758701,19.612701,2.6940753
1705935777205,-11.47062,19.612701,3.9755719
1705935777212,-9.911396,19.612701,4.859631
1705935777217,-8.308478,19.612701,5.448006
1705935777221,-6.7684083,19.612701,5.777807
1705935777226,-5.6108117,19.612701,6.1219735
1705935777232,-4.959589,19.612701,6.1836243
1705935777237,-4.9961004,19.612701,6.095039
1705935777241,-5.8598084,19.612701,6.037578
1705935777247,-7.2628107,19.612701,6.18961
1705935777250,-8.653842,19.203293,6.2913637
1705935777262,-9.43495,18.508377,6.341642
1705935777263,-9.603742,17.761984,6.2021794
1705935777264,-9.470863,17.04971,5.701193
1705935777272,-9.340978,16.412252,5.357026
1705935777276,-9.372103,15.894506,5.225345
1705935777280,-9.181764,15.564705,4.981735
1705935777286,-8.961497,15.452178,4.3299136
1705935777290,-8.8364,15.367783,3.0322564
1705935777297,-8.858546,15.267824,1.6280571
1705935777300,-8.866327,15.045762,0.46208093
1705935777307,-8.854357,14.729728,-0.11312603
1705935777310,-8.7771435,14.174273,-0.2861071
1705935777315,-8.292916,13.539809,-0.9415198
1705935777320,-8.590994,13.357251,-2.2709002
1705935777325,-8.109759,13.236942,-2.416348
1705935777330,-7.392098,12.702437,-2.6635494
1705935777337,-6.895301,11.823167,-2.7144263
1705935777338,-6.4817023,11.249157,-2.2822728
1705935777344,-6.257246,11.052234,-1.3748703
1705935777359,-5.7748146,10.825383,-0.9091981
1705935777360,-2.183512,9.348759,-4.44304
1705935777361,-0.4261679,9.69113,-2.9358897
1705935777365,-3.3129766,11.841722,1.1737574
1705935777372,-4.171298,11.4837885,1.726818
1705935777374,-4.678869,11.042657,0.46447513
1705935777379,-5.199009,11.148601,-1.1097125
1705935777383,-5.686229,11.771092,-2.143409
1705935777388,-6.0250087,12.17272,-1.7471687
1705935777392,-5.9268465,11.751341,-1.3317747
1705935777397,-5.3558292,11.162966,-1.4670471
1705935777402,-4.466982,10.511144,-2.1865046
1705935777407,-3.6164417,10.318411,-2.6850972
1705935777412,-2.7760768,10.575788,-3.0053217
1705935777417,-2.0608091,11.104906,-3.0412347
1705935777422,-1.5179238,11.662156,-3.1771057
1705935777427,-1.2808979,12.167333,-2.8904
1705935777432,-1.4089876,12.525267,-2.3050177
1705935777436,-1.6711528,12.756307,-1.7160441
1705935777441,-1.9075803,12.955026,-1.411382
1705935777446,-1.8770541,13.162723,-1.608305
1705935777452,-1.4933833,11.862671,-0.57281274
1705935777457,-0.90620536,9.545682,-0.48722005
1705935777462,-0.4997896,7.043741,0.21667525
1705935777467,-0.6739678,4.8698063,1.0672154
1705935777473,-1.7776948,3.8899791,0.52253455
1705935777477,-3.4231098,3.5625722,0.6452374
1705935777482,-5.01705,4.0982747,1.270124
1705935777487,-6.271013,4.8422728,1.9674352
1705935777493,-7.33344,5.943606,2.5570073
1705935777497,-8.085219,7.098808,2.8221653
1705935777502,-8.241441,7.5375457,2.735974
1705935777507,-7.8505874,7.431602,2.1817162
1705935777513,-7.40347,6.7223196,2.0548236
1705935777516,-7.0108213,5.583278,1.4347254
1705935777521,-6.156091,4.1000705,1.1264719
1705935777526,-5.031415,2.8209682,0.9463082
1705935777533,-4.068946,2.3253684,1.3545196
1705935777535,-3.1944637,2.8832173,1.9536686
1705935777541,-2.6042929,3.9097314,1.7776948
1705935777546,-2.3600843,4.8757915,0.6536171
1705935777553,-2.7623103,5.7185507,-0.7236475
1705935777556,-3.4494462,6.3847375,-1.8980033
1705935777561,-3.7187939,7.392098,-2.2176294
1705935777566,-3.6631286,8.6095495,-1.8058267
1705935777576,-3.7421372,9.777321,-1.1480197
1705935777577,-3.9737763,10.701483,-0.9020155
1705935777581,-4.107253,11.329961,-1.1719618
1705935777586,-4.07553,11.733384,-1.5424645
1705935777591,-4.044405,11.935096,-1.714847
1705935777596,-4.0575733,11.976396,-1.7369933
1705935777601,-4.3023806,11.759122,-1.5574282
1705935777606,-4.4382515,11.280281,-1.364695
1705935777613,-4.132392,10.505158,-1.4796166
1705935777615,-3.3375173,9.746197,-1.863886
1705935777620,-2.7096379,9.167398,-2.156577
1705935777625,-2.7096379,9.167398,-2.156577
1705935777643,-1.7681179,7.5668745,-1.6915035
1705935777644,-1.7681179,7.5668745,-1.6915035
1705935777645,-1.733402,6.9647326,-1.0594343
1705935777645,-1.9249382,6.7845693,-0.7966706
1705935777646,-1.9249382,6.7845693,-0.7966706
1705935777651,-2.2349873,6.8641763,-1.0761937
1705935777655,-2.5234885,6.8504095,-1.4502877
1705935777660,-2.5133133,6.4787097,-1.5113398
1705935777665,-2.3708582,5.923255,-1.1330559
1705935777669,-2.3157916,5.7664347,-0.5446809
1705935777674,-2.4372973,6.137536,-0.15502456
1705935777679,-2.4570496,6.963536,0.20171149
1705935777684,-2.1176715,7.294534,0.5069722
1705935777690,-1.7753005,7.4681134,0.24181437
1705935777694,-1.4891934,7.7799582,0.020350715
1705935777699,-0.90021986,7.9278,0.40761283
1705935777704,-0.57879823,7.6883802,0.7344214
1705935777711,-0.5069722,7.474099,1.0791864
1705935777715,-0.36870706,7.406463,0.9588778
1705935777720,-0.1376666,7.302315,0.7553706
1705935777725,0.23163901,7.3849154,0.7769185
1705935777732,0.7224504,7.4429746,1.1797429
1705935777735,1.0576386,7.4046674,1.7328035
1705935777740,1.1719618,7.3627687,2.047641
1705935777745,0.93732995,7.608773,2.0530279
1705935777750,0.50397944,7.980473,1.8219875
1705935777757,-0.10414778,8.311471,1.347337
1705935777759,-0.59974754,8.374319,0.8218097
1705935777764,-0.97025025,8.340201,0.29628247
1705935777770,-1.2838906,8.389283,-0.036511578
1705935777773,-1.4975731,8.451532,-0.18854338
1705935777778,-1.5508442,8.677185,-0.22924481
1705935777783,-1.3994108,8.916606,-0.27952304
1705935777788,-1.0049661,9.12131,-0.41838676
1705935777792,-0.55246204,9.15842,-0.65242
1705935777797,-0.5327099,9.167996,-0.78649527
1705935777802,-0.8170213,9.264363,-1.0169371
1705935777808,-1.0552444,9.440337,-1.258153
1705935777814,-1.1815386,9.57561,-1.4688427
1705935777817,-1.2330139,9.645041,-1.5233108
1705935777822,-1.3239936,9.93893,-1.4251486
1705935777828,-1.4544775,10.432136,-1.4826094
1705935777833,-1.5227122,10.864887,-1.6543933
1705935777837,-1.4796166,11.217434,-1.821389
1705935777842,-1.4395138,11.511322,-1.9231426
1705935777848,-1.3796587,11.292253,-1.738789
1705935777855,-1.2868834,11.209652,-1.4454993
1705935777857,-1.2054806,11.444284,-1.1061212
1705935777863,-0.93373865,12.2637,-1.0720038
1705935777868,-0.4758476,12.531252,-0.7332243
1705935777872,-0.08678981,12.782643,-0.350152
1705935777877,0.18076223,12.938865,-0.05207389
1705935777882,0.25378537,12.621035,0.29029694
1705935777887,0.11192893,12.401965,0.47465047
1705935777892,0.044891283,12.476185,0.35194764
1705935777897,-0.007182605,12.375628,0.20410569
1705935777902,-0.08020575,11.673529,0.4417302
1705935777907,-0.17178397,10.998962,0.7954735
1705935777912,-0.39504328,10.330381,0.48243165
1705935777917,-0.6314707,9.837176,0.22804771
1705935777922,-0.729633,9.683349,0.32022446
1705935777927,-0.8230068,9.78989,0.2789245
1705935777933,-1.1366472,9.898827,0.5303157
1705935777937,-1.654992,9.579201,0.94810385
1705935777942,-2.136825,9.44752,1.1049241
1705935777948,-2.110489,9.326612,1.2294226
1705935777952,-2.0045455,9.139865,1.7010803
1705935777973,-2.0697873,8.585608,0.7404069
1705935777973,-2.2134395,8.067862,0.016759412
1705935777980,-2.3636756,7.6404963,-0.37110126
1705935777981,-2.5671828,7.406463,0.1436521
1705935777981,-2.6856956,7.4525514,0.3585317
1705935778012,-2.6713305,7.699154,0.47225627
1705935778013,-2.4672248,8.301894,0.52732295
1705935778013,-2.148796,8.871116,0.7589619
1705935778014,-1.6675615,9.21229,1.0779893
1705935778015,-1.1348516,9.735423,1.2551602
1705935778015,-0.5530606,10.187328,1.3305776
1705935778016,0.027533319,10.499771,1.4251486
1705935778017,0.5722142,10.90918,1.3994108
1705935778042,1.0151415,11.040861,1.2066777
1705935778042,1.3509283,10.910975,0.99060094
1705935778043,1.5448587,10.572795,0.6961141
1705935778043,1.6394296,10.1939125,0.16101007
1705935778044,1.8549078,10.019135,-0.44771573
1705935778055,2.2709002,9.5809965,-0.75118077
1705935778056,2.6150668,9.002797,-0.84934306
1705935778056,2.7168205,8.600571,-0.866701
1705935778117,2.556409,8.284536,-0.83497787
1705935778118,2.0871453,8.286332,-1.0139444
1705935778118,1.4502877,8.453926,-1.489792
1705935778119,0.6997054,8.67539,-2.079364
1705935778119,-0.0712275,8.90643,-2.7377696
1705935778120,-0.7386112,9.568427,-3.4087446
1705935778120,-1.388637,10.518925,-4.1623197
1705935778121,-2.0524294,11.376049,-4.820725
1705935778121,-2.5306711,12.013506,-5.291186
1705935778121,-2.5378537,12.10269,-5.2223525
1705935778122,-2.2307975,12.160151,-4.8404775
1705935778122,-1.8489223,11.994352,-4.0467997
1705935778123,-1.7890673,12.0889225,-3.323152
1705935778128,-1.4634558,11.6669445,-2.9897594
1705935778128,-0.92535895,10.891224,-2.7006595
1705935778138,-0.29388827,9.868899,-2.291251
1705935778143,0.3465607,8.913014,-1.6897079
1705935778144,0.7541735,8.176199,-1.0684125
1705935778148,1.0636241,7.8954787,-0.38606504
1705935778153,1.3581109,8.169615,0.6063316
1705935778158,1.620276,9.061455,1.769315
1705935778164,1.946486,10.272323,3.323152
1705935778168,2.3415294,11.038467,3.5901055
1705935778173,2.689287,10.979211,3.733159
1705935778179,2.8652608,10.387244,3.8564603
1705935778183,2.3810337,10.093954,4.0677485
1705935778188,1.3239936,10.068216,3.8444893
1705935778193,0.17238252,10.055049,3.41892
1705935778198,-0.78410107,10.062231,2.9227216
1705935778203,-1.4544775,10.121488,2.3409307
1705935778211,-1.6962919,10.128072,1.8794483
1705935778212,-1.6717514,9.564238,1.9339164
1705935778218,-1.6915035,9.965266,1.4580688
1705935778225,-1.3910311,10.177752,1.1492168
1705935778227,-0.78050977,10.222643,0.6278794
1705935778232,-0.15801731,10.052654,0.23343466
1705935778238,0.8098387,10.034698,-0.22325931
1705935778245,2.1703439,10.332177,-0.9091981
1705935778248,3.815759,10.878654,-1.6603789
1705935778253,5.2929816,11.900379,-2.3397336
1705935778259,7.1790137,12.043433,-3.7098155
1705935778263,8.128913,12.321759,-4.243124
1705935778268,7.802105,13.119627,-4.277241
1705935778273,7.104195,14.1108265,-4.2640734
1705935778279,6.2404866,14.8512335,-4.2898107
1705935778283,4.95899,15.514427,-3.9133227
1705935778288,3.5757403,15.649699,-3.2561142
1705935778294,2.0973208,15.614385,-2.6180596
1705935778297,0.81043726,15.38095,-1.6927006
1705935778303,0.81043726,15.38095,-1.6927006
1705935778312,-0.15382746,14.983513,-0.40761283
1705935778313,-0.7386112,14.615404,1.0181342
1705935778318,-1.1216835,14.055161,1.5652094
1705935778322,-1.1575965,13.336901,1.5795746
1705935778327,-0.8523358,12.681488,1.9057846
1705935778332,-0.49799395,11.923124,2.505532
1705935778337,-0.33039984,10.547057,3.0160956
1705935778383,-1.1935096,9.033323,2.2170308
1705935778384,-1.1935096,9.033323,2.2170308
1705935778384,-1.5915456,8.316858,1.5735891
1705935778385,-1.6035166,7.347805,1.4502877
1705935778385,-1.5586253,6.085462,1.3323733
1705935778385,-1.632247,5.1439424,1.30484
1705935778386,-1.9219455,4.5980644,0.90979666
1705935778386,-2.27928,4.4298716,0.29269117
1705935778387,-2.7234044,4.1659107,0.075417355
1705935778387,-2.6850972,3.6996403,-0.320823
1705935778391,-2.2816741,3.7104142,0.089184016
1705935778395,-1.7471687,3.8402996,0.29927522
1705935778400,-0.9223662,3.9911342,0.5847838
1705935778405,0.11192893,4.0294414,0.9935937
1705935778410,0.9247604,4.0144777,1.2958617
1705935778415,1.3341689,3.7523127,1.3144168
1705935778420,1.3024458,3.5811272,1.2306197
1705935778425,0.84814596,4.675876,1.3431472
1705935778431,0.55485624,5.501277,1.4209588
1705935778435,0.56443304,5.6640825,0.8882488
1705935778440,0.50278234,5.5964465,0.026934769
1705935778445,0.3549404,5.6604915,-0.973243
1705935778451,0.35194764,5.792771,-1.9081788
1705935778455,0.42197806,5.9980736,-2.8646624
1705935778461,0.4285621,6.0740895,-3.5996823
1705935778465,0.1921347,6.179435,-4.3400893
1705935778470,-0.074818805,5.8663926,-5.170877
1705935778475,-0.34835634,5.66947,-5.795165
1705935778481,-0.63206923,5.3396683,-6.0716953
1705935778486,-0.9780314,5.0427876,-5.7466826
1705935778490,-0.96067345,5.6545057,-5.2941785
1705935778495,-0.40222588,7.271789,-4.8542438
1705935778501,0.25079262,9.487623,-4.4993033
1705935778505,0.9307459,12.320562,-4.248511
1705935778511,0.99538934,13.700819,-3.9851487
1705935778516,0.59495914,13.582306,-3.615843
1705935778521,0.06943185,12.869432,-3.4464533
1705935778526,-0.54288524,12.370241,-3.3201592
1705935778531,-1.2934675,12.215217,-3.2435448
1705935778537,-1.8794483,12.528259,-2.930503
1705935778541,-1.9758149,12.679093,-2.391209
1705935778545,-1.6130934,12.591106,-1.578976
1705935778550,-1.0833763,12.240954,-0.8295909
1705935778555,-0.6404489,11.687894,-0.24420857
1705935778561,-0.5566519,11.23958,0.3309984
1705935778565,-0.59615624,10.694301,0.8146271
1705935778571,-0.2088941,9.867104,1.0013748
1705935778575,0.30825347,9.176975,1.2479776
1705935778582,0.7942764,8.494029,1.5891514
1705935778585,1.4059949,7.949348,1.9506758
1705935778590,1.9919758,7.3938932,2.2140381
1705935778595,2.2930467,7.2005615,2.5366566
1705935778600,2.954445,7.4016747,1.2964603
1705935778605,1.4083891,8.862736,1.0761937
1705935778610,-0.504578,9.772532,1.917157
1705935778615,-1.2012907,10.463859,0.8439561
1705935778625,-1.264737,11.121067,-0.7308301
1705935778629,-0.8439561,11.727399,-1.7004818
1705935778631,-0.58657944,12.1398,-2.2613235
1705935778636,-0.664391,12.914324,-2.5773582
1705935778639,-0.64463884,13.254899,-3.2202013
1705935778644,-0.12330139,12.650363,-3.7588966
1705935778648,0.96187055,11.3167925,-4.0222588
1705935778654,2.4115596,10.100538,-4.10845
1705935778659,3.7469256,9.255983,-3.933075
1705935778664,4.623802,8.666411,-3.5356374
1705935778669,5.2642508,8.013991,-2.8149827
1705935778673,5.6904187,7.2071457,-1.9985598
1705935778679,5.8119245,6.779182,-1.3162124
1705935778683,5.529409,6.8599863,-0.88166475
1705935778688,4.921282,6.9246297,-0.7320272
1705935778694,4.0803185,6.603807,-0.60573304
1705935778699,3.4123359,5.8813562,-0.62129533
1705935778703,3.2387564,4.5926776,-0.7206547
1705935778709,3.2249897,3.7834373,-1.0684125
1705935778713,3.3452983,3.90614,-1.0414777
1705935778719,3.4141316,4.6112323,-1.3688848
1705935778723,3.3740287,5.6724625,-1.8800468
1705935778728,3.5757403,6.5385647,-2.3307555
1705935778733,3.845088,7.3843164,-2.734777
1705935778738,4.1264067,7.941567,-3.288436
1705935778745,3.8420951,8.668806,-3.8367083
1705935778748,2.695871,9.1751795,-4.050989
1705935778753,1.0959458,9.147048,-4.0557775
1705935778759,-0.09696517,9.113529,-4.0252514
1705935778762,-0.24480712,9.948506,-3.6457705
1705935778768,0.55605334,12.598887,-3.6475663
1705935778772,0.7218518,15.487493,-3.5458126
1705935778778,0.20051439,17.537527,-4.023456
1705935778785,-0.6171055,18.054077,-4.5884876
1705935778786,-0.86729956,17.654844,-4.811148
1705935778792,0.15861586,15.170859,-4.4819455
1705935778797,1.2174516,12.196662,-3.8498764
1705935778802,2.2822728,10.576984,-2.9712043
1705935778808,3.8193502,9.642648,-2.1667526
1705935778812,5.461174,9.150639,-1.5263035
1705935778817,6.2339025,9.19134,-1.0462662
1705935778822,6.3392477,9.573814,-1.1671734
1705935778827,6.345233,9.841965,-1.1881226
1705935778832,6.3721676,9.944916,-1.328782
1705935778845,6.0746884,9.962274,-1.2216414
1705935778846,5.2618566,9.874287,-1.282095
1705935778848,4.483143,9.725247,-1.4945804
1705935778852,3.9121256,9.401431,-1.4742297
1705935778860,3.3357215,8.488642,-0.8798691
1705935778860,3.0933087,7.0706763,-0.3645172
1705935778865,3.316568,5.547365,0.15861586
1705935778870,3.7271736,4.2622776,0.39444473
1705935778877,4.1282024,3.3153708,1.0989386
1705935778880,4.6232033,2.6114755,1.3820529
1705935778885,5.127183,2.3427265,1.2240356
1705935778891,4.960786,3.0142999,1.3820529
1705935778895,4.0677485,4.047398,0.90740246
1705935778900,2.735974,5.2995653,0.27473465
1705935778904,1.2132617,6.0082493,-0.7356185
1705935778910,-0.31004912,7.0940194,-0.96785605
1705935778914,-1.5131354,8.397064,-1.0007763
1705935778921,-2.4941597,9.698911,-1.2384008
1705935778925,-3.3584664,10.482413,-1.8914193
1705935778930,-3.9175124,11.014524,-2.0290859
1705935778936,-4.150947,10.770915,-3.0639796
1705935778940,-3.2620997,8.930971,-5.2486887
1705935778945,-2.373851,9.173384,-2.0500352
1705935778950,-2.0326772,10.567408,0.35254622
1705935778954,-1.435324,11.605294,0.56084174
1705935778960,-0.30885202,13.066356,-0.0047884034
1705935778965,0.5919664,14.384962,-0.79726917
1705935778970,0.8535329,13.612234,-2.190096
1705935778975,0.23403321,12.211626,-1.2084733
1705935778981,0.23403321,12.211626,-1.2084733
1705935778985,2.6420016,11.233594,-0.6099229
1705935778990,4.027047,11.591528,0.47764325
1705935778995,3.9199066,12.497134,2.56419
1705935779000,2.973,13.280038,3.7355533
1705935779005,1.6950948,13.27944,3.6463692
1705935779009,0.1945289,13.022063,2.5498247
1705935779014,-1.5867572,12.646772,0.97623575
1705935779019,-3.4877534,12.25113,-0.38367084
1705935779024,-4.8919525,11.671733,-0.9175778
1705935779029,-5.6563015,11.289858,-1.0947487
1705935779034,-5.768829,11.344925,-0.9564836
1705935779039,-4.469376,10.91756,-0.87687635
1705935779044,-1.9333179,11.133636,-0.5650316
1705935779049,-0.8726865,10.455479,-2.0829554
1705935779054,-1.9782091,9.338584,2.5264814
1705935779059,-1.7944542,9.073426,4.83928
1705935779065,-0.8619126,8.885481,4.396353
1705935779068,-0.3226187,8.599374,3.513491
1705935779074,-0.29807812,7.785944,2.0278888
1705935779079,-0.21667525,6.7666125,0.3866636
1705935779086,-0.27832595,6.180033,-0.17058687
1705935779088,-0.13946225,3.8031895,-3.2154129
1705935779094,0.60094464,0.3800795,-4.1683054
1705935779099,1.4209588,0.7320272,-3.3883939
1705935779103,1.8680758,3.1411927,-1.2030864
1705935779109,1.851915,6.6588736,-0.17896658
1705935779115,1.7890673,10.729016,-0.13467385
1705935779118,0.9756372,15.379154,0.557849
1705935779125,1.6777369,19.057846,2.4013844
1705935779127,3.799598,18.914791,5.9861026
1705935779133,4.4400473,17.786524,5.489306
1705935779139,3.6343982,16.391901,1.7322049
1705935779146,0.4866215,16.102203,-0.59376204
1705935779148,-2.878429,16.347609,-1.4143747
1705935779153,-4.8021703,16.38053,-1.7124528
1705935779158,-5.2852,16.089634,-1.8507179
1705935779163,-5.116409,15.506047,-1.8596961
1705935779168,-5.01286,14.247894,-1.1845313
1705935779173,-5.0451818,12.9963255,-0.32800564
1705935779178,-4.8015714,11.541249,0.41838676
1705935779185,-4.598663,8.786121,1.2779051
1705935779187,-3.0370448,6.899491,0.33877954
1705935779193,-0.9516952,5.125387,-0.6901286
1705935779199,0.38187516,3.9085343,-0.6799533
1705935779203,0.79846627,3.6649241,-0.0023942017
1705935779208,2.36188,1.7160441,-0.8912416
1705935779213,5.5623293,-1.086369,-1.1653777
1705935779219,7.00304,0.4914099,-0.52971715
1705935779223,5.1996074,4.876989,0.31423897
1705935779229,2.415151,8.46889,1.039682
1705935779233,0.130484,10.208278,1.5765818
1705935779238,-0.997185,10.361506,1.9871874
1705935779243,-1.4622587,9.937733,2.0775685
1705935779250,-1.988983,9.888652,1.9710265
1705935779251,-2.3295584,9.803059,1.3192052
1705935779257,-2.7162218,10.3770685,0.23882163
1705935779262,-2.903568,10.884041,-1.5340848
1705935779268,-2.5983074,10.478823,-3.3859997
1705935779275,-1.7082629,9.89344,-4.7004166
1705935779276,-0.42796355,9.376292,-4.805163
1705935779283,0.9175778,9.236232,-3.9755719
1705935779285,2.1428106,9.475053,-2.8622682
1705935779300,3.116652,10.060435,-1.8632874
1705935779301,4.1012673,10.563816,-1.1174936
1705935779302,5.410896,11.09114,-0.19512744
1705935779306,6.0184245,11.674128,0.9475053
1705935779317,4.72376,11.68969,1.9632454
1705935779317,3.074155,11.386824,2.5067291
1705935779321,2.207454,10.841544,2.7192147
1705935779328,2.0398598,9.815628,1.7723078
1705935779331,2.166154,8.747814,-0.35913026
1705935779337,1.9231426,8.167819,-2.348712
1705935779341,1.4873978,7.937377,-3.1639376
1705935779351,1.2150574,7.6865845,-2.9340942
1705935779352,1.365892,7.40766,-2.1188686
1705935779361,1.769315,7.1664443,-1.2018893
1705935779362,2.0003555,7.091625,-0.3609259
1705935779366,1.951873,7.057508,0.3812766
1705935779378,1.6250644,7.1251445,0.74519527
1705935779379,1.3072342,7.0904284,0.7302315
1705935779380,1.0887632,7.1448965,0.7553706
1705935779386,0.99538934,7.3232646,0.8702923
1705935779391,0.9804256,6.587646,0.9588778
1705935779395,0.94690675,5.1541176,1.2443863
1705935779401,0.8463503,5.0332108,1.5855601
1705935779405,0.8403648,5.4940944,1.5610195
1705935779410,1.1162965,6.595427,0.6003461
1705935779415,1.4850036,8.150461,-0.521936
1705935779420,1.5370775,9.768942,-1.1013328
1705935779425,1.4143747,10.998962,-1.1821371
1705935779430,1.2384008,11.54065,-1.1893197
1705935779435,1.0600328,11.429919,-1.1911154
1705935779440,0.94930094,10.387244,-1.2515689
1705935779445,0.8738836,9.67856,-0.93613285
1705935779450,0.7386112,9.072827,-0.39683893
1705935779456,0.9367314,7.996035,0.08379706
1705935779461,1.1546037,6.8426285,0.35434186
1705935779464,1.2940661,6.359598,0.64703304
1705935779480,1.1665748,6.8426285,0.7727286
1705935779480,0.7733272,7.590218,0.55605334
1705935779481,0.6500258,7.7967176,-0.0047884034
1705935779483,1.043872,7.6093717,-0.76075757
1705935779615,1.0468647,7.5507135,-0.20590134
1705935779615,0.8888474,7.819463,0.623091
1705935779615,0.9600749,7.8027034,0.91458505
1705935779615,1.0785879,7.606379,0.7158663
1705935779616,1.0007763,7.7931266,0.5542577
1705935779616,0.6488287,8.649054,0.24241292
1705935779616,0.33279404,9.643845,-0.3597288
1705935779616,0.130484,10.565612,-1.039682
1705935779616,-0.015562311,11.567586,-1.6106992
1705935779617,-0.21308395,12.650363,-2.2062569
1705935779619,-0.6841431,14.407707,-2.9454668
1705935779619,-1.2509704,16.33444,-3.6128504
1705935779620,-2.2415714,17.907433,-4.0372224
1705935779620,-3.2435448,18.623896,-3.7493198
1705935779620,-4.020463,18.617311,-3.1854854
1705935779621,-4.473566,18.362928,-2.3702598
1705935779622,-3.453636,15.350424,-1.4191631
1705935779622,-2.3373394,13.554773,-0.9307459
1705935779623,-1.192911,12.588114,-0.93014735
1705935779623,-0.54887074,12.3115835,-0.7368156
1705935779623,-0.46148238,12.516288,-0.43514615
1705935779624,-0.5177461,12.54442,0.06823475
1705935779624,-0.6895301,12.501324,0.39085343
1705935779624,-0.7128736,12.265495,0.40581718
1705935779625,-0.53809685,11.990162,0.16998832
1705935779625,-0.23523031,11.647193,0.005985504
1705935779626,0.2172738,11.18571,-0.04070143
1705935779626,0.6434417,10.876859,-0.40821138
1705935779627,0.2885013,10.842741,-0.44472298
1705935779631,0.2885013,10.842741,-0.44472298
1705935779663,0.28311434,9.479243,-0.37349546
1705935779663,0.57520694,8.5383215,-0.47345337
1705935779663,1.073201,7.135918,-0.43155485
1705935779664,1.4628572,6.427833,-0.50876784
1705935779664,1.6394296,6.259042,-0.46327803
1705935779664,1.5011644,6.2644286,-0.32680854
1705935779666,1.2659341,6.435614,-0.11372458
1705935779670,2.1410148,5.0637364,0.017956512
1705935779675,3.4715924,4.3143516,0.37588966
1705935779680,3.0370448,6.0663085,0.7613561
1705935779685,1.8297687,8.054693,0.09636662
1705935779690,0.8619126,9.422979,-1.1061212
1705935779695,0.30286652,10.097546,-2.03148
1705935779700,0.1316811,10.412383,-2.4349031
1705935779705,0.16101007,10.677541,-2.3714569
1705935779710,0.2705448,10.864887,-2.1068976
1705935779715,0.28491,11.107899,-1.7525556
1705935779720,0.17537527,11.3640785,-1.3928268
1705935779725,-0.1364695,11.510723,-0.9888053
1705935779730,-0.36511576,11.42094,-0.62967503
1705935779735,-0.19572599,11.079767,-0.46028528
1705935779740,-0.05686229,10.625467,-0.33877954
1705935779746,-0.02813187,10.096947,-0.18076223
1705935779750,0.06344634,9.730635,-0.022744916
1705935779757,0.12569559,9.461287,0.15861586
1705935779759,0.12808979,9.148843,0.2861071
1705935779765,0.22445641,9.003994,0.28431144
1705935779769,0.29927522,8.93935,-0.08379706
1705935779777,0.40821138,8.921394,-0.6937199
1705935779780,0.61112,8.938153,-1.3317747
1705935779785,0.83617496,9.072228,-1.7100586
1705935779789,1.0378864,9.214086,-1.9608512
1705935779795,1.1468226,9.415198,-2.0213048
1705935779800,1.2898762,9.520543,-1.8381484
1705935779804,1.489792,9.637859,-1.6406267
1705935779810,1.6466122,9.888053,-1.6891093
1705935779814,1.6663644,10.14543,-1.8842367
1705935779819,1.4550761,10.346542,-2.3517046
1705935779825,1.1552023,10.315418,-3.163339
1705935779829,1.0540473,9.935339,-3.4715924
1705935779834,0.90141696,9.68275,-3.079542
1705935779840,0.866701,9.483433,-2.4522612
1705935779844,0.82240826,9.257181,-1.1851299
1705935779850,0.7074866,9.099164,0.017357962
1705935779854,0.60333884,8.992621,0.82121116
1705935779859,0.53091425,8.921394,1.1109096
1705935779866,0.6374562,8.844181,0.9259575
1705935779868,0.89662856,8.91062,0.5279215
1705935779873,0.93373865,9.126697,0.006584055
1705935779878,1.003769,9.20391,-0.3728969
1705935779883,1.0552444,9.305065,-0.5554548
1705935779888,0.82719666,9.51755,-0.7649474
1705935779893,0.37708676,9.750985,-0.94451255
1705935779901,-0.12988544,9.909601,-1.1911154
1705935779908,-0.9498995,9.850345,-1.1623849
1705935779909,-2.2469583,9.697714,-1.9740193
1705935779914,-0.62009823,9.61272,-1.6741456
1705935779919,-0.34356794,9.8754835,-1.7848774
1705935779923,-0.3286042,9.689334,-1.5131354
1705935779929,-0.39683893,9.594165,-1.0462662
1705935779933,-0.3561375,9.54209,-0.85473
1705935779939,-0.14963761,9.398438,-0.8062474
1705935779944,0.073621705,9.277532,-0.760159
1705935779953,0.26874915,9.232041,-0.7086837
1705935779954,0.5081693,9.163208,-0.58657944
1705935779959,0.7380127,9.0794115,-0.4818331
1705935779963,0.7667431,8.978855,-0.66379243
1705935779968,0.80205756,8.68796,-1.3485341
1705935779973,0.9032126,8.252214,-1.1749545
1705935779978,0.9636662,8.012196,-0.7386112
1705935779996,0.8858546,8.032547,-0.32441434
1705935779996,0.75836337,8.182783,-0.1945289
1705935779997,0.6727707,8.356362,-0.14544775
1705935779998,0.65421563,8.528147,-0.2669535
1705935780028,0.6877344,8.826823,-0.42317516
1705935780029,0.6841431,9.295488,-0.39025488
1705935780029,0.8110358,9.668983,-0.60812724
1705935780029,0.8086416,10.21127,-0.5967548
1705935780030,0.90381116,10.510546,-1.1079168
1705935780030,0.75357497,11.087548,-1.2108675
1705935780058,0.6452374,11.468226,-1.2731167
1705935780058,0.6925228,11.447277,-1.388637
1705935780059,0.8343793,11.149797,-1.3545196
1705935780059,0.96905315,10.697892,-1.3479356
1705935780059,1.1468226,10.3692875,-1.1414356
1705935780060,1.2378023,10.212467,-0.82240826
1705935780105,1.2348095,10.108918,-0.6302736
1705935780106,1.1240777,9.988609,-0.6392518
1705935780107,0.93254155,9.846154,-0.5057751
1705935780107,1.0582372,9.804854,-0.52492875
1705935780107,1.0845734,9.766547,-0.45010993
1705935780108,0.878672,9.854534,-0.3537433
1705935780108,0.8146271,9.894637,-0.4961983
1705935780108,0.7116765,9.94312,-0.42676646
1705935780108,0.8523358,9.961675,-0.43275195
1705935780109,0.93852705,9.916783,-0.2896984
1705935780113,0.8984242,9.97185,-0.1400608
1705935780123,1.0360907,9.948506,-0.12509704
1705935780123,1.0193313,9.901221,0.06464344
1705935780125,1.0450691,9.956287,0.16639702
1705935780142,1.0989386,10.012551,0.04369418
1705935780143,1.146224,10.033501,-0.22804771
1705935780143,1.0229226,10.043676,-0.4249708
1705935780147,0.90381116,10.056845,-0.676362
1705935780156,0.7308301,9.988609,-0.87328506
1705935780156,0.46387658,10.068216,-0.9576807
1705935780162,0.26396075,10.26514,-1.0187328
1705935780165,0.17178397,10.327389,-1.0366893
1705935780171,0.16699557,10.156802,-0.9768343
1705935780175,0.18255788,9.96766,-0.931943
1705935780182,0.1388637,9.927557,-0.8750807
1705935780185,0.0712275,10.078392,-0.97144735
1705935780190,-0.05327099,10.247183,-0.93852705
1705935780196,-0.13108255,10.198102,-0.985214
1705935780200,-0.16759412,9.978435,-0.93134445
1705935780204,-0.11911154,9.812037,-0.97025025
1705935780209,0.10295067,9.631275,-0.89423436
1705935780214,0.43394905,9.436148,-0.80804306
1705935780220,0.7332243,9.283517,-0.5793968
1705935780224,1.0773908,9.19553,-0.32561144
1705935780230,1.6328455,9.258977,-0.08319851
1705935780235,4.2299557,10.172364,0.6326678
1705935780240,2.8880057,10.42615,1.2401965
1705935780249,1.1851299,9.865907,0.48123455
1705935780250,0.36272156,9.392453,-0.6787562
1705935780254,0.26635495,9.275736,-0.82001406
1705935780260,0.45549688,9.285912,-0.57879823
1705935780263,0.6925228,9.351752,-0.5518635
1705935780269,0.98341835,9.489418,-0.47105917
1705935780274,1.1731589,9.650429,-0.30047232
1705935780278,1.2210429,9.749788,-0.3633201
1705935780283,1.2210429,9.749788,-0.3633201
1705935780288,1.1378443,9.767146,-0.5770026
1705935780294,0.98820674,9.704298,-0.9235633
1705935780299,0.44352585,9.818023,-0.6039374
1705935780303,0.44352585,9.818023,-0.6039374
1705935780308,0.52852005,9.564836,-0.7110779
1705935780313,0.7505822,9.372701,-0.5033809
1705935780319,0.9696517,9.223662,-0.5494693
1705935780323,1.1857284,9.084799,-0.5662287
1705935780328,1.5699978,9.037513,-0.5554548
1705935780334,2.319383,8.958505,-0.4297592
1705935780338,2.7389667,9.018359,-0.55605334
1705935780348,2.3289597,9.478644,-0.8936358
1705935780348,1.87047,9.941922,-1.0073603
1705935780352,1.5873557,10.356119,-0.55844754
1705935780358,1.5939398,10.575788,-0.01616086
1705935780365,1.6130934,10.648212,0.2801216
1705935780367,1.6262615,10.5919485,0.30526072
1705935780373,1.3156139,10.612299,0.22325931
1705935780380,0.78410107,10.564415,0.108337626
1705935780382,0.37948096,10.371682,-0.050876785
1705935780387,0.19153613,10.259753,-0.10115502
1705935780396,0.095768064,10.278308,-0.142455
1705935780397,0.008978256,10.412982,-0.45968673
1705935780402,-5.985504E-4,10.447099,-0.59974754
1705935780407,0.031124622,10.483611,-0.45070848
1705935780415,0.20590134,10.653599,0.0688333
1705935780417,0.3633201,10.933721,0.5231331
1705935780423,0.25318682,11.344326,0.34955344
1705935780429,0.036511578,11.58674,0.0053869537
1705935780431,0.050278235,11.616068,-0.44232875
1705935780437,0.2124854,11.428721,-0.80924016
1705935780441,0.26755205,11.320983,-0.99060094
1705935780447,0.5506664,12.477382,-0.7272388
1705935780451,1.3940239,12.486361,-0.48602295
1705935780457,2.3343468,11.273697,-0.55126494
1705935780461,2.7383683,11.699865,-0.48482585
1705935780466,2.8724434,12.729372,-0.28072014
1705935780471,2.8652608,12.95323,-0.40581718
1705935780478,2.7180176,12.7730665,-0.37229836
1705935780481,2.2331917,12.685678,-0.25737667
1705935780486,1.5711949,12.830527,-0.3226187
1705935780492,0.83617496,12.991537,-0.85173726
1705935780496,0.26874915,12.986749,-1.560421
1705935780501,-0.17956513,12.811374,-2.0308816
1705935780506,-0.65182143,12.414535,-2.1428106
1705935780512,-0.75118077,12.110471,-1.9578584
1705935780516,-0.40282443,11.959038,-1.738789
1705935780521,0.0664391,11.671733,-1.5304934
1705935780526,0.47105917,11.426927,-1.228824
1705935780531,0.79128367,11.11149,-0.8242039
1705935780536,0.9487024,10.776301,-0.29448682
1705935780540,1.0690111,10.66557,-0.062249243
1705935780546,1.1947067,10.681731,0.4201824
1705935780550,1.264737,10.817003,0.6679823
1705935780556,1.3024458,10.704475,0.9828198
1705935780562,1.5101427,10.6954975,1.2868834
1705935780565,1.804031,10.65719,1.6011224
1705935780570,1.8896236,10.425551,1.3497312
1705935780575,1.8447324,10.092158,1.1779473
1705935780580,1.9021933,9.850943,1.1659763
1705935780585,2.0979192,9.709685,1.1228806
1705935780590,2.2864625,9.883863,1.2312182
1705935780595,2.3062148,10.38904,1.3694834
1705935780600,2.4019828,10.915764,1.7172412
1705935780605,2.712032,11.501146,2.1733365
1705935780610,3.365649,12.203845,3.1226375
1705935780615,3.4476504,13.613431,3.5350387
1705935780620,3.470994,14.335881,3.6613328
1705935780627,2.9706059,15.0583315,3.41892
1705935780630,2.509722,15.179238,2.8939912
1705935780635,2.3989902,15.156494,2.0015526
1705935780640,2.384625,14.429853,0.7398083
1705935780645,2.1440077,14.222755,-0.42796355
1705935780650,2.0350714,13.758879,-0.90500826
1705935780655,2.223615,13.13459,-0.3333926
1705935780660,2.553416,12.520478,0.5315128
1705935780665,2.2409728,12.185289,0.2896984
1705935780669,2.3546975,12.126632,-0.45130703
1705935780675,2.3253684,12.747329,-0.7308301
1705935780679,1.8842367,13.929465,-0.50757074
1705935780684,1.5071499,14.957775,-1.1252748
1705935780689,1.1091139,15.584457,-1.3790601
1705935780695,0.2861071,16.129736,-2.4091654
1705935780700,-0.74639237,16.443377,-3.9953241
1705935780704,-1.7381904,16.676811,-4.533421
1705935780709,-2.0638018,16.584635,-4.0222588
1705935780715,-2.404377,16.371552,-2.8856115
1705935780719,-2.1823149,15.370775,-2.3439236
1705935780730,-4.678869,12.0170965,-7.197569
1705935780730,-3.37762,11.437101,-6.1489086
1705935780735,-3.4344823,11.248558,-5.6886234
1705935780739,-4.706402,10.770915,-5.9280434
1705935780744,-5.6060233,10.732009,-5.1080294
1705935780749,-6.869563,10.50875,-5.01705
1705935780754,-7.7703815,10.526108,-4.4819455
1705935780760,-8.800487,10.350134,-4.158728
1705935780763,-9.317635,9.767744,-3.6020765
1705935780769,-9.025542,8.8884735,-2.7611132
1705935780774,-8.416218,7.902063,-1.9686323
1705935780785,-7.852383,6.9569516,-1.2707225
1705935780785,-8.015787,5.607819,-1.7004818
1705935780788,-8.175002,4.2981906,-2.2415714
1705935780793,-6.923433,4.1102457,-0.4141969
1705935780803,-6.343437,3.697246,0.8559271
1705935780803,-6.0291986,3.1609447,1.4251486
1705935780810,-5.8023477,3.0639796,1.3030443
1705935780812,-5.6616883,3.3488896,1.1378443
1705935780818,-6.019622,3.8881836,1.1139023
1705935780826,-6.8749504,5.021838,0.7679402
1705935780828,-7.8266454,6.569091,-0.1376666
1705935780833,-8.57184,7.85777,-1.1049241
1705935780838,-9.012972,8.599374,-1.6867151
1705935780843,-8.910022,8.636484,-1.7435774
1705935780848,-8.580819,8.098986,-1.4197617
1705935780853,-8.313866,7.3208704,-0.92655605
1705935780857,-7.961319,6.301539,-0.08319851
1705935780869,-7.3867106,5.105635,1.1474211
1705935780869,-6.673837,3.8468835,2.348712
1705935780872,-6.063316,2.705448,3.0376434
1705935780877,-5.6281695,1.91596,3.3626564
1705935780883,-5.257068,1.436521,3.515885
1705935780886,-4.9164934,1.2000936,3.7732618
1705935780893,-4.585495,1.0528502,4.26527
1705935780896,-4.358644,0.95468795,4.4262805
1705935780901,-4.3658266,0.90381116,4.009091
1705935780908,-4.68665,0.95109665,3.3033998
1705935780911,-5.3845596,1.1923125,2.8101943
1705935780916,-6.4505777,1.839944,2.6485856
1705935780921,-7.4028716,2.8257565,2.8191724
1705935780926,-7.7266874,4.0264487,3.043629
1705935780932,-7.5171947,5.060744,2.4277205
1705935780936,-7.5171947,5.060744,2.4277205
1705935780943,-7.2023573,5.9364233,1.1007342
1705935780946,-6.8091097,6.5565214,-0.28909984
1705935780952,-5.3875523,5.7029886,1.7136499
1705935780956,-4.8422728,4.9877205,1.2988545
1705935780961,-5.522825,5.8705826,-0.9516952
1705935780966,-5.4940944,6.531382,-1.7142484
1705935780971,-4.7141833,5.8532248,-0.4782418
1705935780976,-4.4304705,5.0517654,0.635062
1705935780981,-4.5220485,4.606444,1.4502877
1705935780986,-4.5058875,4.1623197,2.747945
1705935780993,-4.4322658,3.6020765,3.8474822
1705935780996,-4.4280763,3.0095115,3.9995139
1705935781001,-4.396951,2.528277,3.9133227
1705935781006,-4.4047327,2.2260091,4.0827127
1705935781011,-4.602853,2.1948843,4.3897686
1705935781015,-4.9200845,2.5121162,4.334702
1705935781021,-5.043386,2.8616695,4.4262805
1705935781026,-5.503671,3.6846764,4.143166
1705935781031,-5.929839,4.5118732,3.5488055
1705935781036,-6.091448,5.0918684,2.9520507
1705935781041,-5.403713,4.50888,3.2842462
1705935781046,-5.209184,4.3598413,3.976769
1705935781051,-5.1547165,4.301782,4.6896424
1705935781056,-6.0645127,5.1265845,3.6583402
1705935781061,-7.3873096,6.4152637,2.0739772
1705935781065,-8.095993,7.197569,1.0803835
1705935781080,-7.7350674,7.008427,1.009156
1705935781080,-6.994062,6.3422403,1.6627731
1705935781081,-6.546346,5.875371,2.8089972
1705935781086,-6.203377,5.713164,4.0264487
1705935781090,-5.525219,5.547964,5.204396
1705935781099,-4.9901147,5.492897,5.6305637
1705935781100,-4.7536874,5.6706667,5.6784477
1705935781104,-4.7081976,5.9064956,5.7454853
1705935781109,-4.857237,6.1369376,5.7586536
1705935781114,-4.581305,6.861782,4.2610803
1705935781119,-3.679888,8.023568,2.5234885
1705935781123,-3.2986114,7.7608047,3.9414546
1705935781129,-3.043629,7.7386584,5.1397524
1705935781134,-3.0017304,7.3729444,6.6947865
1705935781140,-3.0418332,6.703166,7.597999
1705935781144,-2.9508536,5.8945246,7.9272017
1705935781149,-2.7473464,5.2594624,8.216302
1705935781153,-2.7281928,4.9218802,7.330447
1705935781158,-2.9233203,4.8638206,6.2392898
1705935781163,-3.4901476,4.915296,5.273828
1705935781169,-4.1413703,4.808754,4.4843397
1705935781173,-4.7937903,4.2251673,4.1557355
1705935781178,-5.1678843,3.4781766,4.4885297
1705935781183,-5.145139,3.2321723,5.0403934
1705935781189,-5.0541596,3.2028434,5.7179523
1705935781193,-5.221155,3.6314054,5.777209
1705935781198,-5.3444567,4.3305125,5.6898203
1705935781203,-5.2594624,5.2528787,5.7305217
1705935781209,-5.8364654,6.5122285,5.1223946
1705935781212,-6.587646,8.024167,4.871003
1705935781218,-7.2209125,9.258378,5.819107
1705935781223,-7.3729444,9.759365,6.6445084
1705935781228,-6.8988924,9.610326,7.3178773
1705935781232,-6.1040173,9.02614,7.654263
1705935781239,-5.2421045,7.937976,7.4327993
1705935781242,-5.0439844,7.0251865,7.2089415
1705935781248,-5.298967,6.6624646,7.343615
1705935781252,-5.4821234,6.4326215,7.349601
1705935781257,-5.580884,6.129755,7.0730705
1705935781262,-5.7083755,6.1117983,6.132149
1705935781267,-5.971139,5.7383027,4.835689
1705935781272,-6.1004257,5.4845176,4.594473
1705935781277,-6.211158,5.492897,4.6806645
1705935781282,-6.297349,5.5084596,4.7459064
1705935781288,-6.3907228,5.368997,4.950012
1705935781291,-6.5655,5.286996,5.6221843
1705935781297,-6.517616,5.1690817,6.9330096
1705935781302,-6.2446766,5.0493712,7.0844426
1705935781307,-5.878962,5.145738,6.5565214
1705935781312,-5.629367,5.4563856,6.193201
1705935781317,-5.489306,5.8885393,6.1279593
1705935781323,-5.5060654,6.1507044,6.4727244
1705935781327,-5.451597,6.0465565,7.140108
1705935781332,-5.1642933,5.6826377,7.6692266
1705935781337,-4.980538,5.4683566,7.7368627
1705935781342,-5.0104656,5.4641666,7.0994067
1705935781347,-5.216367,5.6323595,6.2925606
1705935781352,-5.4402246,5.873575,5.6018333
1705935781358,-4.630386,5.7909756,5.8825536
1705935781363,-4.999093,6.463746,6.4427967
1705935781368,-5.1810527,5.9837084,5.024831
1705935781372,-4.5220485,4.9943047,4.2904096
1705935781377,-5.1768627,5.7987566,4.8853683
1705935781382,-5.595249,6.8450227,2.3122003
1705935781387,-5.866991,6.2913637,2.8909986
1705935781391,-6.405088,6.0363812,4.2700586
1705935781397,-6.588843,6.2339025,4.915296
1705935781401,-6.9264255,6.295553,5.281609
1705935781407,-7.559692,6.2368956,5.3276973
1705935781411,-7.033566,5.8933277,5.368997
1705935781416,-6.493075,5.3145294,6.2524576
1705935781421,-5.9142766,4.7099934,6.625355
1705935781428,-5.2822075,4.174889,6.6325374
1705935781431,-4.675277,4.1701007,6.9461775
1705935781438,-4.3526587,4.932654,6.611588
1705935781441,-4.1479545,5.801749,6.169259
1705935781446,-4.1162314,6.405687,6.10282
1705935781451,-4.267066,6.6959834,6.4745197
1705935781455,-4.594473,6.731298,6.479308
1705935781461,-5.805939,6.3703723,6.287772
1705935781466,-6.579865,6.2003837,5.6856303
1705935781471,-6.706159,6.2650275,6.0250087
1705935781476,-6.566098,6.341043,6.302736
1705935781481,-6.5164185,6.2781954,6.199785
1705935781486,-6.495469,6.1596823,5.8604074
1705935781491,-6.39192,5.997475,5.518635
1705935781496,-6.2327056,5.60722,4.84766
1705935781501,-5.8903346,5.351041,4.573524
1705935781506,-5.9627595,5.0463786,4.5178585
1705935781510,-6.2404866,4.466982,3.6493618
1705935781515,-6.015432,4.9536033,3.465607
1705935781521,-6.196194,5.6138043,3.6768951
1705935781526,-6.6469026,6.14412,4.1144357
1705935781530,-7.006033,6.1884127,4.9901147
1705935781535,-6.8480153,5.746084,5.7263317
1705935781540,-6.2620344,5.3516393,6.491878
1705935781545,-5.5312047,5.213374,7.303512
1705935781550,-4.9105077,5.1930237,8.254609
1705935781556,-4.4897265,5.0026846,8.439561
1705935781559,-4.317344,4.8775873,9.061455
1705935781565,-4.020463,4.8398786,9.395446
1705935781570,-4.0815153,5.020641,9.077017
1705935781574,-4.276643,5.370793,8.394072
1705935781579,-4.5016975,5.6305637,7.724293
1705935781584,-4.7602715,5.8262897,7.2029557
1705935781589,-4.7602715,5.8262897,7.2029557
1705935781594,-4.9188876,5.951387,6.8408327
1705935781599,-5.0362034,5.893926,6.673837
1705935781606,-5.1517234,5.740697,6.992266
1705935781609,-5.3265004,5.48332,7.5363483
1705935781614,-5.595848,5.48332,7.9511437
1705935781620,-5.9304376,5.467758,7.915829
1705935781624,-6.1836243,5.522825,7.7943234
1705935781628,-6.3063273,5.651513,7.837419
1705935781634,-6.3643866,5.645528,7.6865845
1705935781639,-6.4146647,5.509058,7.282563
1705935781644,-6.3991027,5.45459,6.8719573
1705935781649,-6.408081,5.490503,6.655282
1705935781653,-6.4230447,5.513248,6.5044475
1705935781660,-6.4404025,5.5431757,6.0543375
1705935781664,-6.479907,5.6646814,5.567716
1705935781670,-6.4607534,5.829881,5.1882353
1705935781675,-6.4032927,5.9585695,5.0930657
1705935781679,-6.3781533,6.0465565,5.133767
1705935781686,-6.355408,6.049549,5.1289787
1705935781690,-6.2991447,5.9837084,4.983531
1705935781693,-6.157887,5.993884,4.887164
1705935781699,-6.0645127,6.0704985,4.9158945
1705935781705,-5.9346275,6.0172276,5.056554
1705935781709,-5.7454853,5.9873,5.37199
1705935781719,-5.6802435,5.8759694,5.5617304
1705935781725,-5.6066217,5.6682725,5.7107697
1705935781726,-5.337274,5.358822,5.732916
1705935781728,-5.337274,5.358822,5.732916
1705935781736,-5.2678423,5.285799,5.668871
1705935781737,-5.273828,5.2409077,5.57849
1705935781743,-5.466561,5.377377,5.677251
1705935781748,-5.645528,5.1780596,5.620987
1705935781753,-5.889736,5.1678843,5.683236
1705935781758,-6.139332,5.4300494,5.6521115
1705935781763,-6.341642,5.8041434,5.671265
1705935781768,-6.451775,5.9005103,5.449203
1705935781773,-6.530185,5.810129,5.071518
1705935781777,-6.491279,5.779603,4.8021703
1705935781783,-6.4421983,5.909488,4.6818614
1705935781788,-6.371569,6.033388,4.6722846
1705935781793,-6.305729,6.078878,4.6830587
1705935781798,-6.2165446,6.043564,4.7375264
1705935781803,-5.9890957,5.9771247,4.9302597
1705935781808,-5.7466826,5.9388175,5.08708
1705935781813,-5.583877,5.897517,5.2181625
1705935781819,-5.4863133,5.7670336,5.2439003
1705935781823,-5.400122,5.6670756,5.354632
1705935781828,-5.395334,5.609016,5.535993
1705935781832,-5.4725466,5.575497,5.725135
1705935781838,-5.556942,5.5497594,5.856816
1705935781843,-5.6766524,5.6084175,5.841852
1705935781850,-5.7879825,5.683236,5.8586116
1705935781851,-5.931036,5.7418942,5.8574142
1705935781858,-6.1387334,5.8508306,6.011242
1705935781862,-6.3009405,5.6946087,5.952584
1705935781868,-6.4242415,5.6539073,5.7706246
1705935781892,-6.467337,5.7604494,5.544971
1705935781893,-6.5487404,5.81372,5.4282537
1705935781902,-6.523601,5.7670336,5.451597
1705935781902,-6.365584,5.7263317,5.461174
1705935781903,-6.202778,5.7143607,5.307347
1705935781904,-6.005855,5.5982423,4.9146976
1705935781905,-5.847239,5.351041,4.3777976
1705935781905,-5.7843914,5.237316,4.0372224
1705935781910,-5.683835,5.3444567,4.2143936
1705935781916,-5.6826377,5.503671,4.781221
1705935781921,-5.74369,5.605425,5.185841
1705935781925,-5.905897,5.6640825,5.1583076
1705935781930,-6.0728927,5.7442884,4.979341
1705935781935,-6.178836,5.8185086,4.755483
1705935781940,-6.2195373,5.7628436,4.7764325
1705935781945,-6.38773,5.66109,4.9984946
1705935781950,-6.736685,5.705383,5.032612
1705935781955,-7.1885905,5.8891377,5.0038815
1705935781961,-7.6243353,6.1195793,4.9781437
1705935781965,-7.9565306,6.342839,4.9518075
1705935781972,-8.145673,6.4858923,4.945224
1705935781975,-8.136695,6.5601125,4.945224
1705935781980,-7.924209,6.5427547,4.9972973
1705935781985,-7.645883,6.4840965,5.16549
1705935781991,-7.4004774,6.459556,5.4779334
1705935782014,-7.2143283,6.4840965,5.687426
1705935782015,-7.079654,6.545149,5.6257753
1705935782015,-6.947375,6.473323,5.463568
1705935782016,-6.795343,6.333262,5.4593782
1705935782019,-6.587646,6.1501055,5.5431757
1705935782020,-6.363788,6.001665,5.5341973
1705935782026,-6.2650275,5.981913,5.5443726
1705935782039,-6.0106435,5.7389016,5.155315
1705935782039,-5.773019,5.61141,4.8440685
1705935782039,-5.7825956,5.6389437,4.618415
1705935782042,-5.9962783,5.727529,4.5316253
1705935782048,-6.1979895,5.81791,4.5980644
1705935782078,-6.2793927,5.887342,4.7219644
1705935782078,-6.353014,5.8879404,4.8027687
1705935782078,-6.4026937,5.852626,4.9099092
1705935782079,-6.408081,5.861604,5.0116625
1705935782079,-6.3446345,5.934029,5.0942626
1705935782079,-6.3165026,6.001665,5.234922
1705935782082,-6.30513,6.149507,5.137358
1705935782088,-6.294955,6.3206925,5.4444146
1705935782092,-6.211158,6.3123126,5.605425
1705935782097,-6.1740475,6.2967505,5.493496
1705935782102,-6.0980315,6.317101,5.418677
1705935782107,-6.0567317,6.353014,5.4725466
1705935782112,-6.0639143,6.3206925,5.6407394
1705935782117,-6.1902084,6.2422824,5.768829
1705935782121,-6.30513,6.155493,5.595249
1705935782127,-6.4002995,6.1183825,5.3235073
1705935782134,-6.5230026,6.1129956,5.12838
1705935782137,-6.6732388,6.127361,5.222951
1705935782141,-6.7965403,6.132149,5.2678423
1705935782146,-6.8839283,6.022016,5.0002904
1705935782152,-6.9288197,5.934029,4.590882
1705935782157,-6.9862804,5.981913,4.4023385
1705935782162,-6.986879,6.003461,4.3281183
1705935782168,-6.988076,6.0291986,4.320337
1705935782172,-6.9491706,6.105214,4.445434
1705935782178,-6.8785415,6.157288,4.6405616
1705935782181,-6.7348895,6.2009826,4.771045
1705935782188,-6.559514,6.229713,4.9200845
1705935782191,-6.4565635,6.217143,5.221754
1705935782197,-6.342839,6.1866174,5.49589
1705935782203,-6.1890116,6.143522,5.6150017
1705935782206,-5.9980736,6.0465565,5.6377463
1705935782212,-5.73112,5.886145,5.6066217
1705935782217,-5.369596,5.720945,5.607819
1705935782222,-5.00448,5.557541,5.61979
1705935782226,-4.7578773,5.587468,5.5162406
1705935782231,-4.610634,5.650316,5.395334
1705935782237,-4.619612,5.7484784,5.286996
1705935782242,-4.7016134,5.864597,5.269039
1705935782246,-4.8662148,5.9304376,5.4061074
1705935782251,-5.01286,5.93343,5.4857144
1705935782257,-5.105635,5.893926,5.270835
1705935782261,-5.105635,5.893926,5.270835
1705935782266,-5.08708,5.7963624,5.179257
1705935782272,-4.88058,5.6419363,5.6604915
1705935782277,-4.9428296,5.6431336,5.3007627
1705935782282,-5.3157263,5.810129,4.9464207
1705935782289,-5.604826,5.85502,4.708796
1705935782291,-5.563526,5.7658362,4.4921207
1705935782297,-5.3983264,5.7041855,4.223372
1705935782301,-5.2474914,5.674258,3.9205053
1705935782307,-5.1122193,5.6790466,3.7433343
1705935782312,-5.0571527,5.6658783,3.7576995
1705935782320,-5.0822916,5.707777,3.809175
1705935782322,-5.1601033,5.844845,3.934272
1705935782328,-5.2564697,5.971139,4.183269
1705935782332,-5.3366756,6.0250087,4.4304705
1705935782335,-5.4683566,6.0130377,4.6405616
1705935782340,-5.6425347,5.995081,4.669292
1705935782345,-5.808932,5.9926867,4.5046906
1705935782350,-5.993884,6.013636,4.341286
1705935782355,-6.214749,6.0184245,4.3179426
1705935782360,-6.5457473,6.089652,4.4155064
1705935782367,-6.8893156,6.1955953,4.560954
1705935782370,-7.141904,6.3182983,4.5795093
1705935782375,-7.047333,6.284181,4.561553
1705935782380,-7.3124905,6.279991,4.406528
1705935782384,-7.44896,6.341043,4.24073
1705935782389,-7.49445,6.3991027,3.9851487
1705935782395,-7.4148426,6.425439,3.9923313
1705935782399,-7.2502413,6.23091,3.9073372
1705935782404,-7.1592617,5.981913,3.9318779
1705935782409,-7.0982094,5.917868,4.164714
1705935782415,-7.0730705,5.9543796,4.506486
1705935782419,-7.0275807,6.0184245,4.648941
1705935782424,-6.9168487,6.051345,4.6232033
1705935782429,-6.88333,6.0980315,4.4424415
1705935782435,-6.921637,6.1423244,4.2359414
1705935782439,-7.0784574,6.1542954,4.220379
1705935782444,-7.299921,6.1902084,4.258686
1705935782450,-7.538144,6.2704144,4.272453
1705935782454,-7.766192,6.377555,4.1096473
1705935782459,-8.03554,6.467337,3.8259344
1705935782464,-8.356362,6.558317,3.6391866
1705935782469,-8.540117,6.591237,3.6703112
1705935782474,-8.5473,6.5349736,3.728969
1705935782479,-8.257602,6.4840965,3.8456864
1705935782483,-7.8823104,6.4350157,3.9312792
1705935782488,-7.704541,6.4817023,4.0078936
1705935782494,-7.6847887,6.5846534,4.0803185
1705935782498,-7.5848308,6.700772,4.156933
1705935782503,-7.4070616,6.724714,4.1012673
1705935782509,-7.3430166,6.703765,4.0306387
1705935782514,-7.3747396,6.75524,4.0066967
1705935782518,-7.2885485,6.839037,4.0222588
1705935782523,-7.203554,6.870162,3.9653966
1705935782529,-7.2729864,6.8204823,3.8385038
1705935782534,-7.4106526,6.769605,3.8115692
1705935782539,-7.502231,6.7253127,3.8085763
1705935782544,-7.5291657,6.7211227,3.8534677
1705935782565,-7.493851,6.7318964,3.8654387
1705935782567,-7.3723454,6.645107,3.928885
1705935782568,-7.2143283,6.659472,4.003105
1705935782568,-7.152079,6.7283053,4.008492
1705935782569,-7.243657,6.8827314,4.0025067
1705935782574,-7.3909006,7.1742253,4.0013094
1705935782577,-7.455544,7.472902,3.8498764
1705935782583,-7.4764934,7.796119,4.0797195
1705935782587,-7.365163,7.9433627,3.6589386
1705935782593,-7.3406224,8.255806,3.3039982
1705935782597,-7.3226657,8.638878,3.104681
1705935782603,-7.2939353,8.805275,3.235165
1705935782608,-7.207744,8.714894,3.4985273
1705935782615,-7.4549456,8.0127945,2.1613655
1705935782616,-7.430405,7.814076,3.3369186
1705935782621,-7.459734,7.4070616,4.0737343
1705935782626,-8.073248,8.028357,3.669114
1705935782632,-8.174403,8.151658,3.2130187
1705935782636,-9.1590185,9.024943,1.3132197
1705935782643,-9.987412,10.1861315,1.2479776
1705935782646,-10.248979,10.034698,1.3455414
1705935782651,-10.658986,9.739613,1.1390414
1705935782656,-10.99178,9.426571,1.0791864
1705935782661,-11.195287,9.091981,1.033098
1705935782666,-11.283274,8.689157,0.9756372
1705935782671,-11.380837,8.313267,0.8122329
1705935782676,-11.498154,8.051701,0.79367787
1705935782680,-11.4837885,7.7332716,0.9415198
1705935782686,-11.282077,7.36217,1.2671312
1705935782691,-10.945692,6.956353,1.6950948
1705935782696,-10.5123415,6.583456,2.244564
1705935782700,-10.202292,6.329072,2.6138697
1705935782714,-9.935339,6.2434793,2.7257986
1705935782714,-9.731832,6.5385647,2.8443117
1705935782715,-9.363124,6.3631897,2.2134395
1705935782720,-8.947132,6.3404446,2.3540988
1705935782728,-8.661025,6.4667387,2.2768857
1705935782735,-8.454525,6.588843,2.1691468
1705935782735,-8.257602,6.6983776,2.0410569
1705935782740,-8.066664,6.75943,1.893215
1705935782745,-7.759608,6.771401,1.7477672
1705935782752,-7.419631,6.7588315,1.6190789
1705935782755,-7.04434,6.7630215,1.453879
1705935782760,-6.712743,6.7085533,1.3730747
1705935782764,-6.4601545,6.6564794,1.264737
1705935782770,-6.42903,6.727707,1.1468226
1705935782774,-6.4272346,6.7947445,1.0714053
1705935782779,-6.355408,6.8444242,1.0145429
1705935782784,-6.130952,6.8348475,1.0995371
1705935782790,-5.8268886,6.843227,1.234211
1705935782794,-5.5988407,6.8360443,1.448492
1705935782800,-5.363012,6.735488,1.7369933
1705935782804,-5.2319293,6.691195,1.9129672
1705935782809,-5.1463366,6.683414,1.929128
1705935782814,-4.9984946,6.7025676,1.903989
1705935782820,-4.743512,6.6983776,1.9153614
1705935782824,-4.5675383,6.7486563,1.8884265
1705935782830,-4.4502225,6.847417,1.8219875
1705935782834,-4.301183,6.9407907,1.6879122
1705935782839,-4.1036615,7.019201,1.508347
1705935782844,-3.606865,7.359776,1.2689269
1705935782850,-3.269881,7.453748,0.9828198
1705935782854,-2.7694929,7.707534,0.94211835
1705935782866,-2.2242134,7.9433627,1.0761937
1705935782868,-1.7812861,8.075044,1.3940239
1705935782878,-1.2078748,8.214506,1.7429788
1705935782879,-0.8948329,8.241441,2.1757307
1705935782879,-0.76554596,8.301296,2.4480712
1705935782884,-0.7146692,8.398261,2.7024553
1705935782889,-0.6536171,8.579621,2.882619
1705935782894,-0.7266402,8.850166,2.9299042
1705935782900,-0.842759,9.050681,2.755726
1705935782903,-1.0097545,9.243414,2.4115596
1705935782909,-1.2515689,9.293094,1.9249382
1705935782917,-1.5819688,9.307459,1.525705
1705935782918,-1.917157,9.277532,1.2156559
1705935782922,-2.2756886,9.202713,0.7392098
1705935782928,-2.2756886,9.202713,0.7392098
1705935782932,-2.5198972,9.205706,0.11432313
1705935782937,-2.8287494,9.259575,-0.415394
1705935782942,-3.2668881,9.275736,-0.78050977
1705935782948,-3.105878,9.148245,-0.79008657
1705935782952,-2.8377275,9.036316,-0.7410054
1705935782957,-2.7257986,9.011177,-0.35314476
1705935782962,-2.6402059,9.016563,0.09756372
1705935782968,-2.5570073,8.990228,0.53689975
1705935782972,-2.4438813,8.921394,0.9008184
1705935782977,-2.3421278,8.9279785,1.2210429
1705935782982,-2.3014264,9.030929,1.5388732
1705935782987,-2.3391352,9.301474,1.7040731
1705935782992,-2.4480712,9.69113,1.584363
1705935782997,-2.5372553,10.073604,1.2689269
1705935783001,-2.6001031,10.404602,0.97862995
1705935783007,-2.6150668,10.638037,0.7260417
1705935783019,-2.6324248,10.746973,0.56682724
1705935783019,-2.6725276,10.786477,0.43394905
1705935783022,-2.7575219,10.761338,0.25797522
1705935783029,-2.883816,10.625467,-0.09816227
1705935783032,-2.9921536,10.331579,-0.4285621
1705935783037,-3.0376434,9.961675,-0.59615624
1705935783042,-2.9933507,9.524135,-0.6159084
1705935783049,-2.991555,9.026739,-0.92655605
1705935783052,-2.8191724,8.772355,-0.87328506
1705935783057,-2.6402059,8.228272,-0.7386112
1705935783062,-2.5246856,7.5028296,-0.52971715
1705935783068,-2.4797945,6.9078703,-0.25498247
1705935783072,-2.3882163,6.4026937,0.014963761
1705935783078,-2.231396,5.93762,0.18734628
1705935783082,-2.0817583,5.517438,0.014963761
1705935783087,-2.1529858,5.257667,-0.4369418
1705935783092,-2.3169887,5.145738,-1.0121487
1705935783097,-2.4067712,5.1475334,-1.7208325
1705935783102,-2.4181437,5.1690817,-2.480393
1705935783108,-2.3750482,5.185841,-3.1310172
1705935783112,-2.4223335,5.13257,-3.8624458
1705935783117,-2.633622,5.1421466,-4.426879
1705935783122,-2.8640637,5.0374002,-4.659715
1705935783127,-2.971803,4.8201265,-4.8027687
1705935783133,-2.8904,4.589086,-4.8680105
1705935783137,-2.6994624,4.322731,-4.827309
1705935783142,-2.6018987,4.12102,-4.6698904
1705935783147,-2.541445,3.8857894,-4.6202106
1705935783152,-2.3995886,3.8019924,-3.8881836
1705935783158,-2.1637597,3.5751417,-3.5338416
1705935783162,-1.9578584,3.4524388,-3.3441012
1705935783171,-1.8022354,3.482965,-3.1663318
1705935783172,-1.8357542,3.7223852,-3.0376434
1705935783177,-2.195483,4.1557355,-3.0442274
1705935783182,-2.7575219,4.8021703,-3.1549592
1705935783189,-3.3153708,5.566519,-3.256713
1705935783190,-3.667917,6.2979474,-3.4434607
1705935783197,-3.6661212,6.8067155,-3.8391025
1705935783202,-3.4464533,6.9677253,-4.374805
1705935783217,-3.2345665,6.8492126,-4.8524485
1705935783218,-3.1681273,6.739678,-4.4903255
1705935783220,-3.3093853,6.6786256,-3.3572693
1705935783220,-3.6194344,6.625953,-2.203264
1705935783228,-3.9468415,6.522404,-1.1534066
1705935783230,-4.2131963,6.587646,-0.13467385
1705935783237,-4.590882,6.940192,0.4973954
1705935783242,-5.029619,7.4082584,0.87448215
1705935783247,-5.57849,7.9888525,1.2324153
1705935783251,-6.277597,8.632893,1.6514006
1705935783257,-7.0329676,9.223063,1.7310078
1705935783261,-7.72968,9.807249,1.472434
1705935783266,-8.380903,10.380061,1.0660183
1705935783271,-8.981249,10.820595,0.5482722
1705935783276,-9.391854,11.014524,0.11432313
1705935783281,-9.659407,11.058818,-0.08559271
1705935783285,-9.7719345,10.856507,0.22685061
1705935783291,-9.916184,10.462063,0.20829555
1705935783296,-9.956886,9.825804,0.2789245
1705935783299,-10.019734,8.978855,0.29987377
1705935783306,-10.092158,8.161834,0.45250413
1705935783310,-10.17416,7.5088153,0.75477207
1705935783315,-10.266336,7.0569096,1.3724761
1705935783320,-10.295067,6.599617,2.136825
1705935783325,-10.261548,6.105214,2.7940333
1705935783330,-10.358514,5.683236,2.7018566
1705935783336,-10.392631,5.4043117,2.1332338
1705935783340,-10.2974615,5.3223104,1.602918
1705935783344,-10.067019,5.3408656,1.3401544
1705935783350,-9.877279,5.3007627,0.89543146
1705935783354,-9.767146,5.149928,0.5093664
1705935783359,-9.7162695,4.819528,0.30825347
1705935783364,-9.790489,4.518457,0.3728969
1705935783369,-9.988609,4.3688197,0.40761283
1705935783379,-10.131064,4.3544545,0.45848963
1705935783380,-10.115502,4.43466,0.5758055
1705935783385,-9.946711,4.590882,0.7302315
1705935783389,-9.598354,4.730344,1.0127473
1705935783395,-9.129689,5.00867,1.3257892
1705935783397,-8.6496525,5.3438582,1.541866
1705935783404,-8.097789,5.7029886,1.6717514
1705935783409,-7.4968443,5.9412117,1.7788919
1705935783415,-7.0832458,6.250662,1.8770541
1705935783420,-6.919243,6.769605,2.086547
1705935783422,-6.901885,7.4310036,2.202067
1705935783428,-6.7708025,8.058285,2.3235726
1705935783431,-6.365584,8.561067,2.5941176
1705935783437,-5.81372,8.728063,2.8892028
1705935783442,-5.3636103,8.86932,3.120842
1705935783446,-5.1235914,9.068039,3.364452
1705935783451,-4.96737,9.138069,3.7163997
1705935783456,-4.807557,9.093777,4.1264067
1705935783461,-4.6764746,9.000402,4.420295
1705935783466,-4.5537715,8.931569,4.5807066
1705935783472,-4.421492,8.835203,4.7548847
1705935783478,-4.2359414,8.726865,5.1104236
1705935783482,-4.0240545,8.68796,5.6030307
1705935783487,-3.8738184,8.685565,5.977723
1705935783492,-3.7475243,8.656237,6.1770406
1705935783497,-3.544017,9.500791,2.2391772
1705935783503,-3.6373909,11.92492,11.634624
1705935783507,-3.7954082,9.673173,12.164939
1705935783512,-3.4745853,7.521983,13.189657
1705935783518,-4.409521,6.169858,13.057378
1705935783524,-6.0627174,6.2943563,9.289502
1705935783528,-7.5549035,6.655282,6.553529
1705935783532,-8.458116,7.0820484,5.719149
1705935783538,-9.01776,7.328053,5.205593
1705935783542,-9.140464,7.4585366,5.3199162
1705935783547,-9.194333,7.4567413,5.897517
1705935783551,-10.495582,7.358579,4.378995
1705935783556,-10.147225,7.1125746,5.5180364
1705935783562,-9.113529,6.7923503,7.3088994
1705935783566,-8.773552,6.5816603,7.2286935
1705935783571,-8.827422,6.853402,7.4327993
1705935783576,-8.435371,6.1411276,8.654441
1705935783581,-7.4812818,5.0302176,9.170391
1705935783586,-7.5016327,4.957793,8.905233
1705935783591,-7.0503254,4.931457,8.447342
1705935783596,-6.704962,4.3957543,7.9194207
1705935783602,-6.704962,4.3957543,7.9194207
1705935783607,-5.861006,4.0174704,8.026561
1705935783612,-3.9306808,3.8540661,8.695142
1705935783617,-2.758719,3.152565,8.497621
1705935783622,-2.2625206,3.153762,8.452729
1705935783627,-2.1164744,4.109049,8.115147
1705935783633,-2.2619221,5.445013,7.5046253
1705935783636,-2.3469162,6.6750345,7.4681134
1705935783642,-2.8880057,6.7588315,7.386112
1705935783646,-3.6948519,6.287772,7.2382703
1705935783651,-4.9302597,5.0374002,6.4326215
1705935783656,-5.192425,3.857059,6.3392477
1705935783661,-5.300164,2.693477,6.0770826
1705935783667,-4.386776,2.7569232,6.830059
1705935783671,-4.638766,3.762488,7.9307933
1705935783676,-5.1690817,4.220978,6.558317
1705935783681,-5.953781,3.867833,5.4737434
1705935783686,-6.127361,2.9514523,5.357625
1705935783691,-6.2327056,2.4438813,5.613206
1705935783695,-6.42903,2.5611973,6.125565
1705935783701,-6.55712,3.2519245,7.152079
1705935783706,-6.419453,4.221576,9.108741
1705935783710,-5.732916,5.143344,11.26412
1705935783716,-4.68246,5.3558292,13.300389
1705935783721,-3.9396589,4.9146976,13.943233
1705935783727,-2.6204538,4.5621514,14.392145
1705935783730,0.3633201,5.507262,13.109451
1705935783737,1.6873137,5.389348,12.161347
1705935783739,2.8119898,5.439626,11.410167
1705935783745,2.9724014,4.663905,10.250774
1705935783751,2.2224178,3.309984,8.048109
1705935783755,1.0552444,2.7688942,5.8029466
1705935783761,-0.7757214,2.6036944,1.7992426
1705935783765,-1.1857284,3.9217024,0.50637364
1705935783770,-0.75716627,6.0387754,1.8602947
1705935783775,-0.91099375,6.862979,3.2704794
1705935783781,-3.3770216,4.560954,3.4290953
1705935783785,-4.250905,2.8592753,5.8879404
1705935783790,-5.3396683,2.0033484,8.330027
1705935783794,-5.4713492,2.1769278,8.782531
1705935783801,-4.7776294,2.6898856,8.684368
1705935783805,-3.8379054,3.9965212,9.099164
1705935783810,-3.2453403,6.0621185,10.650606
1705935783814,-3.0107086,7.5584946,11.62744
1705935783821,-2.7730842,7.8050976,10.925341
1705935783823,-1.6101006,7.373543,11.449073
1705935783833,-0.6368576,6.541558,10.813412
1705935783834,0.15861586,5.952584,9.669582
1705935783841,0.7505822,5.589264,8.744822
1705935783844,1.0103531,5.191228,8.009802
1705935783849,0.8631097,4.8823757,7.5189905
1705935783854,1.2671312,5.309741,8.262989
1705935783860,0.17178397,5.029021,8.549096
1705935783864,0.5189432,5.7598505,10.122087
1705935783869,-0.02873042,6.010045,10.983999
1705935783882,-0.5081693,6.1387334,11.532271
1705935783883,-1.1372458,5.969343,11.591528
1705935783884,-1.7741034,5.626374,11.436503
1705935783888,-2.219425,5.2702365,11.198878
1705935783891,-2.416348,4.8907557,10.881048
1705935783897,-2.328361,4.656722,10.747571
1705935783901,-2.156577,4.68246,10.730213
1705935783907,-2.100912,4.565144,10.609306
1705935783911,-1.7968484,4.4023385,10.661979
1705935783916,-0.5793968,4.3766007,12.432491
1705935783921,0.18555063,5.0523643,11.723208
1705935783926,0.41599256,4.160524,9.907805
1705935783931,0.9139865,4.0378213,9.809045
1705935783936,1.2545617,4.5926776,9.930551
1705935783941,1.1510124,4.5884876,9.2865095
1705935783945,0.74878657,4.8494554,8.57184
1705935783951,0.4285621,5.122993,7.9008656
1705935783957,0.18315643,5.1864395,7.213131
1705935783961,0.08080431,5.251083,6.5349736
1705935783967,0.15741876,5.342661,6.1662664
1705935783973,0.29508537,5.433042,5.8442464
1705935783976,0.48123455,5.422867,5.729325
1705935783981,0.7302315,5.3043537,5.8388596
1705935783986,0.9768343,5.1636944,6.057929
1705935783993,1.1647792,4.995502,6.367379
1705935783997,1.033098,4.8267107,6.7893577
1705935784001,0.64823014,4.654927,7.2987237
1705935784006,0.25977087,4.4915223,7.8188643
1705935784011,0.22325931,4.450821,8.388085
1705935784017,0.31423897,4.455011,8.995016
1705935784020,0.24779987,4.435259,9.859921
1705935784053,-0.009576807,4.2634745,11.125855
1705935784054,-0.42197806,3.9133227,12.949638
1705935784055,-0.712275,3.3315318,14.699202
1705935784056,-0.6392518,2.9873652,15.203181
1705935784057,-0.24001873,3.2303767,14.00608
1705935784057,0.24959552,3.669114,12.035652
1705935784058,0.7278373,4.007295,10.24419
1705935784073,1.1139023,4.305373,8.910022
1705935784073,1.359308,4.52145,7.9385743
1705935784073,1.5382746,4.633379,7.3849154
1705935784074,1.6531962,4.6686935,7.373543
1705935784079,1.7399861,4.59567,7.8595657
1705935784084,1.6298528,4.481347,8.5060005
1705935784089,1.4664485,4.3197384,9.059659
1705935784094,1.4221559,4.152743,9.454104
1705935784099,1.5077485,3.9671922,10.056845
1705935784104,1.6412252,3.7726634,10.679337
1705935784109,1.6837224,3.8612487,10.897807
1705935784114,1.6023195,4.3305125,10.679337
1705935784119,1.4460979,4.9338512,10.226832
1705935784123,1.2755109,5.354632,9.714474
1705935784129,1.1911154,5.626374,9.1350765
1705935784134,1.2934675,5.7724204,8.491635
1705935784138,1.3443443,5.7520695,7.9463553
1705935784143,1.2904748,5.547964,7.491457
1705935784150,1.0911574,5.281609,7.307702
1705935784153,0.7392098,5.056554,7.083844
1705935784158,0.3705027,5.0308166,7.1987658
1705935784163,0.06823475,5.1343656,7.4968443
1705935784168,-0.24420857,5.283405,7.8344264
1705935784173,-0.3842694,5.4204726,8.066664
1705935784178,-0.46866497,5.49589,8.241441
1705935784185,-0.5327099,5.513248,8.318654
1705935784190,-0.47225627,5.5204306,8.46889
1705935784194,-0.35314476,5.4821234,8.665215
1705935784198,-0.21787235,5.3642087,8.907627
1705935784203,-0.10474633,5.249287,9.13388
1705935784209,-0.022744916,5.0122614,9.11293
1705935784214,0.04309563,4.8763905,9.01417
1705935784221,0.11611878,4.775235,8.831612
1705935784222,0.16579847,4.735132,8.612542
1705935784228,0.22984336,4.8739963,8.58022
1705935784237,0.24241292,4.9003325,8.467693
1705935784237,0.33399114,4.9296613,8.454525
1705935784243,0.38606504,4.959589,8.519767
1705935784248,0.38307226,4.96318,8.5778265
1705935784253,0.29448682,4.9200845,8.713697
1705935784258,0.2885013,4.8733974,8.7609825
1705935784263,0.29029694,4.871602,8.814254
1705935784273,0.28550854,4.871003,8.750209
1705935784274,0.30825347,4.9338512,8.604761
1705935784278,0.30825347,4.9338512,8.604761
1705935784283,0.36870706,5.057751,8.629301
1705935784287,0.37948096,5.142745,8.702325
1705935784292,0.30286652,5.2205567,8.869919
1705935784298,0.22325931,5.325303,9.030331
1705935784304,0.18136078,5.390545,9.051878
1705935784307,0.15203181,5.3594203,9.008782
1705935784312,0.18974048,5.2917843,8.867524
1705935784319,0.2717419,5.2002063,8.767567
1705935784322,0.32142156,5.103241,8.640674
1705935784328,0.21547815,5.093664,8.550891
1705935784337,0.022744916,5.2026005,8.465299
1705935784338,-0.12629414,5.300164,8.411429
1705935784342,-0.26515785,5.346851,8.403049
1705935784348,-0.39264908,5.3157263,8.457518
1705935784354,-0.5153519,5.3259015,8.558074
1705935784357,-0.5955577,5.2840033,8.576031
1705935784361,-0.55365914,5.2516813,8.650849
1705935784366,-0.47884035,5.1864395,8.69155
1705935784372,-0.42317516,5.1200004,8.740632
1705935784384,-0.35553896,5.0876784,8.688558
1705935784385,-0.26276365,5.060744,8.544308
1705935784388,-0.15502456,5.026028,8.394072
1705935784391,-0.021547815,4.997896,8.455123
1705935784395,-0.2741361,5.0523643,8.090606
1705935784401,-0.5033809,4.982932,7.9822683
1705935784405,-0.5686229,5.0062757,8.479664
1705935784410,-0.50397944,5.227141,8.713697
1705935784415,-0.49081135,5.510854,8.729858
1705935784420,-0.53450555,5.6778493,8.916007
1705935784425,-0.6548142,5.5748987,9.180567
1705935784430,-0.6871359,5.390545,9.387665
1705935784435,-0.6512229,5.275025,9.6845455
1705935784440,-0.55485624,5.2941785,9.885659
1705935784445,-0.5470751,5.4539914,10.022128
1705935784450,-0.5470751,5.6359506,10.029311
1705935784454,-0.49679685,5.6886234,9.900622
1705935784459,-0.32561144,5.6539073,9.614515
1705935784465,-0.088585466,5.525219,9.320028
1705935784469,0.05626374,5.3660045,9.074623
1705935784474,0.06464344,5.3115363,8.868722
1705935784479,-0.029927522,5.3444567,8.767567
1705935784484,-0.16220717,5.433641,8.777742
