1705935776143,0.49534798,0.28442562,0.026631612
1705935776144,0.47617322,0.28868666,-0.02130529
1705935776144,0.44741106,0.28442562,-0.06711166
1705935776144,0.4133226,0.28655612,-0.10546118
1705935776148,0.38029942,0.30146983,-0.13422333
1705935776151,0.350472,0.3334278,-0.14913702
1705935776156,0.32170987,0.37816888,-0.15020229
1705935776161,0.2972088,0.43782368,-0.13635385
1705935776166,0.27803403,0.51026165,-0.11504856
1705935776171,0.26525086,0.59122175,-0.09054748
1705935776176,0.25672874,0.6892261,-0.0628506
1705935776181,0.23329292,0.86499476,-0.0010652645
1705935776186,0.16085494,1.1675298,0.10546118
1705935776191,0.082025364,1.401888,0.20240025
1705935776196,0.06711166,1.433846,0.26525086
1705935776201,0.112918034,1.3923006,0.32277513
1705935776206,0.18855181,1.3891048,0.36645097
1705935776210,0.27483824,1.4104102,0.37284255
1705935776215,0.36645097,1.433846,0.35153726
1705935776220,0.45593318,1.4466292,0.30040458
1705935776226,0.535828,1.4306501,0.21944448
1705935776230,0.58269966,1.3709954,0.13102753
1705935776235,0.59228706,1.28897,0.066046394
1705935776240,0.59228706,1.28897,0.066046394
1705935776245,0.5901565,1.2442288,0.01917476
1705935776250,0.6018744,1.293231,-0.05006743
1705935776255,0.59867865,1.2815131,-0.1917476
1705935776260,0.5901565,1.2399678,-0.38136467
1705935776266,0.57417756,1.1675298,-0.567786
1705935776270,0.5390238,1.0695255,-0.7190535
1705935776275,0.47723848,0.9768475,-0.82344943
1705935776280,0.3898868,0.87351686,-0.8809737
1705935776285,0.28016454,0.74461985,-0.89801794
1705935776290,0.15126756,0.588026,-0.87990844
1705935776295,0.013848438,0.39947417,-0.8277105
1705935776300,-0.11824436,0.20240025,-0.75633776
1705935776305,-0.21518342,0.10546118,-0.67537767
1705935776310,-0.25672874,0.15233281,-0.6178534
1705935776315,-0.24394555,0.2130529,-0.59228706
1705935776319,-0.20133498,0.17470337,-0.59122175
1705935776325,-0.13315806,0.05006743,-0.6040049
1705935776329,-0.040480047,-0.082025364,-0.60080916
1705935776334,0.084155895,-0.13315806,-0.5656554
1705935776345,0.22264028,-0.10546118,-0.51452273
1705935776345,0.36751625,-0.0777643,-0.44741106
1705935776349,0.4825648,-0.19600865,-0.35792887
1705935776354,0.56245965,-0.14594123,-0.28975195
1705935776359,0.58056915,0.053263225,-0.2396845
1705935776364,0.5486112,0.23861924,-0.20985709
1705935776368,0.5219796,0.45167214,-0.19600865
1705935776374,0.5368933,0.74675035,-0.18216023
1705935776378,0.58269966,1.0801781,-0.17257284
1705935776384,0.624245,1.4008228,-0.18002969
1705935776388,0.628506,1.6831179,-0.1917476
1705935776393,0.54648066,1.8951055,-0.16831179
1705935776398,0.38029942,1.9568908,-0.11504856
1705935776404,0.16298546,1.8152106,-0.043675844
1705935776408,-0.03089267,1.6202673,0.03089267
1705935776413,-0.11717909,1.4636734,0.1257012
1705935776418,-0.0958738,1.3347764,0.28229508
1705935776424,0.041545313,1.2495552,0.4111921
1705935776429,0.28229508,1.1472899,0.49002165
1705935776433,0.58696073,1.0322412,0.5134575
1705935776438,0.9406285,0.8767126,0.48149952
1705935776444,1.3571469,0.6785734,0.3834952
1705935776448,1.8024274,0.5273059,0.23861924
1705935776453,2.223207,0.4079963,0.070307456
1705935776461,2.569418,0.29507825,-0.10226539
1705935776463,2.8208203,0.1949434,-0.27057716
1705935776469,2.9901974,0.10759171,-0.43249738
1705935776474,3.1031153,0.056459017,-0.5901565
1705935776478,3.186206,0.04580637,-0.73290193
1705935776483,3.2575786,0.04580637,-0.83729786
1705935776488,3.323625,0.020240024,-0.8745821
1705935776492,3.3832798,-0.05752428,-0.8309063
1705935776498,3.4312167,-0.19600865,-0.69774824
1705935776502,3.459979,-0.3930826,-0.46978164
1705935776507,3.4674358,-0.628506,-0.15446335
1705935776513,3.4535873,-0.8671253,0.22370553
1705935776518,3.4131074,-1.087635,0.6423545
1705935776527,3.3534524,-1.2634037,1.0801781
1705935776527,3.2767534,-1.3635385,1.5211977
1705935776533,3.1872714,-1.3901701,1.9494339
1705935776537,3.1041806,-1.3337111,2.3457124
1705935776543,3.0541131,-1.1664646,2.6780748
1705935776547,3.0189595,-1.0599382,2.928412
1705935776552,2.9827404,-1.0130665,3.0956585
1705935776557,2.948652,-1.0183928,3.1925976
1705935776563,2.9348035,-1.0599382,3.2394693
1705935776567,2.957174,-1.087635,3.2394693
1705935776573,3.0242858,-1.087635,3.1989892
1705935776578,3.1244206,-1.0823087,3.1361384
1705935776582,3.2373388,-1.0588728,3.0519826
1705935776586,3.3396041,-1.0056096,2.9475868
1705935776591,3.4333472,-0.9267801,2.8176246
1705935776596,3.5111117,-0.81705785,2.6610305
1705935776603,3.5739622,-0.68176925,2.4863272
1705935776606,3.6208339,-0.51026165,2.2967103
1705935776612,3.6464002,-0.3089267,2.1060278
1705935776617,3.6527917,-0.09267801,1.9323897
1705935776623,3.6421392,0.13315806,1.7736653
1705935776627,3.6155076,0.35792887,1.6245283
1705935776631,3.5750275,0.5656554,1.4839134
1705935776637,3.5217643,0.74781567,1.3486248
1705935776642,3.4535873,0.8873653,1.2271847
1705935776646,3.3747578,0.99069595,1.1089402
1705935776651,3.2810144,1.0748519,0.9896307
1705935776656,3.1723576,1.1227888,0.86179894
1705935776661,3.0594394,1.1132014,0.721184
1705935776666,2.9582393,1.0418286,0.58483016
1705935776672,2.8858013,0.9374327,0.47617322
1705935776677,2.8421257,0.8064052,0.4101268
1705935776682,2.8293424,0.6423545,0.39414784
1705935776686,2.8367991,0.46978164,0.42397526
1705935776692,2.8453214,0.3089267,0.4910869
1705935776696,2.8336034,0.14487597,0.5965481
1705935776702,2.783536,-0.034088463,0.73290193
1705935776707,2.6855316,-0.20985709,0.8809737
1705935776711,2.5395904,-0.37923414,1.0237192
1705935776718,2.3531692,-0.5432849,1.1387677
1705935776722,2.1486385,-0.6860303,1.2250541
1705935776726,1.9494339,-0.8032094,1.2804478
1705935776731,1.7630126,-0.9033443,1.3049489
1705935776736,1.6053536,-0.9938917,1.293231
1705935776742,1.4807175,-1.0801781,1.2282499
1705935776745,1.3923006,-1.1771172,1.1025487
1705935776751,1.3390374,-1.2857742,0.9235843
1705935776756,1.3187973,-1.401888,0.7137272
1705935776761,1.3156016,-1.5158713,0.49321744
1705935776767,1.3219932,-1.5819178,0.27803403
1705935776771,1.3283848,-1.5861788,0.07137272
1705935776777,1.3113406,-1.5893745,-0.113983296
1705935776781,1.2697952,-1.6319852,-0.2609898
1705935776785,1.2154667,-1.7012273,-0.36005938
1705935776790,1.1536814,-1.7747306,-0.4016047
1705935776795,1.0855045,-1.820537,-0.3920173
1705935776802,0.9981528,-1.8471686,-0.34834146
1705935776806,0.8969527,-1.8546255,-0.29188246
1705935776810,0.8181231,-1.8109496,-0.24181503
1705935776815,0.757403,-1.7960359,-0.19387813
1705935776820,0.7126619,-1.8013622,-0.14274544
1705935776825,0.68389976,-1.7811222,-0.07563378
1705935776830,0.664725,-1.7459685,0.01917476
1705935776840,0.63915867,-1.6628778,0.13528858
1705935776842,0.60293967,-1.5297197,0.28336033
1705935776851,0.5571333,-1.3443637,0.4495416
1705935776855,0.5028048,-1.1504856,0.60933125
1705935776858,0.44208476,-1.0024139,0.7435546
1705935776862,0.3653857,-0.9353022,0.83729786
1705935776866,0.26631612,-0.92038846,0.88843054
1705935776869,0.15233281,-0.9491506,0.9076053
1705935776874,0.02876214,-1.0183928,0.91825795
1705935776879,-0.096939065,-1.1451592,0.93423694
1705935776883,-0.22690132,-1.28897,0.95128113
1705935776889,-0.37923414,-1.3752564,0.96086854
1705935776894,-0.56459016,-1.3805827,0.9555422
1705935776899,-0.77870834,-1.3507553,0.9310411
1705935776903,-0.77870834,-1.3507553,0.9310411
1705935776909,-1.0056096,-1.320928,0.8852348
1705935776914,-1.2325109,-1.3134711,0.8202536
1705935776919,-1.4519554,-1.3358417,0.7456851
1705935776923,-1.6618125,-1.3741912,0.67005134
1705935776929,-1.8588865,-1.3986923,0.5997439
1705935776933,-2.0410466,-1.3880396,0.5336975
1705935776939,-2.2008364,-1.3571469,0.479369
1705935776943,-2.3339944,-1.325189,0.43782368
1705935776948,-2.4426515,-1.28897,0.40586576
1705935776953,-2.5193505,-1.1728562,0.38242993
1705935776958,-2.5449169,-0.9012137,0.35899413
1705935776963,-2.5395904,-0.5944176,0.35473305
1705935776968,-2.5449169,-0.48149952,0.4101268
1705935776973,-2.5577,-0.47404268,0.531567
1705935776980,-2.5545042,-0.43249738,0.7052051
1705935776983,-2.5449169,-0.3110572,0.9193232
1705935776987,-2.5395904,-0.099069595,1.1675298
1705935776993,-2.553439,0.19707392,1.4402375
1705935776999,-2.590723,0.531567,1.7140105
1705935777003,-2.6429212,0.8990832,1.9579561
1705935777009,-2.6897926,1.2729911,2.1422467
1705935777012,-2.7196202,1.627724,2.2370553
1705935777017,-2.7238812,1.9622171,2.231729
1705935777022,-2.7036412,2.2658174,2.1060278
1705935777032,-2.6738138,2.5289378,1.8684739
1705935777033,-2.6450517,2.7206855,1.5361114
1705935777037,-2.6269422,2.8144288,1.1313108
1705935777041,-2.6226811,2.8367991,0.6679208
1705935777047,-2.6290727,2.851713,0.15765914
1705935777053,-2.6205506,2.8889973,-0.38775626
1705935777057,-2.5790052,2.924151,-0.9470201
1705935777061,-2.4916537,2.948652,-1.4935007
1705935777066,-2.3574302,2.9710226,-2.010154
1705935777071,-2.1667478,2.9635658,-2.5044367
1705935777077,-1.9196066,2.9305425,-2.9795446
1705935777081,-1.6181368,2.9134984,-3.4205642
1705935777086,-1.28897,2.9656963,-3.7966025
1705935777091,-0.96086854,3.0988543,-4.0788975
1705935777098,-0.6562029,3.270362,-4.2461443
1705935777101,-0.39840892,3.4131074,-4.293016
1705935777106,-0.20559604,3.5057852,-4.240818
1705935777111,-0.098004326,3.5547874,-4.112986
1705935777117,-0.082025364,3.584615,-3.9425437
1705935777121,-0.15446335,3.6080508,-3.7657099
1705935777126,-0.294013,3.5995286,-3.6101813
1705935777132,-0.46658584,3.5270905,-3.4951327
1705935777137,-0.63702816,3.387541,-3.428021
1705935777141,-0.7765778,3.178749,-3.4258904
1705935777146,-0.8692558,2.9230857,-3.4951327
1705935777151,-0.9076053,2.6471822,-3.6197686
1705935777158,-0.90014845,2.401106,-3.7593184
1705935777160,-0.86392945,2.2349248,-3.8850195
1705935777166,-0.8223842,2.143312,-3.976632
1705935777170,-0.793622,2.0943098,-4.0224385
1705935777175,-0.7946873,2.07407,-4.0213733
1705935777180,-0.83516735,2.0751352,-3.959588
1705935777185,-0.91825795,2.1060278,-3.823234
1705935777191,-1.0226538,2.1805964,-3.6187034
1705935777195,-1.123854,2.2722092,-3.3641052
1705935777200,-1.200553,2.336125,-3.077549
1705935777205,-1.2335763,2.3446472,-2.7771444
1705935777211,-1.2101405,2.2817965,-2.4820662
1705935777216,-1.1174624,2.179531,-2.2040322
1705935777220,-0.9502159,2.0708742,-1.9600866
1705935777225,-0.716923,1.9611518,-1.7662084
1705935777231,-0.42290998,1.8461033,-1.6341157
1705935777236,-0.082025364,1.7299895,-1.5542208
1705935777240,0.29614353,1.6330504,-1.5158713
1705935777246,0.700944,1.582983,-1.4881744
1705935777250,1.1217234,1.5861788,-1.4498249
1705935777260,1.5435683,1.6319852,-1.3933659
1705935777261,1.9622171,1.6777915,-1.32945
1705935777265,2.347843,1.700162,-1.2772521
1705935777271,2.6908581,1.6980315,-1.2367721
1705935777275,2.9891322,1.635181,-1.2048141
1705935777280,3.2490566,1.4721955,-1.1941614
1705935777285,3.4663706,1.2325109,-1.2080098
1705935777290,3.6229644,0.9736517,-1.2335763
1705935777296,3.7103162,0.7637946,-1.2452941
1705935777299,3.726295,0.61678815,-1.2197278
1705935777306,3.6772928,0.47723848,-1.1547467
1705935777310,3.5750275,0.23648871,-1.0492855
1705935777315,3.42376,-0.17576863,-0.9129316
1705935777319,3.2373388,-0.5550028,-0.7765778
1705935777324,3.0445259,-0.5400891,-0.63702816
1705935777329,2.8549087,-0.22583607,-0.51665324
1705935777337,2.650378,0.13848437,-0.3930826
1705935777340,2.428803,0.3110572,-0.24607609
1705935777344,2.2050974,0.26844665,-0.094808534
1705935777355,2.010154,0.11824436,0.037284255
1705935777358,1.845038,-0.0031957934,0.11930962
1705935777362,1.6042882,0.1555286,0.010652645
1705935777364,1.3017532,0.080960095,-0.128897
1705935777370,1.0823087,-0.32810146,-0.08948222
1705935777376,0.9800433,-0.7030745,0.0010652645
1705935777378,0.9768475,-0.90014845,0.1587244
1705935777383,1.051416,-0.8564726,0.3898868
1705935777388,1.1675298,-0.5933523,0.6689861
1705935777392,1.2815131,-0.35579833,0.9768475
1705935777397,1.361408,-0.24501082,1.2516857
1705935777402,1.3997575,-0.22796659,1.4402375
1705935777407,1.3901701,-0.25992453,1.5393071
1705935777412,1.3315805,-0.32170987,1.5947009
1705935777416,1.2271847,-0.36751625,1.6383767
1705935777421,1.0887003,-0.41438788,1.6788567
1705935777426,0.93849796,-0.47830373,1.7470337
1705935777432,0.8042747,-0.588026,1.8769959
1705935777436,0.7254451,-0.753142,2.0698087
1705935777441,0.72651035,-0.9310411,2.299906
1705935777446,0.809601,-1.0045444,2.5289378
1705935777452,0.94275904,-0.9054748,2.7047064
1705935777457,0.9534117,-0.8990832,2.7079022
1705935777462,0.7680557,-0.97897804,2.4905882
1705935777466,0.36218992,-1.1867046,2.1252027
1705935777473,-0.21944448,-1.4498249,1.71188
1705935777476,-0.77444726,-1.562743,1.3582122
1705935777481,-1.2239889,-1.6202673,1.1110709
1705935777486,-1.5084145,-1.6607473,0.9736517
1705935777493,-1.6373115,-1.6905746,0.9438243
1705935777496,-1.6309199,-1.7065537,1.0279802
1705935777501,-1.5073493,-1.6682042,1.2250541
1705935777506,-1.2942963,-1.5318503,1.5126755
1705935777512,-1.0301107,-1.3401027,1.8333201
1705935777516,-0.7520767,-1.1547467,2.1273332
1705935777521,-0.48363006,-0.9044095,2.3542345
1705935777526,-0.24927188,-0.60293967,2.4778051
1705935777533,-0.082025364,-0.29507825,2.489523
1705935777535,0.02130529,-0.11717909,2.3798008
1705935777540,0.07563378,-0.113983296,2.15503
1705935777545,0.101200126,-0.18002969,1.8727349
1705935777552,0.08841695,-0.18642128,1.5947009
1705935777555,0.029827405,-0.09161274,1.3667343
1705935777560,-0.060720075,0.06178534,1.1845741
1705935777565,-0.060720075,0.06178534,1.1845741
1705935777575,-0.15020229,0.18109496,1.0365024
1705935777575,-0.21411815,0.2130529,0.93423694
1705935777580,-0.23009712,0.18216023,0.9139969
1705935777585,-0.20453078,0.15978967,0.9960223
1705935777591,-0.15233281,0.18216023,1.1611383
1705935777595,-0.098004326,0.24074976,1.3667343
1705935777600,-0.05219796,0.30786142,1.5744609
1705935777605,-0.027696876,0.34834146,1.7630126
1705935777612,-0.00958738,0.36005938,1.933455
1705935777615,0.007456851,0.36005938,2.0836573
1705935777620,0.018109497,0.37603834,2.1923141
1705935777625,0.007456851,0.43036684,2.2445123
1705935777638,-0.00958738,0.53263223,2.2349248
1705935777641,-0.00958738,0.53263223,2.2349248
1705935777641,-0.04580637,0.6221144,1.9941751
1705935777643,-0.05539375,0.55287224,1.8226675
1705935777650,-0.05539375,0.55287224,1.8226675
1705935777651,-0.060720075,0.4910869,1.675661
1705935777655,-0.07243799,0.4878911,1.5819178
1705935777660,-0.10013486,0.5305017,1.5339808
1705935777664,-0.13741912,0.572047,1.4817829
1705935777669,-0.17576863,0.5784386,1.3986923
1705935777674,-0.2034655,0.5571333,1.3017532
1705935777679,-0.21518342,0.5475459,1.2410331
1705935777684,-0.2247708,0.5432849,1.2665994
1705935777690,-0.24501082,0.5390238,1.3560816
1705935777694,-0.29294774,0.6412892,1.5180018
1705935777699,-0.350472,0.81066626,1.7172064
1705935777704,-0.40586576,0.9086706,1.9419771
1705935777710,-0.44421527,0.9800433,2.1582258
1705935777714,-0.45380265,1.0386329,2.3318639
1705935777719,-0.44421527,1.0929613,2.4309335
1705935777724,-0.42184472,1.1174624,2.4117587
1705935777731,-0.37284255,1.0844392,2.2551649
1705935777734,-0.2972088,0.9821738,1.9877834
1705935777739,-0.2034655,0.84368944,1.6682042
1705935777744,-0.099069595,0.6956177,1.3688648
1705935777749,0.0,0.55287224,1.1377025
1705935777756,0.07456851,0.4346279,0.9938917
1705935777761,0.112918034,0.3536678,0.9310411
1705935777763,0.113983296,0.29188246,0.91612744
1705935777769,0.09054748,0.2609898,0.9086706
1705935777772,0.05006743,0.2545982,0.8905611
1705935777778,0.0010652645,0.23648871,0.8628642
1705935777782,-0.05006743,0.18109496,0.82557994
1705935777788,-0.08948222,0.10013486,0.7765778
1705935777792,-0.10546118,0.02876214,0.70840085
1705935777797,-0.08628642,-0.011717909,0.6295713
1705935777802,-0.043675844,-0.022370555,0.5581986
1705935777808,0.004261058,-0.014913702,0.49960902
1705935777814,0.03834952,-0.017044231,0.44741106
1705935777817,0.039414786,-0.026631612,0.39734364
1705935777822,0.014913702,-0.035153728,0.34834146
1705935777828,-0.018109497,-0.056459017,0.30253512
1705935777833,-0.06178534,-0.08735169,0.26312032
1705935777837,-0.12144015,-0.12463594,0.23755397
1705935777842,-0.19707392,-0.1470065,0.22903186
1705935777847,-0.28549087,-0.15126756,0.23648871
1705935777852,-0.37390783,-0.15765914,0.24927188
1705935777858,-0.46019423,-0.16937704,0.25566345
1705935777862,-0.5273059,-0.16724652,0.26418558
1705935777868,-0.5752428,-0.15765914,0.2545982
1705935777872,-0.5592638,-0.20026971,0.21411815
1705935777877,-0.50813115,-0.2428803,0.13528858
1705935777881,-0.44101948,-0.28122982,0.040480047
1705935777887,-0.34834146,-0.34621096,-0.04474111
1705935777891,-0.25672874,-0.40266997,-0.10972224
1705935777897,-0.19813919,-0.4495416,-0.13528858
1705935777901,-0.15765914,-0.5070659,-0.13315806
1705935777907,-0.12783173,-0.59761333,-0.12996227
1705935777911,-0.10972224,-0.7105314,-0.13848437
1705935777916,-0.11824436,-0.777643,-0.14487597
1705935777922,-0.15659387,-0.813862,-0.14913702
1705935777926,-0.21731395,-0.8277105,-0.1470065
1705935777932,-0.27696875,-0.78723043,-0.12463594
1705935777936,-0.30253512,-0.7318367,-0.07669904
1705935777942,-0.28655612,-0.6764429,-0.02876214
1705935777947,-0.23755397,-0.6061355,0.02130529
1705935777952,-0.1768339,-0.55606806,0.06391586
1705935777957,-0.12250541,-0.52411014,0.10759171
1705935777967,-0.08735169,-0.39947417,0.14807177
1705935777969,-0.083090626,-0.23222765,0.19387813
1705935777972,-0.101200126,-0.05752428,0.24501082
1705935778007,-0.12996227,0.08735169,0.30040458
1705935778008,-0.16192019,0.22264028,0.37284255
1705935778009,-0.1949434,0.32384038,0.46232477
1705935778009,-0.22583607,0.39734364,0.5699165
1705935778010,-0.22903186,0.44741106,0.6775082
1705935778010,-0.19600865,0.4676511,0.76485986
1705935778011,-0.1257012,0.44741106,0.83729786
1705935778012,-0.023435818,0.38456047,0.8809737
1705935778039,0.10333065,0.2908172,0.8905611
1705935778040,0.23648871,0.17576863,0.8681905
1705935778040,0.37603834,0.0479369,0.8127968
1705935778041,0.50600064,-0.08628642,0.73290193
1705935778041,0.61891866,-0.21411815,0.6412892
1705935778042,0.700944,-0.330232,0.5422196
1705935778054,0.74461985,-0.43249738,0.42397526
1705935778054,0.76059884,-0.52624065,0.27057716
1705935778055,0.75633776,-0.6135923,0.08735169
1705935778112,0.74248934,-0.7030745,-0.09374327
1705935778113,0.72437984,-0.7957525,-0.24714136
1705935778113,0.7052051,-0.87351686,-0.34194988
1705935778114,0.6828345,-0.8990832,-0.37284255
1705935778114,0.66365975,-0.8745821,-0.35792887
1705935778114,0.6306366,-0.8159926,-0.31318775
1705935778115,0.57311225,-0.7222493,-0.23329292
1705935778115,0.4889564,-0.58483016,-0.10865697
1705935778116,0.3717773,-0.4261058,0.0479369
1705935778116,0.22903186,-0.26844665,0.21731395
1705935778117,0.056459017,-0.13102753,0.37284255
1705935778117,-0.13209279,-0.027696876,0.535828
1705935778124,-0.33662358,0.0,0.6988135
1705935778127,-0.5411543,-0.029827405,0.8522116
1705935778128,-0.74035877,-0.082025364,0.97258645
1705935778137,-0.93423694,-0.15446335,1.0620687
1705935778140,-1.1153319,-0.21837921,1.1121361
1705935778144,-1.2644689,-0.2514024,1.1195929
1705935778148,-1.3752564,-0.27483824,1.099353
1705935778153,-1.433846,-0.28868666,1.067395
1705935778157,-1.4125407,-0.28442562,1.0205233
1705935778163,-1.2793826,-0.2695119,0.93423694
1705935778168,-1.0428939,-0.314253,0.8245147
1705935778173,-0.7669904,-0.36325517,0.68816084
1705935778179,-0.49321744,-0.406931,0.52837116
1705935778183,-0.23222765,-0.45167214,0.3749731
1705935778188,0.0063915867,-0.49215218,0.26418558
1705935778192,0.20985709,-0.50387007,0.22050974
1705935778198,0.36218992,-0.5028048,0.2396845
1705935778203,0.46658584,-0.49002165,0.3057309
1705935778207,0.5336975,-0.45486793,0.40373522
1705935778212,0.5784386,-0.4101268,0.51026165
1705935778218,0.6199839,-0.37284255,0.6061355
1705935778223,0.6689861,-0.30253512,0.72970617
1705935778227,0.7126619,-0.24394555,0.8564726
1705935778232,0.7499462,-0.19281286,0.958738
1705935778238,0.7755125,-0.17896444,1.0088054
1705935778244,0.7755125,-0.17896444,1.0088054
1705935778248,0.78296936,-0.2034655,1.0013486
1705935778253,0.7669904,-0.23116238,0.92464954
1705935778258,0.7094661,-0.3270362,0.7680557
1705935778262,0.58696073,-0.5134575,0.5475459
1705935778267,0.39095205,-0.6945524,0.24714136
1705935778272,0.13422333,-0.88843054,-0.10759171
1705935778278,-0.13635385,-1.0823087,-0.4644553
1705935778282,-0.39947417,-1.2420983,-0.793622
1705935778288,-0.6412892,-1.3347764,-1.0695255
1705935778294,-0.8447547,-1.3496901,-1.2676647
1705935778297,-1.0130665,-1.2921658,-1.3869743
1705935778302,-1.1334413,-1.1835088,-1.4050838
1705935778307,-1.1728562,-1.0855045,-1.32945
1705935778312,-1.0897655,-1.0098706,-1.1941614
1705935778318,-0.88949585,-0.9651296,-1.0130665
1705935778322,-0.6317018,-0.8990832,-0.80107886
1705935778328,-0.34194988,-0.8202536,-0.62317973
1705935778331,0.023435818,-0.7637946,-0.5752428
1705935778337,0.4293016,-0.75101143,-0.5933523
1705935778378,0.7755125,-0.7765778,-0.6263755
1705935778380,1.0034791,-0.8404937,-0.6498113
1705935778382,1.144094,-0.88949585,-0.644485
1705935778382,1.2602079,-0.8905611,-0.62744075
1705935778382,1.3582122,-0.86606,-0.59122175
1705935778382,1.4274544,-0.8032094,-0.51665324
1705935778383,1.4444987,-0.7520767,-0.41971418
1705935778383,1.3901701,-0.67963874,-0.31318775
1705935778383,1.2687299,-0.5997439,-0.19068234
1705935778388,1.1217234,-0.52624065,-0.06924219
1705935778390,0.9576728,-0.3888215,0.046871636
1705935778395,0.7861652,-0.30999196,0.12463594
1705935778400,0.6562029,-0.2790993,0.15020229
1705935778404,0.5944176,-0.2759035,0.13422333
1705935778410,0.5965481,-0.29827404,0.08522116
1705935778414,0.63702816,-0.34408042,0.015978966
1705935778420,0.69135666,-0.40053943,-0.049002163
1705935778424,0.773382,-0.4463458,-0.099069595
1705935778431,0.9374327,-0.49428272,-0.1438107
1705935778435,1.1345067,-0.5496765,-0.18535602
1705935778440,1.3315805,-0.5699165,-0.22583607
1705935778444,1.4924355,-0.5635249,-0.25566345
1705935778451,1.5904398,-0.567786,-0.27803403
1705935778455,1.6149409,-0.56885123,-0.2972088
1705935778460,1.5648735,-0.5486112,-0.31638354
1705935778465,1.4487597,-0.51452273,-0.33662358
1705935778470,1.2655342,-0.46232477,-0.34088463
1705935778475,1.0013486,-0.3888215,-0.3153183
1705935778480,0.68389976,-0.28549087,-0.2759035
1705935778485,0.34514567,-0.16298546,-0.2066613
1705935778490,0.014913702,-0.06391586,-0.112918034
1705935778495,-0.24181503,0.01917476,-0.039414786
1705935778500,-0.40266997,0.09054748,-0.00958738
1705935778505,-0.48469532,0.17150758,0.024501082
1705935778510,-0.5123922,0.2695119,0.08948222
1705935778515,-0.51665324,0.37390783,0.1949434
1705935778521,-0.52837116,0.46658584,0.33129725
1705935778525,-0.5581986,0.5123922,0.46658584
1705935778530,-0.608266,0.5400891,0.5965481
1705935778536,-0.65726817,0.58909124,0.7254451
1705935778540,-0.6849651,0.6221144,0.8245147
1705935778545,-0.6828345,0.6221144,0.8788432
1705935778550,-0.6412892,0.59228706,0.9076053
1705935778555,-0.5752428,0.5571333,0.9406285
1705935778560,-0.49002165,0.5294364,0.9853696
1705935778564,-0.39521313,0.49428272,1.0546118
1705935778570,-0.30040458,0.43249738,1.1302456
1705935778574,-0.21411815,0.3685815,1.1835088
1705935778581,-0.12250541,0.3121225,1.2048141
1705935778584,-0.013848438,0.28122982,1.2037488
1705935778589,0.12037488,0.26738137,1.1835088
1705935778594,0.25885928,0.22796659,1.1611383
1705935778599,0.3888215,0.15659387,1.1408982
1705935778604,0.48682585,0.1917476,1.091896
1705935778609,0.59122175,0.2545982,1.0865698
1705935778614,0.75633776,0.24501082,1.123854
1705935778621,0.93636745,0.28229508,1.164334
1705935778628,1.0897655,0.41438788,1.2048141
1705935778633,1.2037488,0.5656554,1.2271847
1705935778635,1.2783173,0.71479243,1.2634037
1705935778639,1.3337111,0.8767126,1.3305153
1705935778644,1.3592775,1.0492855,1.4263891
1705935778648,1.3262542,1.176052,1.4977618
1705935778653,1.2239889,1.2367721,1.5009576
1705935778659,1.0769824,1.2452941,1.4253238
1705935778663,0.9054748,1.2314457,1.3049489
1705935778669,0.74035877,1.2101405,1.1728562
1705935778673,0.6061355,1.1590078,1.0354371
1705935778679,0.5113269,1.0492855,0.8809737
1705935778683,0.46339005,0.89162636,0.7137272
1705935778688,0.46339005,0.7222493,0.5550028
1705935778693,0.5028048,0.57311225,0.42397526
1705935778698,0.5581986,0.43782368,0.34194988
1705935778703,0.6018744,0.3089267,0.3153183
1705935778708,0.59867865,0.18109496,0.30999196
1705935778713,0.551807,0.083090626,0.28868666
1705935778718,0.47297743,-0.002130529,0.24607609
1705935778722,0.3749731,-0.037284255,0.20772657
1705935778728,0.25672874,-0.07350325,0.18748654
1705935778732,0.12144015,-0.16298546,0.13209279
1705935778738,-0.023435818,-0.28229508,0.036218993
1705935778744,-0.18002969,-0.36645097,-0.07882957
1705935778747,-0.34088463,-0.37710363,-0.14168017
1705935778752,-0.49428272,-0.30786142,-0.10333065
1705935778758,-0.6327671,-0.18216023,0.05006743
1705935778762,-0.74035877,-0.046871636,0.21837921
1705935778767,-0.77870834,0.046871636,0.27164245
1705935778772,-0.7307714,0.13528858,0.20453078
1705935778777,-0.59761333,0.22264028,0.098004326
1705935778784,-0.43995422,0.32277513,0.056459017
1705935778787,-0.30679616,0.41971418,0.1107875
1705935778791,-0.21411815,0.50173956,0.1949434
1705935778797,-0.19387813,0.5411543,0.257794
1705935778801,-0.23648871,0.5432849,0.31957933
1705935778806,-0.3174488,0.47723848,0.34514567
1705935778811,-0.4250405,0.33129725,0.29188246
1705935778816,-0.5422196,0.128897,0.15233281
1705935778821,-0.6487461,-0.10759171,-0.020240024
1705935778826,-0.74461985,-0.32490566,-0.17257284
1705935778831,-0.8223842,-0.52837116,-0.30786142
1705935778842,-0.8745821,-0.66365975,-0.43036684
1705935778843,-0.89801794,-0.7435546,-0.531567
1705935778851,-0.9054748,-0.793622,-0.60293967
1705935778851,-0.91186637,-0.8117315,-0.6359629
1705935778859,-0.9150622,-0.7946873,-0.64341974
1705935778860,-0.9054748,-0.77125144,-0.64341974
1705935778865,-0.8831042,-0.74781567,-0.6625945
1705935778870,-0.8671253,-0.7552725,-0.7254451
1705935778876,-0.8628642,-0.777643,-0.8543421
1705935778879,-0.8362326,-0.8042747,-1.0354371
1705935778885,-0.8383631,-0.88843054,-1.28897
1705935778890,-0.87990844,-0.9576728,-1.5957662
1705935778895,-0.9619338,-1.0301107,-1.892975
1705935778899,-1.0791129,-1.0695255,-2.1358552
1705935778904,-1.2090752,-1.0620687,-2.2381206
1705935778909,-1.361408,-0.9374327,-2.1049626
1705935778914,-1.4892397,-0.7222493,-1.9046929
1705935778920,-1.4892397,-0.7222493,-1.9046929
1705935778925,-1.5584819,-0.47617322,-1.6863136
1705935778930,-1.5595472,-0.18748654,-1.4199976
1705935778936,-1.5158713,0.17470337,-1.0823087
1705935778939,-1.4349113,0.5795039,-0.76059884
1705935778944,-1.2783173,1.091896,-0.46978164
1705935778950,-0.9832391,1.8333201,-0.3323625
1705935778954,-0.68389976,2.2338595,-0.28336033
1705935778960,-0.45060685,2.3329291,-0.27803403
1705935778964,-0.28975195,2.3414512,-0.330232
1705935778969,-0.24714136,2.2690134,-0.47723848
1705935778975,-0.32170987,2.1624868,-0.72011876
1705935778980,-0.47830373,2.1177456,-1.0588728
1705935778984,-0.737163,1.8237327,-1.3496901
1705935778989,-1.015197,1.3315805,-1.5904398
1705935778994,-1.1749867,0.9033443,-1.8194717
1705935778999,-1.1781825,0.52837116,-1.9675435
1705935779004,-1.0663297,0.24927188,-1.9813919
1705935779009,-0.902279,0.05965481,-1.8727349
1705935779014,-0.7414241,-0.036218993,-1.6916399
1705935779018,-0.62531024,-0.020240024,-1.4679344
1705935779024,-0.56459016,0.066046394,-1.2101405
1705935779029,-0.5592638,0.13209279,-0.92464954
1705935779034,-0.5837649,0.18535602,-0.63915867
1705935779039,-0.59867865,0.24394555,-0.36645097
1705935779043,-0.60507023,0.32490566,-0.1470065
1705935779049,-0.6466155,0.4346279,-0.0031957934
1705935779054,-0.71159667,0.59867865,0.082025364
1705935779058,-0.6530071,0.36218992,0.13209279
1705935779064,-0.48469532,-0.025566347,0.15126756
1705935779068,-0.3121225,-0.34194988,0.15659387
1705935779073,-0.1949434,-0.6114618,0.1587244
1705935779078,-0.15126756,-0.77444726,0.15765914
1705935779085,-0.17789917,-0.81066626,0.16192019
1705935779089,-0.23542345,-0.75420725,0.21944448
1705935779093,-0.314253,-0.34621096,0.257794
1705935779099,-0.45060685,0.21944448,0.26418558
1705935779103,-0.5656554,0.793622,0.20772657
1705935779108,-0.60507023,1.1611383,0.07989483
1705935779114,-0.535828,1.3773869,-0.15233281
1705935779118,-0.36751625,1.506284,-0.44528055
1705935779125,-0.17150758,1.4466292,-0.6625945
1705935779128,0.08841695,1.139833,-0.8159926
1705935779133,0.34940675,0.51026165,-0.8788432
1705935779138,0.5603291,0.111852765,-0.86179894
1705935779145,0.773382,0.30786142,-0.87564737
1705935779149,0.9406285,0.7073356,-0.82877576
1705935779153,1.0610034,1.0887003,-0.6466155
1705935779157,1.1377025,1.4402375,-0.38456047
1705935779162,1.1707256,1.7704695,-0.12463594
1705935779167,1.1568772,2.082592,0.07243799
1705935779173,1.1302456,2.283927,0.25672874
1705935779178,1.1057445,2.3414512,0.515588
1705935779184,1.063134,2.1646173,0.84155893
1705935779188,0.9395633,1.6181368,1.2197278
1705935779193,0.76592517,1.144094,1.4306501
1705935779199,0.56245965,0.8404937,1.4839134
1705935779202,0.36112466,0.588026,1.474326
1705935779207,0.1917476,0.33768883,1.4775218
1705935779212,0.046871636,0.294013,1.2985574
1705935779218,-0.07456851,0.34088463,0.78296936
1705935779222,-0.15446335,0.27803403,0.25992453
1705935779228,-0.18216023,0.10972224,0.015978966
1705935779233,-0.13635385,-0.06498113,0.0127831735
1705935779237,-0.013848438,-0.19068234,0.12357068
1705935779242,0.1736381,-0.25672874,0.24820662
1705935779248,0.39734364,-0.257794,0.37603834
1705935779253,0.6146576,-0.23009712,0.531567
1705935779257,0.7882957,-0.16937704,0.7190535
1705935779261,0.89588743,-0.041545313,0.9576728
1705935779267,0.9129316,0.17896444,1.2325109
1705935779273,0.80747044,0.4495416,1.4594123
1705935779277,0.59761333,0.6870956,1.5787219
1705935779282,0.32384038,0.78723043,1.5744609
1705935779287,0.034088463,0.70840085,1.4711303
1705935779296,-0.23861924,0.50173956,1.2815131
1705935779298,-0.47510794,0.24927188,1.0333065
1705935779303,-0.6487461,0.041545313,0.71585774
1705935779305,-0.72437984,-0.053263225,0.3153183
1705935779314,-0.6849651,-0.060720075,-0.05219796
1705935779316,-0.5635249,-0.035153728,-0.257794
1705935779321,-0.39095205,0.017044231,-0.3472762
1705935779327,-0.221575,0.026631612,-0.39947417
1705935779330,-0.1736381,-0.08522116,-0.45167214
1705935779336,-0.294013,-0.24927188,-0.5070659
1705935779341,-0.50387007,-0.31318775,-0.54648066
1705935779348,-0.6743124,-0.21624869,-0.5656554
1705935779350,-0.7637946,-0.036218993,-0.5763081
1705935779360,-0.7819041,0.12144015,-0.5944176
1705935779361,-0.7595336,0.2066613,-0.6317018
1705935779365,-0.7052051,0.23542345,-0.67537767
1705935779376,-0.6221144,0.23329292,-0.7094661
1705935779377,-0.5251754,0.221575,-0.72437984
1705935779381,-0.43036684,0.20772657,-0.7275756
1705935779385,-0.34514567,0.18429075,-0.73609775
1705935779390,-0.26418558,0.16192019,-0.7488809
1705935779394,-0.19707392,0.128897,-0.70840085
1705935779400,-0.10972224,0.113983296,-0.6018744
1705935779404,0.027696876,0.12037488,-0.5006743
1705935779410,0.12996227,0.018109497,-0.43356264
1705935779415,0.112918034,-0.1917476,-0.42077947
1705935779419,0.035153728,-0.34088463,-0.46339005
1705935779424,-0.05006743,-0.39734364,-0.5336975
1705935779429,-0.12250541,-0.4165184,-0.6018744
1705935779434,-0.19068234,-0.4261058,-0.6530071
1705935779439,-0.2514024,-0.4133226,-0.67005134
1705935779444,-0.28016454,-0.3387541,-0.6593987
1705935779449,-0.31851408,-0.26418558,-0.63383234
1705935779455,-0.3153183,-0.1736381,-0.5816344
1705935779470,-0.24714136,-0.05539375,-0.52411014
1705935779473,-0.1470065,0.039414786,-0.46019423
1705935779474,-0.05006743,0.058589544,-0.4282363
1705935779476,0.066046394,0.060720075,-0.43888897
1705935779482,0.19707392,0.07669904,-0.44741106
1705935779483,0.32384038,0.15659387,-0.4495416
1705935779609,0.45593318,0.31638354,-0.45699844
1705935779610,0.5656554,0.386691,-0.44847634
1705935779610,0.6711166,0.34408042,-0.4463458
1705935779610,0.8127968,0.30466563,-0.44528055
1705935779610,0.9491506,0.29614353,-0.44101948
1705935779610,1.0428939,0.25566345,-0.4612595
1705935779611,1.1142666,0.22583607,-0.479369
1705935779611,1.1984226,0.3153183,-0.47510794
1705935779611,1.2719258,0.48682585,-0.43675843
1705935779611,1.3049489,0.6540724,-0.37390783
1705935779611,1.2836437,0.773382,-0.30999196
1705935779612,1.1504856,0.8309063,-0.27164245
1705935779612,0.92784536,0.8873653,-0.25566345
1705935779612,0.67005134,0.98750013,-0.23116238
1705935779612,0.40053943,1.0588728,-0.18855181
1705935779612,0.14807177,1.0769824,-0.15339808
1705935779613,-0.07350325,1.0162623,-0.1587244
1705935779613,-0.25246766,0.8607337,-0.13422333
1705935779613,-0.25246766,0.8607337,-0.13422333
1705935779613,-0.31851408,0.809601,-0.066046394
1705935779613,-0.28122982,0.9171927,-0.00958738
1705935779614,-0.19707392,1.0546118,0.0479369
1705935779614,-0.098004326,1.1504856,0.12783173
1705935779614,0.008522116,1.1547467,0.21731395
1705935779614,0.11717909,1.0972224,0.31318775
1705935779614,0.20985709,1.0045444,0.40266997
1705935779627,0.27057716,0.8863,0.47510794
1705935779628,0.29827404,0.7339672,0.5187838
1705935779629,0.28975195,0.55074173,0.5305017
1705935779630,0.25246766,0.40053943,0.531567
1705935779662,0.16618125,0.16937704,0.6199839
1705935779662,0.0127831735,-0.20772657,0.73609775
1705935779662,-0.09374327,-0.47297743,0.7584683
1705935779663,-0.11717909,-0.5550028,0.6988135
1705935779663,-0.07989483,-0.5006743,0.6103965
1705935779663,0.0063915867,-0.3685815,0.5251754
1705935779665,0.14168017,-0.16298546,0.45912898
1705935779670,0.30360037,0.07243799,0.40266997
1705935779675,0.45593318,0.26525086,0.21624869
1705935779680,0.57311225,0.31638354,-0.046871636
1705935779685,0.6530071,0.25033715,-0.17470337
1705935779690,0.6689861,0.20026971,-0.17044231
1705935779695,0.60933125,0.20133498,-0.10439592
1705935779700,0.49215218,0.2247708,-0.034088463
1705935779705,0.35260254,0.23861924,0.014913702
1705935779710,0.21837921,0.221575,0.0479369
1705935779714,0.10652645,0.20133498,0.06498113
1705935779720,0.025566347,0.17896444,0.07669904
1705935779725,-0.022370555,0.1555286,0.08948222
1705935779729,-0.046871636,0.12463594,0.10865697
1705935779735,-0.05006743,0.08522116,0.12037488
1705935779739,-0.04580637,0.051132694,0.10439592
1705935779744,-0.035153728,0.02130529,0.07563378
1705935779750,-0.0127831735,-0.013848438,0.043675844
1705935779755,0.022370555,-0.049002163,0.011717909
1705935779759,0.07669904,-0.084155895,-0.014913702
1705935779765,0.14807177,-0.11717909,-0.039414786
1705935779769,0.22796659,-0.13315806,-0.05965481
1705935779776,0.29614353,-0.12250541,-0.07350325
1705935779779,0.33981937,-0.07563378,-0.07989483
1705935779785,0.3472762,-0.011717909,-0.08628642
1705935779789,0.32170987,0.04580637,-0.08735169
1705935779794,0.2759035,0.084155895,-0.08522116
1705935779799,0.21624869,0.099069595,-0.07669904
1705935779804,0.16405073,0.08948222,-0.070307456
1705935779809,0.12676647,0.07350325,-0.070307456
1705935779813,0.08735169,0.06391586,-0.07350325
1705935779819,0.02876214,0.053263225,-0.07669904
1705935779825,-0.07137272,0.068176925,-0.06711166
1705935779829,-0.21837921,0.13528858,-0.051132694
1705935779833,-0.38456047,0.20133498,-0.041545313
1705935779839,-0.5219796,0.25672874,-0.034088463
1705935779844,-0.60720074,0.3057309,-0.036218993
1705935779849,-0.5944176,0.33449304,-0.037284255
1705935779854,-0.49321744,0.34834146,-0.034088463
1705935779859,-0.34621096,0.34088463,-0.03195793
1705935779865,-0.19707392,0.32384038,-0.013848438
1705935779869,-0.06498113,0.30360037,-0.017044231
1705935779873,0.024501082,0.26738137,-0.05539375
1705935779878,0.070307456,0.24074976,-0.094808534
1705935779883,0.10546118,0.2514024,-0.1257012
1705935779888,0.14594123,0.28016454,-0.1555286
1705935779893,0.17576863,0.29933932,-0.17044231
1705935779901,0.18961707,0.3089267,-0.15978967
1705935779910,0.18855181,0.3110572,-0.1257012
1705935779910,0.18429075,0.314253,-0.049002163
1705935779914,0.15020229,0.33981937,0.04580637
1705935779918,0.11504856,0.34834146,0.06391586
1705935779923,0.06924219,0.36432046,0.07989483
1705935779928,0.029827405,0.3568636,0.096939065
1705935779933,0.013848438,0.34301516,0.12144015
1705935779938,0.0063915867,0.3334278,0.14274544
1705935779943,-0.008522116,0.31957933,0.1438107
1705935779948,-0.033023197,0.294013,0.12783173
1705935779952,-0.060720075,0.26418558,0.10333065
1705935779958,-0.0777643,0.23222765,0.06498113
1705935779962,-0.09267801,0.20453078,0.02130529
1705935779967,-0.11611383,0.20240025,-0.013848438
1705935779972,-0.13741912,0.2908172,-0.024501082
1705935779977,-0.13315806,0.38242993,-0.037284255
1705935779994,-0.10333065,0.4250405,-0.051132694
1705935779995,-0.068176925,0.40906155,-0.054328486
1705935779995,-0.035153728,0.36964676,-0.03834952
1705935780025,-0.0053263223,0.3291667,-0.008522116
1705935780025,0.022370555,0.29294774,0.02876214
1705935780026,0.040480047,0.25353295,0.068176925
1705935780026,0.046871636,0.18642128,0.10226539
1705935780027,0.04261058,0.11611383,0.12144015
1705935780028,0.025566347,0.03089267,0.128897
1705935780028,-0.010652645,-0.03089267,0.12357068
1705935780056,-0.07243799,-0.10865697,0.11930962
1705935780057,-0.14807177,-0.20559604,0.112918034
1705935780057,-0.22583607,-0.2876214,0.0958738
1705935780057,-0.29507825,-0.34088463,0.080960095
1705935780058,-0.35153726,-0.37071204,0.06391586
1705935780058,-0.3930826,-0.39521313,0.039414786
1705935780102,-0.4165184,-0.4282363,0.011717909
1705935780102,-0.4314321,-0.45593318,-0.015978966
1705935780102,-0.44421527,-0.47510794,-0.033023197
1705935780103,-0.44315,-0.4857606,-0.026631612
1705935780103,-0.42717105,-0.46339005,-0.04261058
1705935780103,-0.4101268,-0.43782368,-0.05965481
1705935780104,-0.3898868,-0.4133226,-0.05219796
1705935780104,-0.3568636,-0.34834146,-0.037284255
1705935780104,-0.3206446,-0.29188246,-0.014913702
1705935780105,-0.28336033,-0.24074976,0.002130529
1705935780113,-0.24074976,-0.20985709,0.01917476
1705935780121,-0.19707392,-0.20879184,0.051132694
1705935780122,-0.1470065,-0.20453078,0.07137272
1705935780125,-0.09374327,-0.23542345,0.098004326
1705935780136,-0.04474111,-0.29294774,0.12144015
1705935780142,-0.011717909,-0.35260254,0.13635385
1705935780142,0.0031957934,-0.39734364,0.13102753
1705935780147,0.004261058,-0.4346279,0.12463594
1705935780155,-0.0010652645,-0.44101948,0.11717909
1705935780155,-0.013848438,-0.4282363,0.10865697
1705935780161,-0.03089267,-0.40373522,0.10759171
1705935780164,-0.053263225,-0.37390783,0.112918034
1705935780170,-0.07989483,-0.34621096,0.12250541
1705935780175,-0.10759171,-0.31957933,0.12783173
1705935780181,-0.13315806,-0.29827404,0.13102753
1705935780185,-0.1587244,-0.2759035,0.13315806
1705935780190,-0.17150758,-0.2066613,0.13528858
1705935780196,-0.18322548,-0.13528858,0.1438107
1705935780199,-0.19813919,-0.07669904,0.15978967
1705935780204,-0.21411815,-0.025566347,0.18002969
1705935780209,-0.22690132,0.033023197,0.19281286
1705935780214,-0.24074976,0.07563378,0.19920446
1705935780219,-0.25246766,0.1107875,0.19387813
1705935780224,-0.24607609,0.15020229,0.18002969
1705935780230,-0.24607609,0.15020229,0.18002969
1705935780236,-0.22370553,0.18002969,0.14594123
1705935780240,-0.16085494,0.24820662,0.04474111
1705935780249,0.00958738,0.41758367,-0.19707392
1705935780249,0.14061491,0.44741106,-0.25992453
1705935780254,0.15233281,0.37071204,-0.20026971
1705935780259,0.066046394,0.27696875,-0.14061491
1705935780263,-0.04474111,0.15020229,-0.10013486
1705935780268,-0.128897,0.018109497,-0.06924219
1705935780274,-0.18535602,-0.06498113,-0.04261058
1705935780278,-0.2130529,-0.10865697,-0.03089267
1705935780283,-0.22264028,-0.13422333,-0.02876214
1705935780288,-0.23009712,-0.13954964,-0.034088463
1705935780294,-0.24820662,-0.12357068,-0.040480047
1705935780299,-0.28229508,-0.09054748,-0.04474111
1705935780303,-0.3206446,-0.04580637,-0.037284255
1705935780307,-0.3323625,-0.03834952,-0.018109497
1705935780312,-0.32170987,-0.01917476,-0.0127831735
1705935780319,-0.2972088,0.010652645,-0.017044231
1705935780323,-0.27164245,0.04580637,-0.02876214
1705935780328,-0.257794,0.0628506,-0.040480047
1705935780334,-0.25566345,0.05006743,-0.06924219
1705935780337,-0.2695119,-0.013848438,-0.12357068
1705935780346,-0.32810146,-0.13209279,-0.17896444
1705935780348,-0.39947417,-0.22050974,-0.20985709
1705935780352,-0.43782368,-0.2396845,-0.21411815
1705935780358,-0.41864893,-0.23329292,-0.2066613
1705935780365,-0.35792887,-0.23435818,-0.2034655
1705935780367,-0.28229508,-0.24074976,-0.20453078
1705935780372,-0.20772657,-0.22583607,-0.2066613
1705935780377,-0.13528858,-0.18216023,-0.19281286
1705935780382,-0.07243799,-0.112918034,-0.1587244
1705935780387,-0.02130529,-0.029827405,-0.12250541
1705935780395,0.014913702,0.05539375,-0.096939065
1705935780398,0.04261058,0.13954964,-0.08628642
1705935780402,0.051132694,0.22050974,-0.09161274
1705935780407,0.053263225,0.2972088,-0.098004326
1705935780413,0.07456851,0.36112466,-0.10546118
1705935780417,0.13209279,0.3749731,-0.11930962
1705935780422,0.20772657,0.34834146,-0.13315806
1705935780428,0.28442562,0.34088463,-0.12144015
1705935780431,0.33768883,0.34408042,-0.084155895
1705935780437,0.35899413,0.350472,-0.049002163
1705935780441,0.35260254,0.36964676,-0.018109497
1705935780447,0.32810146,0.3898868,0.049002163
1705935780451,0.314253,0.3898868,0.20240025
1705935780456,0.3153183,0.3888215,0.30999196
1705935780461,0.30466563,0.37284255,0.2790993
1705935780466,0.26525086,0.2790993,0.1917476
1705935780471,0.19920446,0.099069595,0.09054748
1705935780478,0.10439592,-0.10972224,-0.03089267
1705935780481,-0.004261058,-0.32810146,-0.17896444
1705935780486,-0.10759171,-0.5305017,-0.33449304
1705935780491,-0.20026971,-0.67537767,-0.46552056
1705935780496,-0.29827404,-0.7307714,-0.55606806
1705935780500,-0.406931,-0.6870956,-0.608266
1705935780505,-0.50173956,-0.55287224,-0.61572284
1705935780511,-0.57417756,-0.36751625,-0.5816344
1705935780516,-0.6295713,-0.19707392,-0.53795856
1705935780520,-0.66579026,-0.066046394,-0.52624065
1705935780525,-0.68176925,0.043675844,-0.5550028
1705935780530,-0.6828345,0.12463594,-0.6103965
1705935780536,-0.67005134,0.17470337,-0.67324716
1705935780540,-0.6327671,0.1917476,-0.737163
1705935780545,-0.5933523,0.19387813,-0.8149273
1705935780550,-0.53795856,0.17576863,-0.9139969
1705935780555,-0.45380265,0.16724652,-1.019458
1705935780561,-0.34834146,0.1555286,-1.139833
1705935780565,-0.24501082,0.16192019,-1.2804478
1705935780570,-0.12996227,0.17044231,-1.438107
1705935780575,-0.018109497,0.18961707,-1.6021577
1705935780580,0.07350325,0.21198763,-1.7608821
1705935780585,0.1555286,0.22903186,-1.9259981
1705935780590,0.24501082,0.26312032,-2.1166804
1705935780595,0.34194988,0.28229508,-2.3254724
1705935780599,0.44421527,0.26205507,-2.538525
1705935780605,0.5475459,0.19387813,-2.7579696
1705935780610,0.66152924,0.07137272,-2.98061
1705935780615,0.78936094,-0.18429075,-3.222425
1705935780619,0.9289106,-0.5219796,-3.456783
1705935780624,1.063134,-0.8969527,-3.7145772
1705935780629,1.1888351,-1.2634037,-3.9425437
1705935780635,1.2836437,-1.5861788,-4.1140513
1705935780639,1.3571469,-1.768339,-4.2461443
1705935780644,1.3923006,-1.8066885,-4.3334956
1705935780649,1.3560816,-1.8109496,-4.3995423
1705935780655,1.293231,-1.804558,-4.459197
1705935780659,1.2357068,-1.9153455,-4.5444183
1705935780664,1.200553,-2.1731396,-4.669054
1705935780669,1.1590078,-2.4522388,-4.7947555
1705935780674,1.1153319,-2.7398603,-4.897021
1705935780679,0.9289106,-3.0743532,-4.95348
1705935780684,0.59228706,-3.347061,-4.9300437
1705935780689,0.16724652,-3.4333472,-4.7862334
1705935780694,-0.19707392,-3.4408042,-4.5742455
1705935780699,-0.43995422,-3.4088464,-4.335626
1705935780704,-0.644485,-3.2756882,-4.027765
1705935780709,-0.829841,-3.1148334,-3.6282907
1705935780715,-0.9576728,-2.984871,-3.158509
1705935780719,-1.0546118,-3.037069,-2.650378
1705935780729,-1.1068097,-3.0423954,-2.1624868
1705935780730,-1.2037488,-2.492719,-1.7299895
1705935780734,-1.2985574,-1.9409119,-1.3582122
1705935780738,-1.3773869,-1.4604776,-0.9768475
1705935780743,-1.4572818,-0.94595486,-0.57311225
1705935780748,-1.5094798,-0.4910869,-0.16831179
1705935780754,-1.5456988,-0.043675844,0.221575
1705935780759,-1.6074841,0.26418558,0.60933125
1705935780763,-1.7108147,0.42077947,1.0098706
1705935780768,-1.7928401,0.4910869,1.3773869
1705935780774,-1.8301244,0.48363006,1.639442
1705935780783,-1.8386464,0.36432046,1.7715348
1705935780784,-1.8524948,0.10865697,1.784318
1705935780787,-1.8695391,-0.14168017,1.6671388
1705935780793,-1.8535602,-0.36112466,1.4263891
1705935780801,-1.7779263,-0.7552725,1.123854
1705935780803,-1.6500946,-1.2676647,0.7946873
1705935780810,-1.4924355,-1.8098843,0.47191215
1705935780812,-1.32945,-2.304167,0.2066613
1705935780817,-1.1387677,-2.663161,0.03834952
1705935780826,-0.86499476,-2.775014,0.002130529
1705935780828,-0.51026165,-2.586462,0.128897
1705935780832,-0.18748654,-2.2445123,0.4133226
1705935780837,-0.0063915867,-1.9526298,0.8223842
1705935780842,0.08841695,-1.6916399,1.2974921
1705935780848,0.21198763,-1.3262542,1.7726
1705935780852,0.37923414,-0.902279,2.198706
1705935780857,0.5368933,-0.5635249,2.5470474
1705935780868,0.6743124,-0.39947417,2.7579696
1705935780869,0.82344943,-0.41971418,2.7760792
1705935780872,0.99069595,-0.5795039,2.5928538
1705935780876,0.99069595,-0.5795039,2.5928538
1705935780882,1.1579424,-0.809601,2.2530344
1705935780886,1.3006879,-1.0737866,1.816276
1705935780893,1.3997575,-1.3582122,1.3326459
1705935780896,1.4444987,-1.6703347,0.8245147
1705935780901,1.4583471,-1.9792614,0.3057309
1705935780908,1.4413028,-2.2306638,-0.2034655
1705935780911,1.3720607,-2.3819313,-0.6679208
1705935780915,1.2516857,-2.4021714,-1.0588728
1705935780921,1.0972224,-2.3158848,-1.3390374
1705935780926,0.9171927,-2.1688783,-1.4871092
1705935780931,0.73609775,-2.0026972,-1.5201324
1705935780936,0.5336975,-1.8546255,-1.4849787
1705935780943,0.28975195,-1.6532904,-1.4221281
1705935780946,-0.002130529,-1.3145363,-1.3411679
1705935780952,-0.3174488,-0.8586032,-1.2634037
1705935780956,-0.5251754,-0.5336975,-1.284709
1705935780960,-0.6583334,-0.20772657,-1.3773869
1705935780965,-0.8319715,0.27057716,-1.4317155
1705935780971,-1.0343717,0.72437984,-1.4998924
1705935780975,-1.176052,1.0066749,-1.6650083
1705935780981,-1.2154667,1.196292,-1.8919097
1705935780985,-1.1653993,1.32945,-2.13479
1705935780992,-1.0301107,1.3443637,-2.401106
1705935780995,-0.84155893,1.2420983,-2.6919234
1705935781000,-0.6668556,1.0684602,-2.9933932
1705935781005,-0.5400891,0.82557994,-3.2969935
1705935781011,-0.45912898,0.5123922,-3.5739622
1705935781015,-0.42290998,0.1438107,-3.7827542
1705935781020,-0.43995422,-0.22050974,-3.891411
1705935781025,-0.4878911,-0.56885123,-3.899933
1705935781031,-0.5656554,-0.8522116,-3.7838194
1705935781035,-0.66579026,-0.98856544,-3.5537221
1705935781040,-0.77870834,-1.0215886,-3.2618399
1705935781046,-0.8681905,-1.0567423,-2.9944584
1705935781050,-0.8873653,-1.1451592,-2.7505128
1705935781055,-0.82877576,-1.2911005,-2.538525
1705935781060,-0.7765778,-1.3848438,-2.2786007
1705935781065,-0.7957525,-1.3965617,-1.9164108
1705935781075,-0.8767126,-1.3646038,-1.4828482
1705935781075,-0.95234644,-1.2996227,-1.0663297
1705935781079,-0.94595486,-1.1579424,-0.71585774
1705935781085,-0.82877576,-0.9853696,-0.4346279
1705935781090,-0.6508766,-0.9044095,-0.23435818
1705935781098,-0.45593318,-0.98750013,-0.1470065
1705935781099,-0.27696875,-1.1941614,-0.1555286
1705935781104,-0.12357068,-1.4668691,-0.21624869
1705935781109,0.0127831735,-1.7864485,-0.30040458
1705935781114,0.1257012,-2.1230721,-0.39095205
1705935781119,0.0010652645,-2.1166804,-0.45806372
1705935781123,-0.4016047,-1.784318,-0.5049353
1705935781129,-0.73609775,-1.5883093,-0.535828
1705935781133,-1.0354371,-1.4498249,-0.5539375
1705935781139,-1.2804478,-1.4647386,-0.57098174
1705935781143,-1.4711303,-1.6298546,-0.608266
1705935781148,-1.6042882,-1.9068234,-0.6764429
1705935781153,-1.675661,-2.2370553,-0.7680557
1705935781158,-1.6799221,-2.433064,-0.86606
1705935781163,-1.6309199,-2.4564998,-0.93423694
1705935781168,-1.546764,-2.3584955,-0.9651296
1705935781173,-1.4295849,-2.1763353,-0.97045594
1705935781178,-1.2697952,-1.9600866,-0.96619487
1705935781183,-1.0759171,-1.8013622,-0.94488955
1705935781189,-0.8511463,-1.7449032,-0.91612744
1705935781193,-0.6125271,-1.7832527,-0.89375687
1705935781198,-0.40053943,-1.8418423,-0.87032104
1705935781203,-0.23116238,-1.8780613,-0.85753787
1705935781209,-0.10865697,-1.8578212,-0.85753787
1705935781212,-0.068176925,-1.7108147,-0.8309063
1705935781217,-0.128897,-1.506284,-0.7595336
1705935781222,-0.294013,-1.3784522,-0.6689861
1705935781227,-0.52411014,-1.2825783,-0.5954828
1705935781232,-0.77444726,-1.196292,-0.59122175
1705935781237,-0.922519,-1.0737866,-0.61678815
1705935781242,-0.91186637,-0.91612744,-0.6306366
1705935781248,-0.8085357,-0.850081,-0.62531024
1705935781252,-0.65194184,-0.9171927,-0.6114618
1705935781257,-0.4708469,-1.0663297,-0.58269966
1705935781262,-0.29188246,-1.2154667,-0.535828
1705935781267,-0.14913702,-1.2559468,-0.47617322
1705935781272,-0.060720075,-1.1515509,-0.40906155
1705935781277,0.0053263223,-0.9917612,-0.34194988
1705935781282,0.05965481,-0.8181231,-0.26738137
1705935781287,0.0958738,-0.63915867,-0.18748654
1705935781291,0.12037488,-0.4825648,-0.11504856
1705935781296,0.1555286,-0.39521313,-0.053263225
1705935781302,0.23329292,-0.43249738,-0.014913702
1705935781307,0.31851408,-0.5070659,-0.014913702
1705935781312,0.36645097,-0.5613944,-0.04580637
1705935781316,0.40053943,-0.6018744,-0.099069595
1705935781322,0.43675843,-0.6668556,-0.165116
1705935781326,0.4910869,-0.773382,-0.24607609
1705935781332,0.572047,-0.9555422,-0.35579833
1705935781336,0.6498113,-1.2197278,-0.50173956
1705935781342,0.69029135,-1.5030881,-0.65194184
1705935781346,0.6679208,-1.7150757,-0.7850999
1705935781351,0.6018744,-1.8354506,-0.8969527
1705935781359,0.51771855,-1.8833876,-0.9960223
1705935781363,0.46658584,-1.9941751,-1.0546118
1705935781367,0.52411014,-2.1539648,-0.9310411
1705935781371,0.6327671,-2.102832,-0.78083885
1705935781376,0.76912093,-1.9664782,-0.6924219
1705935781381,0.7680557,-1.8375812,-0.5603291
1705935781386,0.24607609,-1.2676647,-0.4293016
1705935781391,-0.041545313,-0.6498113,-0.3174488
1705935781396,-0.19068234,-0.18429075,-0.22050974
1705935781401,-0.26312032,0.1736381,-0.15446335
1705935781407,-0.26205507,0.42397526,-0.096939065
1705935781411,-0.22370553,0.6146576,-0.0031957934
1705935781416,-0.18535602,0.75633776,0.09374327
1705935781421,-0.13528858,0.8447547,0.18855181
1705935781427,-0.10865697,0.97258645,0.27483824
1705935781431,-0.13954964,1.1227888,0.33449304
1705935781436,-0.1768339,1.1707256,0.36325517
1705935781440,-0.23222765,1.1504856,0.37284255
1705935781446,-0.29933932,1.1387677,0.36112466
1705935781450,-0.3174488,1.0972224,0.30253512
1705935781455,-0.24394555,0.9555422,0.18748654
1705935781460,-0.10439592,0.7350325,0.05965481
1705935781465,0.03834952,0.55074173,-0.026631612
1705935781470,0.10546118,0.45806372,-0.09054748
1705935781475,0.13315806,0.39521313,-0.1470065
1705935781480,0.13741912,0.34834146,-0.19600865
1705935781485,0.11611383,0.31851408,-0.22583607
1705935781490,0.083090626,0.3121225,-0.23329292
1705935781495,0.023435818,0.27057716,-0.22583607
1705935781500,-0.07669904,0.16298546,-0.21092236
1705935781505,-0.15233281,0.101200126,-0.20772657
1705935781509,-0.26205507,-0.0777643,-0.18002969
1705935781515,-0.45699844,-0.42077947,-0.1470065
1705935781521,-0.65194184,-0.737163,-0.15765914
1705935781525,-0.8085357,-0.9864349,-0.1768339
1705935781529,-0.8085357,-0.9864349,-0.1768339
1705935781535,-0.9139969,-1.1664646,-0.165116
1705935781539,-0.9555422,-1.2953615,-0.12357068
1705935781544,-0.9576728,-1.3592775,-0.082025364
1705935781549,-0.9289106,-1.365669,-0.06178534
1705935781555,-0.86392945,-1.3624732,-0.066046394
1705935781559,-0.757403,-1.4082797,-0.084155895
1705935781564,-0.716923,-1.4146712,-0.1257012
1705935781569,-0.69668293,-1.3997575,-0.18109496
1705935781574,-0.6061355,-1.3869743,-0.25033715
1705935781579,-0.48682585,-1.2879047,-0.30466563
1705935781584,-0.35153726,-1.071656,-0.32810146
1705935781588,-0.2130529,-0.7456851,-0.3206446
1705935781594,-0.05752428,-0.3472762,-0.29188246
1705935781599,0.11504856,0.09054748,-0.2428803
1705935781605,0.29507825,0.551807,-0.18642128
1705935781608,0.4878911,0.9672601,-0.1470065
1705935781613,0.6870956,1.2836437,-0.13422333
1705935781619,0.8628642,1.5030881,-0.1470065
1705935781624,0.9821738,1.6500946,-0.1768339
1705935781628,1.0471549,1.716141,-0.2034655
1705935781633,1.0812434,1.6682042,-0.21518342
1705935781638,1.0855045,1.5233282,-0.20879184
1705935781643,1.051416,1.3166668,-0.19387813
1705935781648,0.9800433,1.0652645,-0.18642128
1705935781653,0.89588743,0.7520767,-0.17896444
1705935781659,0.8021441,0.38029942,-0.16831179
1705935781663,0.680704,0.015978966,-0.15126756
1705935781669,0.531567,-0.2790993,-0.12144015
1705935781674,0.37816888,-0.46871635,-0.08948222
1705935781678,0.25033715,-0.5581986,-0.0628506
1705935781685,0.16831179,-0.5699165,-0.04261058
1705935781689,0.13209279,-0.515588,-0.018109497
1705935781692,0.13741912,-0.3898868,0.010652645
1705935781698,0.17896444,-0.18961707,0.043675844
1705935781704,0.2428803,0.066046394,0.07350325
1705935781709,0.3153183,0.33129725,0.084155895
1705935781719,0.38456047,0.551807,0.07350325
1705935781724,0.43782368,0.7105314,0.051132694
1705935781725,0.47297743,0.8404937,-0.002130529
1705935781729,0.47297743,0.8404937,-0.002130529
1705935781732,0.45486793,0.8383631,-0.034088463
1705935781738,0.42077947,0.8245147,-0.068176925
1705935781742,0.37603834,0.8127968,-0.096939065
1705935781748,0.33662358,0.809601,-0.113983296
1705935781753,0.29827404,0.813862,-0.12996227
1705935781758,0.26631612,0.7882957,-0.1438107
1705935781762,0.24394555,0.7073356,-0.13741912
1705935781767,0.22903186,0.572047,-0.10865697
1705935781772,0.20453078,0.4016047,-0.06924219
1705935781777,0.15659387,0.22903186,-0.029827405
1705935781783,0.094808534,0.06711166,-0.004261058
1705935781787,0.040480047,-0.07243799,0.010652645
1705935781792,0.008522116,-0.16937704,0.018109497
1705935781797,-0.002130529,-0.20879184,0.023435818
1705935781803,0.0053263223,-0.19387813,0.023435818
1705935781807,0.03089267,-0.15446335,0.013848438
1705935781812,0.068176925,-0.10226539,0.0010652645
1705935781818,0.10652645,-0.036218993,-0.007456851
1705935781822,0.13954964,0.046871636,-0.0127831735
1705935781827,0.16405073,0.1438107,-0.03089267
1705935781832,0.18322548,0.2396845,-0.05539375
1705935781837,0.20985709,0.3270362,-0.084155895
1705935781842,0.23116238,0.40586576,-0.10226539
1705935781848,0.24607609,0.49747851,-0.10759171
1705935781856,0.257794,0.6114618,-0.099069595
1705935781857,0.26738137,0.73822826,-0.08841695
1705935781861,0.28868666,0.8607337,-0.07989483
1705935781867,0.32170987,0.9864349,-0.07882957
1705935781876,0.35792887,1.1068097,-0.07456851
1705935781881,0.3888215,1.2154667,-0.068176925
1705935781882,0.4165184,1.2921658,-0.0628506
1705935781891,0.45167214,1.2708606,-0.07137272
1705935781892,0.4910869,1.103614,-0.07989483
1705935781906,0.5134575,0.8127968,-0.07989483
1705935781907,0.4910869,0.45912898,-0.083090626
1705935781908,0.41864893,0.12144015,-0.096939065
1705935781910,0.3057309,-0.17257284,-0.1257012
1705935781915,0.19813919,-0.43036684,-0.16618125
1705935781920,0.13741912,-0.67963874,-0.20879184
1705935781925,0.12783173,-0.91612744,-0.23009712
1705935781930,0.13102753,-1.1014835,-0.23542345
1705935781935,0.11611383,-1.2090752,-0.22370553
1705935781940,0.080960095,-1.2282499,-0.21092236
1705935781945,0.03834952,-1.1973573,-0.21944448
1705935781949,0.0127831735,-1.1590078,-0.24181503
1705935781954,0.0031957934,-1.1121361,-0.26205507
1705935781961,-0.0053263223,-1.0524813,-0.25672874
1705935781965,-0.022370555,-0.98110855,-0.22690132
1705935781971,-0.043675844,-0.89801794,-0.18429075
1705935781974,-0.0628506,-0.78936094,-0.14168017
1705935781980,-0.080960095,-0.6498113,-0.10546118
1705935781984,-0.09161274,-0.47510794,-0.07989483
1705935781990,-0.098004326,-0.27696875,-0.05965481
1705935782011,-0.08735169,-0.083090626,-0.046871636
1705935782012,-0.06924219,0.09267801,-0.03834952
1705935782012,-0.05219796,0.2609898,-0.03089267
1705935782013,-0.036218993,0.4165184,-0.024501082
1705935782014,-0.011717909,0.5273059,-0.020240024
1705935782026,0.03195793,0.54648066,-0.017044231
1705935782026,0.08628642,0.45806372,-0.0127831735
1705935782038,0.13741912,0.27483824,-0.0063915867
1705935782039,0.15233281,0.03089267,-0.0063915867
1705935782039,0.1257012,-0.26738137,-0.008522116
1705935782042,0.06924219,-0.5795039,-0.004261058
1705935782048,-0.010652645,-0.85966843,0.00958738
1705935782079,-0.08948222,-1.0737866,0.02130529
1705935782079,-0.15126756,-1.2112057,0.02876214
1705935782079,-0.1949434,-1.2644689,0.03195793
1705935782080,-0.21092236,-1.2399678,0.034088463
1705935782080,-0.19920446,-1.1430287,0.046871636
1705935782080,-0.16405073,-0.98750013,0.066046394
1705935782082,-0.111852765,-0.7840346,0.08522116
1705935782088,-0.068176925,-0.51984906,0.096939065
1705935782092,-0.0031957934,-0.24501082,0.10652645
1705935782097,0.07989483,0.00958738,0.11824436
1705935782102,0.14594123,0.25033715,0.12996227
1705935782107,0.17470337,0.4708469,0.13102753
1705935782112,0.18002969,0.6540724,0.12144015
1705935782117,0.18642128,0.78296936,0.10546118
1705935782121,0.20026971,0.8479505,0.09374327
1705935782126,0.20559604,0.87564737,0.09161274
1705935782133,0.1949434,0.88949585,0.094808534
1705935782137,0.17257284,0.8948221,0.09374327
1705935782141,0.16831179,0.8490158,0.09161274
1705935782146,0.18535602,0.7105314,0.0958738
1705935782151,0.20133498,0.49534798,0.10652645
1705935782156,0.18109496,0.24074976,0.12676647
1705935782161,0.11611383,-0.014913702,0.15126756
1705935782167,0.017044231,-0.23542345,0.17150758
1705935782171,-0.08948222,-0.40266997,0.18429075
1705935782177,-0.18002969,-0.5294364,0.19920446
1705935782181,-0.24927188,-0.6327671,0.22583607
1705935782187,-0.30040458,-0.72011876,0.26418558
1705935782191,-0.3387541,-0.7946873,0.30786142
1705935782196,-0.36218992,-0.8692558,0.3472762
1705935782202,-0.36218992,-0.8692558,0.3472762
1705935782206,-0.3717773,-0.9374327,0.3717773
1705935782211,-0.38136467,-0.98110855,0.37710363
1705935782216,-0.39840892,-0.9683254,0.37071204
1705935782221,-0.4133226,-0.88843054,0.34834146
1705935782226,-0.406931,-0.73290193,0.30999196
1705935782231,-0.36005938,-0.48682585,0.25566345
1705935782236,-0.27377295,-0.14061491,0.19813919
1705935782242,-0.15659387,0.2908172,0.14274544
1705935782246,-0.026631612,0.7680557,0.0958738
1705935782251,0.10439592,1.2282499,0.06391586
1705935782256,0.21944448,1.6128104,0.046871636
1705935782261,0.30679616,1.9068234,0.04261058
1705935782265,0.36005938,2.130529,0.04474111
1705935782272,0.38242993,2.2626216,0.037284255
1705935782276,0.4016047,2.2722092,0.015978966
1705935782281,0.4101268,2.218946,-0.002130529
1705935782288,0.4133226,2.098571,-0.002130529
1705935782290,0.4165184,1.9078887,0.0063915867
1705935782297,0.40266997,1.6479641,0.008522116
1705935782300,0.34834146,1.3539511,-0.002130529
1705935782306,0.24501082,1.0610034,-0.026631612
1705935782311,0.113983296,0.79255676,-0.06178534
1705935782324,-0.015978966,0.5752428,-0.10013486
1705935782325,-0.11824436,0.4261058,-0.128897
1705935782326,-0.17896444,0.35792887,-0.1438107
1705935782332,-0.19281286,0.35579833,-0.15339808
1705935782335,-0.16831179,0.39840892,-0.17044231
1705935782339,-0.11930962,0.4644553,-0.1917476
1705935782345,-0.06178534,0.5496765,-0.20879184
1705935782349,-0.007456851,0.6743124,-0.21518342
1705935782355,0.035153728,0.8330368,-0.21092236
1705935782359,0.07456851,1.0066749,-0.20133498
1705935782366,0.112918034,1.1685951,-0.18748654
1705935782369,0.14274544,1.3038837,-0.16831179
1705935782375,0.16724652,1.4136059,-0.15233281
1705935782379,0.1736381,1.5073493,-0.14168017
1705935782384,0.16192019,1.6074841,-0.11504856
1705935782389,0.14061491,1.716141,-0.084155895
1705935782394,0.12144015,1.8301244,-0.054328486
1705935782399,0.10333065,1.9270633,-0.027696876
1705935782404,0.084155895,2.0090888,-0.010652645
1705935782409,0.05965481,2.0698087,-0.0010652645
1705935782414,0.041545313,2.0772657,-0.0031957934
1705935782418,0.043675844,1.9867182,-0.015978966
1705935782423,0.05965481,1.7992316,-0.035153728
1705935782428,0.07563378,1.5361114,-0.05965481
1705935782434,0.07350325,1.2357068,-0.07669904
1705935782438,0.04580637,0.9289106,-0.08628642
1705935782443,0.013848438,0.62317973,-0.098004326
1705935782449,-0.007456851,0.32384038,-0.11824436
1705935782454,-0.00958738,0.037284255,-0.13315806
1705935782459,-0.010652645,-0.2034655,-0.12676647
1705935782463,-0.024501082,-0.35899413,-0.09054748
1705935782468,-0.04474111,-0.4079963,-0.024501082
1705935782473,-0.053263225,-0.36432046,0.04580637
1705935782478,-0.036218993,-0.22903186,0.099069595
1705935782483,0.0053263223,-0.013848438,0.12250541
1705935782488,0.07137272,0.25992453,0.13315806
1705935782494,0.14807177,0.5454154,0.15978967
1705935782498,0.2247708,0.7861652,0.20772657
1705935782503,0.28655612,0.9491506,0.24501082
1705935782508,0.32384038,1.0279802,0.25885928
1705935782513,0.33129725,1.026915,0.25672874
1705935782518,0.31851408,0.96086854,0.257794
1705935782523,0.29294774,0.88843054,0.2609898
1705935782528,0.25992453,0.84368944,0.27483824
1705935782533,0.21092236,0.8159926,0.29827404
1705935782539,0.15765914,0.7680557,0.31957933
1705935782543,0.10439592,0.68176925,0.3323625
1705935782548,0.0628506,0.5613944,0.3387541
1705935782563,0.04474111,0.4314321,0.34301516
1705935782563,0.05752428,0.31638354,0.3472762
1705935782564,0.09267801,0.22264028,0.35260254
1705935782569,0.13954964,0.1438107,0.36432046
1705935782573,0.19281286,0.068176925,0.38242993
1705935782577,0.257794,-0.013848438,0.4079963
1705935782583,0.34408042,-0.08628642,0.44421527
1705935782587,0.47617322,-0.13954964,0.48469532
1705935782593,0.6263755,-0.14913702,0.51771855
1705935782597,0.7755125,-0.13741912,0.55287224
1705935782602,0.92784536,-0.14487597,0.5944176
1705935782608,1.1068097,-0.18748654,0.6412892
1705935782612,1.2953615,-0.22050974,0.7137272
1705935782616,1.2708606,-0.002130529,0.87032104
1705935782621,1.0503508,0.22690132,1.0865698
1705935782626,0.8085357,0.33981937,1.2953615
1705935782631,0.6040049,0.4495416,1.4775218
1705935782636,0.4133226,0.51665324,1.6202673
1705935782642,0.34834146,0.76592517,1.700162
1705935782646,0.44741106,1.0024139,1.700162
1705935782651,0.58483016,1.055677,1.6447684
1705935782656,0.75633776,1.0663297,1.5606124
1705935782661,0.96299905,1.0695255,1.4711303
1705935782666,1.1867046,1.0684602,1.3859091
1705935782671,1.4072144,1.0737866,1.3038837
1705935782675,1.6021577,1.0855045,1.2282499
1705935782680,1.75236,1.0780476,1.1611383
1705935782685,1.8599517,1.0365024,1.0929613
1705935782691,1.933455,0.97471696,1.0098706
1705935782696,1.9781961,0.89588743,0.9012137
1705935782701,2.0037625,0.80533993,0.7701862
1705935782706,2.0122845,0.7233146,0.6327671
1705935782715,1.9867182,0.6679208,0.5123922
1705935782716,1.8780613,0.60720074,0.4314321
1705935782720,1.743838,0.6583334,0.36645097
1705935782725,1.619202,0.7392935,0.3174488
1705935782736,1.4615428,0.78723043,0.2972088
1705935782736,1.2719258,0.809601,0.30146983
1705935782739,1.071656,0.82877576,0.33449304
1705935782745,0.8852348,0.88203895,0.39627838
1705935782751,0.72651035,0.98430437,0.479369
1705935782754,0.60293967,1.139833,0.572047
1705935782759,0.5230448,1.3507553,0.6668556
1705935782764,0.49321744,1.6117451,0.753142
1705935782769,0.4857606,1.8588865,0.8362326
1705935782774,0.48043427,2.0442424,0.91825795
1705935782779,0.47617322,2.1667478,1.0002834
1705935782784,0.47297743,2.231729,1.067395
1705935782790,0.4857606,2.2498386,1.1014835
1705935782794,0.5230448,2.2264028,1.091896
1705935782799,0.5816344,2.1528995,1.0428939
1705935782804,0.6593987,2.0240026,0.95447695
1705935782809,0.7456851,1.8588865,0.8490158
1705935782813,0.8309063,1.6831179,0.73609775
1705935782819,0.90654004,1.5137408,0.61891866
1705935782824,0.96939063,1.3592775,0.49747851
1705935782830,1.0183928,1.2239889,0.37923414
1705935782834,1.0492855,1.1185277,0.2759035
1705935782838,1.0663297,1.0663297,0.19920446
1705935782844,1.0748519,1.0705907,0.15978967
1705935782849,1.0844392,1.1259845,0.19068234
1705935782853,1.0791129,1.2261194,0.2545982
1705935782862,1.0652645,1.325189,0.35260254
1705935782865,1.0439591,1.3859091,0.47510794
1705935782875,1.0439591,1.3859091,0.47510794
1705935782876,1.026915,1.4104102,0.5965481
1705935782880,1.019458,1.4242586,0.7105314
1705935782883,1.0183928,1.397627,0.8064052
1705935782888,1.0056096,1.3124058,0.8788432
1705935782894,0.9736517,1.1451592,0.9321064
1705935782899,0.9289106,0.9129316,0.9672601
1705935782903,0.87990844,0.6530071,0.98750013
1705935782908,0.8309063,0.41545314,1.0002834
1705935782917,0.7797736,0.22370553,1.010936
1705935782917,0.7233146,0.068176925,1.0365024
1705935782922,0.6764429,-0.05006743,1.0780476
1705935782927,0.6530071,-0.1257012,1.1377025
1705935782932,0.6487461,-0.16192019,1.2058793
1705935782937,0.66579026,-0.14061491,1.2719258
1705935782942,0.7052051,-0.066046394,1.3305153
1705935782947,0.7680557,0.07137272,1.3635385
1705935782952,0.8479505,0.2130529,1.3496901
1705935782957,0.9416938,0.3206446,1.293231
1705935782962,1.0482203,0.34834146,1.2133362
1705935782968,1.1632688,0.2908172,1.1163971
1705935782972,1.2793826,0.16831179,1.0066749
1705935782977,1.3923006,-0.0053263223,0.8873653
1705935782981,1.4935007,-0.21518342,0.7680557
1705935782987,1.5744609,-0.44315,0.6583334
1705935782991,1.6330504,-0.66579026,0.5795039
1705935782997,1.659682,-0.8586032,0.5368933
1705935783001,1.6522251,-0.99921805,0.531567
1705935783007,1.6085494,-1.087635,0.55606806
1705935783018,1.5478293,-1.1302456,0.60507023
1705935783018,1.4828482,-1.1291803,0.67218184
1705935783022,1.4274544,-1.0961571,0.75633776
1705935783029,1.3848438,-1.031176,0.85540736
1705935783031,1.3528858,-0.93636745,0.96406436
1705935783037,1.3337111,-0.8202536,1.0759171
1705935783042,1.3241237,-0.7094661,1.1845741
1705935783048,1.3198626,-0.6263755,1.2836437
1705935783051,1.3081448,-0.55606806,1.3709954
1705935783057,1.2879047,-0.5251754,1.4402375
1705935783062,1.2559468,-0.5571333,1.4668691
1705935783067,1.1984226,-0.6743124,1.442368
1705935783072,1.1121361,-0.8841695,1.3688648
1705935783077,0.99495703,-1.1707256,1.2431636
1705935783081,0.84155893,-1.506284,1.0599382
1705935783087,0.63383234,-1.861017,0.8319715
1705935783091,0.3653857,-2.2093585,0.60080916
1705935783097,0.05219796,-2.5076325,0.40266997
1705935783101,-0.28016454,-2.702576,0.25246766
1705935783107,-0.6178534,-2.7814054,0.15020229
1705935783111,-0.9502159,-2.7728834,0.08735169
1705935783116,-1.2719258,-2.7057717,0.05965481
1705935783121,-1.5701998,-2.630138,0.066046394
1705935783126,-1.8237327,-2.5800705,0.096939065
1705935783132,-2.0176108,-2.5470474,0.13209279
1705935783136,-2.1443772,-2.5204158,0.14913702
1705935783141,-2.2178805,-2.5204158,0.13528858
1705935783147,-2.2615564,-2.5651567,0.07669904
1705935783151,-2.2988408,-2.6695528,-0.022370555
1705935783157,-2.3031018,-2.8495824,-0.15233281
1705935783161,-2.2775354,-3.0221553,-0.3121225
1705935783169,-2.231729,-3.1393344,-0.4910869
1705935783171,-2.1805964,-3.1819448,-0.67218184
1705935783176,-2.1401162,-3.161705,-0.82344943
1705935783181,-2.1369205,-3.110572,-0.91825795
1705935783188,-2.183792,-3.0477216,-0.9395633
1705935783192,-2.271144,-2.9742184,-0.89375687
1705935783196,-2.3702135,-2.835734,-0.8032094
1705935783201,-2.461826,-2.5853968,-0.70840085
1705935783213,-2.5427864,-2.2327943,-0.64768076
1705935783214,-2.6077673,-1.8471686,-0.65513766
1705935783216,-2.6269422,-1.5361114,-0.7286409
1705935783222,-2.5672874,-1.3699301,-0.8490158
1705935783228,-2.428803,-1.3464943,-0.99495703
1705935783230,-2.2136195,-1.4487597,-1.1685951
1705935783236,-1.9462382,-1.6724652,-1.3677995
1705935783241,-1.655421,-1.965413,-1.5691346
1705935783246,-1.365669,-2.2658174,-1.7491642
1705935783251,-1.0823087,-2.534264,-1.8759307
1705935783256,-0.79894835,-2.7302728,-1.9259981
1705935783260,-0.5273059,-2.828277,-1.8951055
1705935783265,-0.30146983,-2.83893,-1.7875137
1705935783271,-0.13741912,-2.7686224,-1.619202
1705935783276,-0.039414786,-2.621616,-1.4040185
1705935783281,0.0031957934,-2.4074976,-1.164334
1705935783285,0.011717909,-2.1422467,-0.91186637
1705935783290,0.002130529,-1.8759307,-0.6764429
1705935783296,-0.023435818,-1.6170714,-0.47191215
1705935783300,-0.06924219,-1.3752564,-0.31851408
1705935783306,-0.128897,-1.1685951,-0.22796659
1705935783309,-0.19281286,-1.015197,-0.20240025
1705935783314,-0.2396845,-0.9289106,-0.22903186
1705935783319,-0.25672874,-0.93636745,-0.29294774
1705935783324,-0.25246766,-1.0546118,-0.39414784
1705935783329,-0.24820662,-1.2591426,-0.5273059
1705935783335,-0.27803403,-1.4647386,-0.6679208
1705935783339,-0.35899413,-1.591505,-0.8000136
1705935783344,-0.48363006,-1.6298546,-0.9193232
1705935783349,-0.6423545,-1.5925703,-1.0141318
1705935783353,-0.8245147,-1.478587,-1.0769824
1705935783358,-1.0279802,-1.2953615,-1.1057445
1705935783363,-1.2357068,-1.0769824,-1.1174624
1705935783368,-1.4349113,-0.86499476,-1.1100056
1705935783378,-1.6106799,-0.660464,-1.0823087
1705935783378,-1.7576864,-0.4644553,-1.0460896
1705935783384,-1.8695391,-0.294013,-1.010936
1705935783388,-1.9409119,-0.15446335,-0.9938917
1705935783395,-1.9707392,-0.05539375,-1.0088054
1705935783398,-1.9632823,-0.002130529,-1.0610034
1705935783403,-1.9387813,0.014913702,-1.1419635
1705935783408,-1.9004318,0.010652645,-1.2463595
1705935783414,-1.845038,0.018109497,-1.3720607
1705935783419,-1.7630126,0.058589544,-1.4924355
1705935783422,-1.6532904,0.12357068,-1.582983
1705935783427,-1.5201324,0.20559604,-1.6266588
1705935783431,-1.3624732,0.28868666,-1.6362462
1705935783436,-1.1877699,0.36325517,-1.6426378
1705935783441,-0.9917612,0.43036684,-1.6682042
1705935783446,-0.80107886,0.46552056,-1.7054884
1705935783451,-0.62317973,0.46658584,-1.73212
1705935783456,-0.46978164,0.41758367,-1.7449032
1705935783461,-0.3472762,0.31957933,-1.743838
1705935783466,-0.26631612,0.19387813,-1.7225326
1705935783472,-0.22690132,0.066046394,-1.6703347
1705935783477,-0.20985709,-0.04261058,-1.5819178
1705935783482,-0.20026971,-0.14061491,-1.4636734
1705935783486,-0.2034655,-0.2695119,-1.3187973
1705935783492,-0.2247708,-0.43036684,-1.1483551
1705935783497,-0.26738137,-0.60293967,-0.9502159
1705935783502,-0.6306366,-0.46339005,-0.78296936
1705935783506,-1.6021577,-0.82557994,-0.5113269
1705935783512,-2.4405208,-1.0748519,-0.18748654
1705935783519,-3.025351,-1.2751216,0.027696876
1705935783523,-3.2852757,-1.7257284,0.09374327
1705935783527,-3.387541,-1.9707392,0.10013486
1705935783531,-3.3790188,-2.0112193,0.08841695
1705935783537,-3.2341428,-1.9664782,0.070307456
1705935783541,-3.2341428,-1.9664782,0.070307456
1705935783546,-2.9667616,-1.8738002,0.060720075
1705935783550,-2.63866,-1.8141453,0.05752428
1705935783556,-2.3446472,-1.7672738,0.05219796
1705935783562,-2.1646173,-1.5638082,0.058589544
1705935783565,-2.0708742,-1.4359765,0.049002163
1705935783570,-2.0548952,-1.4775218,0.013848438
1705935783575,-2.111354,-1.5435683,0.0063915867
1705935783580,-2.1976407,-1.6181368,0.080960095
1705935783585,-2.263687,-1.7502295,0.15126756
1705935783590,-2.283927,-1.897236,0.18642128
1705935783596,-2.3307986,-1.969674,0.26418558
1705935783601,-2.4064324,-1.8684739,0.36218992
1705935783606,-2.4362597,-1.5968314,0.43888897
1705935783611,-2.396845,-1.2655342,0.5230448
1705935783616,-2.2977755,-0.9235843,0.6306366
1705935783621,-2.143312,-0.5230448,0.721184
1705935783626,-1.9526298,-0.23222765,0.86392945
1705935783632,-1.7608821,-0.15020229,1.1377025
1705935783635,-1.6042882,-0.2396845,1.4839134
1705935783641,-1.4935007,-0.47617322,1.8120148
1705935783645,-1.4242586,-0.73290193,2.0463731
1705935783650,-1.3773869,-0.9193232,2.1816616
1705935783655,-1.3923006,-0.88949585,2.2615564
1705935783660,-1.470065,-0.67218184,2.3052323
1705935783666,-1.5712651,-0.4165184,2.2860575
1705935783670,-1.6138756,-0.3291667,2.2221417
1705935783675,-1.5787219,-0.44315,2.2019017
1705935783681,-1.6021577,-0.63702816,2.2391858
1705935783685,-1.7097495,-0.922519,2.3105586
1705935783690,-1.8354506,-1.2474247,2.340386
1705935783695,-1.9462382,-1.5723304,2.31695
1705935783700,-2.0282636,-1.8365159,2.251969
1705935783705,-2.0730047,-2.0644825,2.159291
1705935783710,-2.0527647,-2.3584955,2.0474384
1705935783715,-1.9590213,-2.7867317,1.9078887
1705935783720,-1.7864485,-3.3747578,1.73212
1705935783725,-1.5382419,-4.02883,1.530785
1705935783729,-1.2282499,-4.67225,1.3496901
1705935783735,-0.902279,-4.985438,1.2261194
1705935783740,-0.54648066,-4.9683933,1.0982877
1705935783744,-0.17257284,-4.681837,0.9502159
1705935783750,0.19387813,-4.3207126,0.80747044
1705935783754,0.50813115,-4.0352216,0.6775082
1705935783760,0.7126619,-3.758253,0.6125271
1705935783764,0.721184,-3.1638355,0.664725
1705935783770,0.6412892,-2.3307986,0.79681784
1705935783774,0.61572284,-1.4924355,0.9438243
1705935783780,0.6540724,-0.7286409,1.0727214
1705935783784,0.67218184,-0.11930962,1.1888351
1705935783789,0.6689861,0.19707392,1.2431636
1705935783794,0.6402239,0.14913702,1.2815131
1705935783800,0.51665324,-0.04474111,1.3145363
1705935783803,0.23861924,-0.2514024,1.3401027
1705935783809,-0.18002969,-0.4857606,1.3869743
1705935783814,-0.6317018,-0.78083885,1.4935007
1705935783820,-1.0205233,-1.0386329,1.6223978
1705935783824,-1.325189,-1.1558119,1.6969663
1705935783831,-1.5350461,-1.2634037,1.6745957
1705935783833,-1.6735305,-1.2825783,1.5520903
1705935783840,-1.7651432,-1.1377025,1.3592775
1705935783843,-1.8109496,-0.86606,1.1313108
1705935783848,-1.8098843,-0.5305017,0.87990844
1705935783853,-1.7608821,-0.20559604,0.62317973
1705935783859,-1.6586168,0.014913702,0.37603834
1705935783863,-1.5158713,0.096939065,0.17044231
1705935783868,-1.3081448,0.0,-0.03089267
1705935783879,-1.0737866,-0.23648871,-0.2247708
1705935783880,-0.82557994,-0.55287224,-0.40266997
1705935783886,-0.59228706,-0.8873653,-0.55287224
1705935783887,-0.38456047,-1.2069446,-0.6583334
1705935783891,-0.22050974,-1.4881744,-0.7190535
1705935783897,-0.10333065,-1.7246631,-0.7435546
1705935783901,-0.033023197,-1.9089539,-0.74781567
1705935783906,0.017044231,-2.0037625,-0.7414241
1705935783911,0.043675844,-2.005893,-0.74035877
1705935783916,0.0628506,-2.0357203,-0.7105314
1705935783921,0.128897,-2.492719,-0.55287224
1705935783925,0.19920446,-2.9092371,-0.3920173
1705935783930,0.28229508,-2.9454563,-0.33981937
1705935783936,0.36432046,-2.8591697,-0.3653857
1705935783940,0.4293016,-2.7739487,-0.406931
1705935783945,0.5049353,-2.6194854,-0.46232477
1705935783951,0.5816344,-2.4053671,-0.51771855
1705935783956,0.624245,-2.1241374,-0.53795856
1705935783961,0.6306366,-1.7630126,-0.5070659
1705935783966,0.59228706,-1.3507553,-0.4250405
1705935783972,0.51665324,-0.9470201,-0.30466563
1705935783976,0.4165184,-0.5656554,-0.16405073
1705935783981,0.3057309,-0.21198763,-0.03195793
1705935783986,0.20453078,0.10333065,0.07456851
1705935783992,0.11930962,0.38562572,0.14807177
1705935783996,0.0479369,0.6508766,0.1949434
1705935784001,-0.017044231,0.9193232,0.22903186
1705935784005,-0.0628506,1.1568772,0.2545982
1705935784010,-0.08522116,1.3337111,0.26525086
1705935784016,-0.07882957,1.4146712,0.25672874
1705935784045,-0.053263225,1.3944311,0.23222765
1705935784047,-0.004261058,1.2516857,0.2034655
1705935784050,0.06498113,0.9502159,0.17257284
1705935784050,0.16085494,0.43675843,0.13741912
1705935784051,0.257794,-0.26312032,0.06498113
1705935784052,0.330232,-0.9917612,-0.035153728
1705935784052,0.36112466,-1.5425029,-0.1257012
1705935784072,0.34621096,-1.8322549,-0.17576863
1705935784072,0.2908172,-1.8961707,-0.19068234
1705935784072,0.20985709,-1.8098843,-0.18855181
1705935784072,0.12144015,-1.6085494,-0.18642128
1705935784074,0.03089267,-1.3560816,-0.19707392
1705935784079,-0.054328486,-1.128115,-0.2130529
1705935784083,-0.12037488,-0.94595486,-0.2247708
1705935784089,-0.15659387,-0.80533993,-0.2247708
1705935784094,-0.16618125,-0.69348717,-0.2130529
1705935784099,-0.14274544,-0.6135923,-0.20453078
1705935784104,-0.096939065,-0.58269966,-0.21518342
1705935784108,-0.02876214,-0.5901565,-0.2514024
1705935784114,0.043675844,-0.60293967,-0.2876214
1705935784118,0.11717909,-0.58483016,-0.29827404
1705935784123,0.19068234,-0.52624065,-0.27377295
1705935784128,0.26205507,-0.42184472,-0.21944448
1705935784134,0.330232,-0.27164245,-0.15446335
1705935784138,0.3888215,-0.080960095,-0.09267801
1705935784143,0.43249738,0.1438107,-0.04261058
1705935784148,0.46658584,0.3898868,-0.0063915867
1705935784153,0.49534798,0.6221144,0.008522116
1705935784158,0.5273059,0.8522116,0.0063915867
1705935784163,0.5475459,1.0301107,-0.00958738
1705935784168,0.5475459,1.1462245,-0.03195793
1705935784173,0.5251754,1.1899004,-0.049002163
1705935784178,0.49321744,1.176052,-0.058589544
1705935784184,0.4676511,1.1494204,-0.060720075
1705935784190,0.44741106,1.1249193,-0.058589544
1705935784193,0.43782368,1.1142666,-0.053263225
1705935784198,0.43569317,1.1004182,-0.056459017
1705935784203,0.43888897,1.0578076,-0.060720075
1705935784209,0.43888897,0.9683254,-0.066046394
1705935784214,0.4250405,0.8681905,-0.06924219
1705935784220,0.4250405,0.8681905,-0.06924219
1705935784223,0.3930826,0.7680557,-0.07563378
1705935784228,0.34621096,0.6828345,-0.08841695
1705935784233,0.2876214,0.6125271,-0.10652645
1705935784238,0.22370553,0.53795856,-0.11611383
1705935784242,0.15765914,0.479369,-0.11717909
1705935784248,0.10013486,0.43782368,-0.12037488
1705935784253,0.060720075,0.4111921,-0.128897
1705935784258,0.04261058,0.3898868,-0.14061491
1705935784262,0.041545313,0.35899413,-0.14913702
1705935784272,0.049002163,0.31851408,-0.15339808
1705935784273,0.06178534,0.26844665,-0.15339808
1705935784277,0.07243799,0.22370553,-0.15020229
1705935784283,0.07456851,0.20026971,-0.14061491
1705935784286,0.066046394,0.19281286,-0.12783173
1705935784292,0.053263225,0.18961707,-0.112918034
1705935784297,0.043675844,0.18002969,-0.0958738
1705935784304,0.04261058,0.16831179,-0.0777643
1705935784307,0.05539375,0.15765914,-0.06178534
1705935784312,0.0777643,0.15126756,-0.051132694
1705935784319,0.10439592,0.15446335,-0.04474111
1705935784322,0.1257012,0.16618125,-0.0479369
1705935784327,0.13422333,0.18535602,-0.060720075
1705935784335,0.12676647,0.2066613,-0.07350325
1705935784336,0.10652645,0.24074976,-0.080960095
1705935784342,0.080960095,0.27483824,-0.0777643
1705935784347,0.053263225,0.30360037,-0.070307456
1705935784353,0.034088463,0.32810146,-0.05965481
1705935784356,0.03089267,0.35579833,-0.043675844
1705935784361,0.051132694,0.3898868,-0.026631612
1705935784366,0.084155895,0.4165184,-0.02130529
1705935784371,0.11504856,0.43356264,-0.025566347
1705935784383,0.13209279,0.44101948,-0.036218993
1705935784383,0.13315806,0.44421527,-0.043675844
1705935784387,0.12144015,0.46232477,-0.04474111
1705935784391,0.101200126,0.46658584,-0.046871636
1705935784395,0.08735169,0.3387541,-0.053263225
1705935784401,0.051132694,0.22264028,-0.06391586
1705935784405,-0.02130529,0.21944448,-0.07137272
1705935784410,-0.10013486,0.17896444,-0.08735169
1705935784415,-0.17896444,0.07563378,-0.113983296
1705935784420,-0.24074976,-0.023435818,-0.12250541
1705935784425,-0.26525086,-0.08948222,-0.09267801
1705935784430,-0.24394555,-0.12463594,-0.034088463
1705935784434,-0.1917476,-0.12996227,0.026631612
1705935784439,-0.12037488,-0.112918034,0.066046394
1705935784444,-0.039414786,-0.08628642,0.09267801
1705935784450,0.0479369,-0.051132694,0.111852765
1705935784454,0.13315806,-0.00958738,0.12783173
1705935784459,0.20559604,0.04580637,0.13422333
1705935784465,0.2545982,0.12250541,0.13102753
1705935784469,0.28336033,0.20240025,0.11611383
1705935784474,0.2876214,0.2514024,0.09374327
1705935784479,0.2695119,0.27696875,0.070307456
1705935784484,0.23435818,0.27696875,0.05006743
