1741112678624,1020.62476
1741112678644,1020.5054
1741112678685,1020.46924
1741112678725,1020.4429
1741112678744,1020.4182
1741112678785,1020.41095
1741112678825,1020.40894
1741112678845,1020.40784
1741112678885,1020.41144
1741112678924,1020.41455
1741112678944,1020.40894
1741112678985,1020.409
1741112679025,1020.40424
1741112679044,1020.39264
1741112679085,1020.38513
1741112679127,1020.3784
1741112679146,1020.37354
1741112679186,1020.36865
1741112679225,1020.3711
1741112679246,1020.3703
1741112679285,1020.3752
1741112679325,1020.36676
1741112679345,1020.3775
1741112679385,1020.37946
1741112679425,1020.3727
1741112679447,1020.38446
1741112679485,1020.38403
1741112679529,1020.37427
1741112679544,1020.37714
1741112679585,1020.3776
1741112679626,1020.3838
1741112679646,1020.38464
1741112679686,1020.3789
1741112679725,1020.37354
1741112679745,1020.3752
1741112679787,1020.3696
1741112679825,1020.36304
1741112679847,1020.36694
1741112679885,1020.37317
1741112679925,1020.3883
1741112679945,1020.3834
1741112679985,1020.3836
1741112680025,1020.397
1741112680045,1020.39624
1741112680085,1020.3919
1741112680125,1020.38104
1741112680146,1020.372
1741112680186,1020.37476
1741112680226,1020.37286
1741112680247,1020.37756
1741112680286,1020.3811
1741112680326,1020.3793
1741112680345,1020.3837
1741112680386,1020.3871
1741112680426,1020.39026
1741112680445,1020.3878
1741112680485,1020.3954
1741112680532,1020.3938
1741112680544,1020.3999
1741112680585,1020.3933
1741112680627,1020.3882
1741112680644,1020.38525
1741112680684,1020.3828
1741112680724,1020.3864
1741112680744,1020.3889
1741112680784,1020.3935
1741112680829,1020.39307
1741112680847,1020.3951
1741112680885,1020.3924
1741112680924,1020.39514
1741112680947,1020.391
1741112680985,1020.3939
1741112681025,1020.39136
1741112681044,1020.3896
1741112681083,1020.3909
1741112681132,1020.38995
1741112681146,1020.3891
1741112681184,1020.3968
1741112681224,1020.40356
1741112681245,1020.3869
1741112681286,1020.39386
1741112681326,1020.3858
1741112681346,1020.389
1741112681386,1020.40076
1741112681425,1020.39905
1741112681444,1020.3861
1741112681485,1020.3899
1741112681524,1020.4074
1741112681544,1020.40814
1741112681586,1020.4018
1741112681624,1020.39136
1741112681646,1020.3989
1741112681683,1020.3983
1741112681724,1020.3935
1741112681745,1020.3993
1741112681786,1020.3961
1741112681824,1020.39136
1741112681848,1020.39484
1741112681883,1020.3919
1741112681924,1020.39636
1741112681945,1020.3948
1741112681984,1020.3935
1741112682023,1020.39026
1741112682043,1020.3897
1741112682084,1020.4023
1741112682125,1020.4091
1741112682144,1020.4028
1741112682185,1020.3861
1741112682225,1020.381
1741112682243,1020.38556
1741112682286,1020.38885
1741112682324,1020.38763
1741112682344,1020.3898
1741112682385,1020.38654
1741112682424,1020.40204
1741112682445,1020.4
1741112682484,1020.39343
1741112682523,1020.3942
1741112682543,1020.3949
1741112682583,1020.40106
1741112682624,1020.39734
1741112682643,1020.3976
1741112682685,1020.405
1741112682725,1020.4065
1741112682744,1020.3965
1741112682784,1020.4067
1741112682823,1020.4105
1741112682844,1020.4038
1741112682885,1020.4007
1741112682924,1020.3878
1741112682945,1020.3923
1741112682984,1020.3895
1741112683038,1020.39343
1741112683043,1020.39874
1741112683084,1020.3947
1741112683123,1020.3929
1741112683144,1020.3956
1741112683184,1020.3905
1741112683224,1020.3953
1741112683245,1020.3957
1741112683283,1020.3954
1741112683323,1020.40405
1741112683343,1020.4049
1741112683387,1020.4046
1741112683423,1020.40265
1741112683443,1020.4041
1741112683483,1020.3968
1741112683524,1020.39777
1741112683545,1020.4051
1741112683584,1020.4058
1741112683624,1020.40784
1741112683643,1020.4148
1741112683683,1020.41284
1741112683723,1020.4113
1741112683744,1020.40607
1741112683785,1020.41
1741112683824,1020.3978
1741112683844,1020.408
1741112683884,1020.40594
1741112683925,1020.414
1741112683944,1020.4093
1741112683983,1020.41754
1741112684022,1020.4202
1741112684045,1020.4236
1741112684083,1020.41675
1741112684122,1020.4169
1741112684144,1020.4168
1741112684184,1020.4324
1741112684225,1020.43585
1741112684244,1020.4319
1741112684282,1020.4386
1741112684324,1020.44214
1741112684344,1020.4342
1741112684384,1020.4344
1741112684424,1020.4437
1741112684442,1020.4475
1741112684483,1020.44025
1741112684523,1020.43555
1741112684542,1020.44775
1741112684583,1020.4522
1741112684624,1020.46313
1741112684643,1020.4586
1741112684683,1020.45715
1741112684723,1020.4634
1741112684744,1020.4684
1741112684784,1020.4754
1741112684823,1020.4812
1741112684843,1020.47296
1741112684884,1020.4764
1741112684924,1020.48804
1741112684943,1020.4862
1741112684984,1020.48566
1741112685023,1020.4932
1741112685044,1020.48596
1741112685085,1020.4878
1741112685123,1020.4844
1741112685143,1020.49176
1741112685186,1020.4985
1741112685222,1020.4984
1741112685243,1020.49854
1741112685283,1020.50525
1741112685323,1020.5089
1741112685344,1020.51086
1741112685385,1020.50934
1741112685423,1020.51227
1741112685444,1020.5191
1741112685482,1020.5183
1741112685521,1020.51624
1741112685541,1020.52484
1741112685581,1020.52734
1741112685623,1020.5311
1741112685643,1020.5313
1741112685684,1020.5302
1741112685722,1020.52423
1741112685742,1020.5347
1741112685783,1020.54175
1741112685827,1020.5351
1741112685843,1020.54034
1741112685884,1020.53894
1741112685922,1020.55237
1741112685943,1020.55707
1741112685983,1020.5577
1741112686024,1020.56177
1741112686041,1020.56696
1741112686083,1020.5648
1741112686125,1020.55566
1741112686142,1020.5659
1741112686182,1020.56903
1741112686222,1020.579
1741112686243,1020.5779
1741112686282,1020.58496
1741112686322,1020.59534
1741112686342,1020.6045
1741112686383,1020.59515
1741112686422,1020.6035
1741112686443,1020.6023
1741112686483,1020.6003
1741112686524,1020.59467
1741112686542,1020.5965
1741112686582,1020.59564
1741112686626,1020.60706
1741112686643,1020.60925
1741112686683,1020.6126
1741112686722,1020.61456
1741112686743,1020.6191
1741112686781,1020.6187
1741112686822,1020.62695
1741112686842,1020.63135
1741112686900,1020.6366
1741112686921,1020.6399
1741112686942,1020.63995
1741112686982,1020.6487
1741112687022,1020.6526
1741112687041,1020.6449
1741112687081,1020.6439
1741112687132,1020.6432
1741112687142,1020.65625
1741112687181,1020.65826
1741112687226,1020.6654
1741112687243,1020.6691
1741112687281,1020.6631
1741112687323,1020.6715
1741112687343,1020.68164
1741112687381,1020.6821
1741112687425,1020.68964
1741112687443,1020.68976
1741112687482,1020.6936
1741112687521,1020.7019
1741112687545,1020.7006
1741112687582,1020.69403
1741112687625,1020.70825
1741112687641,1020.7053
1741112687683,1020.6998
1741112687721,1020.70123
1741112687741,1020.7074
1741112687781,1020.70715
1741112687821,1020.70734
1741112687843,1020.7097
1741112687881,1020.70886
1741112687922,1020.72034
1741112687941,1020.7246
1741112687985,1020.72906
1741112688022,1020.739
1741112688040,1020.74963
1741112688080,1020.7571
1741112688122,1020.763
1741112688140,1020.7494
1741112688181,1020.75574
1741112688221,1020.7572
1741112688241,1020.7622
1741112688283,1020.7591
1741112688323,1020.76514
1741112688341,1020.7617
1741112688382,1020.76013
1741112688422,1020.7652
1741112688442,1020.77155
1741112688481,1020.76294
1741112688523,1020.7625
1741112688548,1020.75696
1741112688579,1020.7604
1741112688621,1020.76215
1741112688643,1020.7626
1741112688681,1020.769
1741112688723,1020.7665
1741112688744,1020.76855
1741112688783,1020.7655
1741112688820,1020.7676
1741112688841,1020.7618
1741112688881,1020.761
1741112688921,1020.7557
1741112688942,1020.7636
1741112688979,1020.76404
1741112689022,1020.7674
1741112689041,1020.76904
1741112689079,1020.766
1741112689120,1020.77216
1741112689142,1020.7665
1741112689181,1020.76135
1741112689220,1020.7602
1741112689244,1020.76025
1741112689280,1020.7615
1741112689322,1020.7666
1741112689341,1020.7672
1741112689381,1020.75757
1741112689419,1020.7539
1741112689442,1020.75616
1741112689482,1020.7667
1741112689522,1020.7667
1741112689546,1020.7668
1741112689579,1020.7688
1741112689619,1020.7661
1741112689643,1020.77045
1741112689679,1020.7655
1741112689721,1020.76447
1741112689739,1020.7694
1741112689781,1020.77734
1741112689821,1020.77686
1741112689841,1020.77295
1741112689879,1020.7722
1741112689919,1020.76624
1741112689939,1020.7735
1741112689982,1020.7728
1741112690023,1020.7703
1741112690040,1020.7673
1741112690079,1020.765
1741112690120,1020.7631
1741112690144,1020.76794
1741112690179,1020.76526
1741112690219,1020.7651
1741112690239,1020.77466
1741112690280,1020.77466
1741112690321,1020.77295
1741112690343,1020.778
1741112690379,1020.7748
1741112690421,1020.77563
1741112690442,1020.76605
1741112690479,1020.76825
1741112690519,1020.7721
1741112690539,1020.7719
1741112690579,1020.7721
1741112690619,1020.78345
1741112690640,1020.7805
1741112690681,1020.7694
1741112690720,1020.7744
1741112690741,1020.7651
1741112690779,1020.7722
1741112690821,1020.77234
1741112690843,1020.76764
1741112690881,1020.76917
1741112690922,1020.7642
1741112690941,1020.76465
1741112690980,1020.76447
1741112691019,1020.7714
1741112691039,1020.7655
1741112691078,1020.76776
1741112691118,1020.7703
1741112691139,1020.77203
1741112691179,1020.7751
1741112691220,1020.7748
1741112691242,1020.7807
1741112691279,1020.77795
1741112691319,1020.77893
1741112691341,1020.7803
1741112691380,1020.77966
1741112691418,1020.7812
1741112691441,1020.7877
1741112691478,1020.79376
1741112691519,1020.7921
1741112691538,1020.78705
1741112691579,1020.7896
1741112691620,1020.78516
1741112691641,1020.7755
1741112691678,1020.7755
1741112691719,1020.7732
1741112691741,1020.7838
1741112691779,1020.788
1741112691819,1020.79065
1741112691839,1020.7813
1741112691881,1020.774
1741112691919,1020.7699
1741112691939,1020.7688
1741112691979,1020.77844
1741112692020,1020.7803
1741112692040,1020.7815
1741112692078,1020.78143
1741112692120,1020.78564
1741112692142,1020.7858
1741112692178,1020.77966
1741112692219,1020.78357
1741112692243,1020.78796
1741112692278,1020.7781
1741112692319,1020.7826
1741112692339,1020.78845
1741112692379,1020.78467
1741112692419,1020.77026
1741112692440,1020.77747
1741112692479,1020.77637
1741112692518,1020.77454
1741112692539,1020.7721
1741112692577,1020.771
1741112692618,1020.76685
1741112692643,1020.7694
1741112692679,1020.7658
1741112692719,1020.76886
1741112692739,1020.77704
1741112692779,1020.7814
1741112692819,1020.77563
1741112692839,1020.775
1741112692878,1020.77075
1741112692917,1020.7695
1741112692939,1020.7753
1741112692979,1020.7761
1741112693020,1020.783
1741112693038,1020.78595
1741112693077,1020.7913
1741112693119,1020.79407
1741112693141,1020.791
1741112693178,1020.7927
1741112693219,1020.7957
1741112693241,1020.8015
1741112693278,1020.798
1741112693318,1020.79626
1741112693339,1020.7992
1741112693379,1020.8013
1741112693418,1020.81116
1741112693439,1020.81714
1741112693477,1020.82056
1741112693519,1020.8165
1741112693538,1020.81256
1741112693577,1020.81885
1741112693617,1020.81213
1741112693638,1020.8093
1741112693678,1020.8181
1741112693717,1020.81226
1741112693738,1020.81464
1741112693778,1020.80975
1741112693817,1020.81726
1741112693837,1020.8125
1741112693879,1020.8069
1741112693917,1020.81323
1741112693938,1020.8104
1741112693977,1020.8108
1741112694018,1020.8103
1741112694037,1020.8219
1741112694076,1020.8136
1741112694117,1020.8114
1741112694138,1020.8196
1741112694178,1020.8222
1741112694217,1020.8119
1741112694238,1020.8127
1741112694278,1020.8159
1741112694317,1020.8192
1741112694339,1020.81274
1741112694377,1020.81305
1741112694417,1020.8155
1741112694438,1020.8191
1741112694479,1020.81995
1741112694519,1020.8273
1741112694537,1020.8213
1741112694577,1020.81494
1741112694617,1020.81464
1741112694639,1020.8209
1741112694677,1020.829
1741112694716,1020.82587
1741112694736,1020.81116
1741112694778,1020.80664
1741112694818,1020.8001
1741112694836,1020.8102
1741112694878,1020.8083
1741112694918,1020.81616
1741112694937,1020.82056
1741112694979,1020.821
1741112695018,1020.82874
1741112695037,1020.81134
1741112695076,1020.82056
1741112695117,1020.8258
1741112695137,1020.83295
1741112695177,1020.83105
1741112695216,1020.8208
1741112695236,1020.821
1741112695277,1020.81506
1741112695316,1020.82
1741112695337,1020.8158
1741112695378,1020.8182
1741112695417,1020.82153
1741112695440,1020.8235
1741112695476,1020.8179
1741112695517,1020.81335
1741112695539,1020.81287
1741112695576,1020.81177
1741112695616,1020.82
1741112695636,1020.8184
1741112695676,1020.8292
1741112695716,1020.82983
1741112695737,1020.8272
1741112695776,1020.83435
1741112695817,1020.82886
1741112695837,1020.817
1741112695876,1020.8136
1741112695916,1020.81946
1741112695935,1020.8185
1741112695977,1020.8183
1741112696016,1020.8187
1741112696036,1020.8251
1741112696076,1020.81946
1741112696115,1020.822
1741112696137,1020.831
1741112696177,1020.8253
1741112696216,1020.8242
1741112696236,1020.82074
1741112696277,1020.82587
1741112696316,1020.82947
1741112696336,1020.82825
1741112696377,1020.8222
1741112696416,1020.8141
1741112696436,1020.82043
1741112696476,1020.8233
1741112696517,1020.8219
1741112696537,1020.8247
1741112696575,1020.8225
1741112696616,1020.8244
1741112696637,1020.82245
1741112696675,1020.8207
1741112696717,1020.8216
1741112696736,1020.81934
1741112696776,1020.8145
1741112696817,1020.8196
1741112696837,1020.82355
1741112696876,1020.8239
1741112696915,1020.81537
1741112696935,1020.8108
1741112696976,1020.81085
1741112697016,1020.8128
1741112697035,1020.8221
1741112697075,1020.8207
1741112697115,1020.82007
1741112697137,1020.82874
1741112697175,1020.82825
1741112697216,1020.8303
1741112697237,1020.8181
1741112697276,1020.8221
1741112697315,1020.8186
1741112697335,1020.8197
1741112697376,1020.8173
1741112697416,1020.82996
1741112697437,1020.8317
1741112697477,1020.8268
1741112697516,1020.81903
1741112697536,1020.81946
1741112697576,1020.8203
1741112697614,1020.8192
1741112697635,1020.8206
1741112697674,1020.8159
1741112697715,1020.81213
1741112697736,1020.8225
1741112697776,1020.8122
1741112697815,1020.8083
1741112697835,1020.82385
1741112697875,1020.8226
1741112697917,1020.8212
1741112697935,1020.81976
1741112697975,1020.81635
1741112698015,1020.82404
1741112698036,1020.8275
1741112698075,1020.8226
1741112698115,1020.8303
1741112698135,1020.826
1741112698175,1020.82916
1741112698214,1020.82324
1741112698235,1020.8082
1741112698275,1020.8168
1741112698315,1020.8152
1741112698335,1020.81494
1741112698376,1020.81726
1741112698415,1020.8105
1741112698438,1020.8153
1741112698474,1020.82385
1741112698515,1020.81445
1741112698535,1020.81726
1741112698574,1020.81805
1741112698614,1020.8128
1741112698634,1020.82135
1741112698675,1020.81506
1741112698714,1020.81915
1741112698734,1020.81616
1741112698775,1020.80927
1741112698814,1020.81537
1741112698834,1020.81616
1741112698874,1020.81726
1741112698914,1020.82184
1741112698935,1020.8302
1741112698974,1020.8255
1741112699014,1020.8267
1741112699034,1020.824
1741112699076,1020.8177
1741112699113,1020.8135
1741112699133,1020.81323
1741112699174,1020.8174
1741112699216,1020.8196
1741112699236,1020.8253
1741112699274,1020.82007
1741112699314,1020.8229
1741112699334,1020.81995
1741112699374,1020.82056
1741112699415,1020.8219
1741112699435,1020.8297
1741112699475,1020.82983
1741112699514,1020.8403
1741112699535,1020.84564
1741112699575,1020.82275
1741112699613,1020.8077
1741112699633,1020.81805
1741112699674,1020.81616
1741112699713,1020.8075
1741112699733,1020.8113
1741112699779,1020.8132
1741112699814,1020.8219
1741112699834,1020.82544
1741112699874,1020.8246
1741112699915,1020.82635
1741112699935,1020.8259
1741112699975,1020.814
1741112700019,1020.8118
1741112700035,1020.8188
1741112700077,1020.82104
1741112700113,1020.8293
1741112700134,1020.8176
1741112700175,1020.82166
1741112700214,1020.82556
1741112700234,1020.81134
1741112700275,1020.8086
1741112700314,1020.81323
1741112700334,1020.8154
1741112700374,1020.81836
1741112700413,1020.82117
1741112700437,1020.8182
1741112700475,1020.82556
1741112700514,1020.8241
1741112700554,1020.8303
1741112700575,1020.8333
1741112700612,1020.83203
1741112700656,1020.82446
1741112700673,1020.82983
1741112700714,1020.8324
1741112700735,1020.82983
1741112700774,1020.82837
1741112700814,1020.82214
1741112700854,1020.82623
1741112700875,1020.83435
1741112700913,1020.8292
1741112700956,1020.8301
1741112700974,1020.82697
1741112701013,1020.82965
1741112701034,1020.81573
1741112701073,1020.81714
1741112701113,1020.81885
1741112701157,1020.8112
1741112701174,1020.81464
1741112701213,1020.8209
1741112701253,1020.82227
1741112701273,1020.82263
1741112701316,1020.8229
1741112701355,1020.82104
1741112701373,1020.81635
1741112701413,1020.819
1741112701454,1020.8258
1741112701473,1020.81824
1741112701514,1020.82684
1741112701554,1020.8311
1741112701572,1020.8269
1741112701614,1020.82855
1741112701654,1020.8264
1741112701674,1020.8272
1741112701713,1020.8282
1741112701753,1020.8304
1741112701774,1020.81604
1741112701813,1020.8181
1741112701853,1020.8166
1741112701874,1020.8246
1741112701912,1020.8268
1741112701954,1020.8274
1741112701972,1020.831
1741112702014,1020.8323
1741112702053,1020.83044
1741112702072,1020.82306
1741112702112,1020.81964
1741112702157,1020.8296
1741112702173,1020.81934
1741112702213,1020.8179
1741112702253,1020.8129
1741112702275,1020.81006
1741112702313,1020.80914
1741112702353,1020.80817
1741112702373,1020.8263
1741112702414,1020.82745
1741112702454,1020.8265
1741112702475,1020.8256
1741112702515,1020.8277
1741112702553,1020.82733
1741112702573,1020.8263
1741112702614,1020.8231
1741112702653,1020.83044
1741112702673,1020.8168
1741112702713,1020.8191
1741112702753,1020.822
1741112702772,1020.8167
1741112702814,1020.8205
1741112702853,1020.82623
1741112702872,1020.822
1741112702913,1020.8279
1741112702953,1020.8175
1741112702975,1020.8203
1741112703012,1020.81775
1741112703055,1020.8119
1741112703072,1020.8166
1741112703112,1020.82654
1741112703153,1020.8296
1741112703173,1020.82434
1741112703212,1020.82874
1741112703257,1020.8167
1741112703274,1020.8058
1741112703313,1020.81226
1741112703353,1020.8248
1741112703372,1020.82916
1741112703413,1020.825
1741112703453,1020.82324
1741112703472,1020.82416
1741112703511,1020.82416
1741112703553,1020.82324
1741112703571,1020.8215
1741112703611,1020.8205
1741112703652,1020.8214
1741112703673,1020.8343
1741112703712,1020.8322
1741112703752,1020.834
1741112703772,1020.8253
1741112703812,1020.82684
1741112703854,1020.8258
1741112703872,1020.824
1741112703912,1020.82654
1741112703952,1020.8212
1741112703972,1020.83215
1741112704014,1020.8269
1741112704052,1020.8308
1741112704071,1020.8253
1741112704111,1020.82294
1741112704155,1020.81964
1741112704177,1020.82574
1741112704214,1020.82947
1741112704253,1020.83264
1741112704274,1020.8371
1741112704311,1020.82983
1741112704353,1020.8241
1741112704373,1020.8209
1741112704411,1020.8174
1741112704452,1020.8087
1741112704474,1020.81885
1741112704514,1020.81934
1741112704552,1020.8272
1741112704571,1020.82837
1741112704612,1020.82477
1741112704653,1020.8175
1741112704672,1020.8154
1741112704712,1020.81226
1741112704753,1020.8132
1741112704772,1020.82227
1741112704813,1020.8227
1741112704853,1020.8169
1741112704874,1020.8236
1741112704912,1020.82104
1741112704951,1020.82135
1741112704972,1020.8229
1741112705013,1020.8225
1741112705053,1020.8242
1741112705071,1020.8174
1741112705111,1020.82166
1741112705153,1020.8318
1741112705173,1020.8231
1741112705211,1020.8202
1741112705253,1020.8222
1741112705272,1020.8227
1741112705312,1020.8257
1741112705352,1020.82275
1741112705372,1020.83545
1741112705412,1020.8325
1741112705452,1020.82733
1741112705471,1020.8273
1741112705512,1020.8277
1741112705552,1020.82544
1741112705570,1020.81836
1741112705610,1020.8152
1741112705656,1020.8142
1741112705670,1020.7997
1741112705711,1020.8064
1741112705753,1020.81226
1741112705773,1020.82526
1741112705811,1020.8271
1741112705851,1020.8173
1741112705871,1020.8154
1741112705910,1020.8085
1741112705950,1020.81006
1741112705972,1020.8112
1741112706013,1020.82764
1741112706052,1020.8293
1741112706075,1020.8247
1741112706110,1020.8174
1741112706150,1020.81836
1741112706169,1020.82495
1741112706211,1020.8262
1741112706253,1020.8278
1741112706270,1020.8289
1741112706312,1020.8214
1741112706350,1020.82275
1741112706370,1020.82275
1741112706412,1020.8176
1741112706451,1020.8123
1741112706471,1020.81195
1741112706510,1020.8139
1741112706551,1020.8097
1741112706573,1020.82117
1741112706609,1020.8247
1741112706650,1020.8188
1741112706671,1020.8159
1741112706710,1020.81573
1741112706752,1020.8187
1741112706775,1020.82294
1741112706810,1020.8225
1741112706851,1020.82245
1741112706873,1020.828
1741112706911,1020.821
1741112706952,1020.8196
1741112706971,1020.8116
1741112707010,1020.82104
1741112707049,1020.82336
1741112707071,1020.82336
1741112707109,1020.833
1741112707150,1020.829
1741112707170,1020.82623
1741112707213,1020.82745
1741112707252,1020.83093
1741112707274,1020.82764
1741112707312,1020.82556
1741112707350,1020.82104
1741112707370,1020.81366
1741112707411,1020.8147
1741112707450,1020.8219
1741112707470,1020.8152
1741112707511,1020.8243
1741112707554,1020.82117
1741112707570,1020.8246
1741112707609,1020.8236
1741112707649,1020.8201
1741112707671,1020.81647
1741112707709,1020.81665
1741112707750,1020.8134
1741112707772,1020.81134
1741112707810,1020.812
1741112707852,1020.8192
1741112707870,1020.8148
1741112707909,1020.81915
1741112707950,1020.8199
1741112707969,1020.833
1741112708011,1020.8298
1741112708051,1020.81104
1741112708072,1020.816
1741112708111,1020.81946
1741112708151,1020.81476
1741112708170,1020.8065
1741112708211,1020.80115
1741112708249,1020.7972
1741112708269,1020.8065
1741112708312,1020.8042
1741112708351,1020.7947
1741112708369,1020.79645
1741112708411,1020.8014
1741112708449,1020.7947
1741112708470,1020.79504
1741112708511,1020.8037
1741112708549,1020.80023
1741112708570,1020.80176
1741112708615,1020.80426
1741112708648,1020.79626
1741112708669,1020.7971
1741112708709,1020.7998
1741112708749,1020.7965
1741112708771,1020.79694
1741112708809,1020.80457
1741112708850,1020.8076
1741112708869,1020.80884
1741112708909,1020.80524
1741112708951,1020.808
1741112708969,1020.8116
1741112709010,1020.8031
1741112709050,1020.80176
1741112709075,1020.7997
1741112709108,1020.80396
1741112709148,1020.80066
1741112709168,1020.7864
1741112709209,1020.7986
1741112709252,1020.8053
1741112709268,1020.8026
1741112709310,1020.8008
1741112709349,1020.806
1741112709368,1020.81384
1741112709409,1020.81683
1741112709449,1020.8172
1741112709468,1020.80896
1741112709510,1020.8082
1741112709549,1020.81116
1741112709570,1020.8087
1741112709608,1020.8055
1741112709648,1020.8054
1741112709669,1020.80383
1741112709709,1020.79407
1741112709749,1020.79785
1741112709768,1020.80566
1741112709809,1020.80145
1741112709851,1020.80585
1741112709868,1020.80505
1741112709911,1020.7958
1741112709949,1020.7945
1741112709968,1020.8051
1741112710010,1020.80426
1741112710049,1020.81067
1741112710070,1020.8236
1741112710110,1020.81525
1741112710148,1020.8165
1741112710168,1020.812
1741112710209,1020.8089
1741112710250,1020.801
1741112710271,1020.8109
1741112710309,1020.8102
1741112710349,1020.808
1741112710368,1020.81494
1741112710408,1020.81287
1741112710450,1020.8078
1741112710470,1020.8094
1741112710509,1020.8064
1741112710550,1020.81165
1741112710570,1020.81134
1741112710608,1020.8127
1741112710648,1020.81287
1741112710667,1020.8197
1741112710709,1020.8191
1741112710748,1020.81525
1741112710770,1020.82385
1741112710809,1020.82666
1741112710848,1020.8245
1741112710869,1020.82367
1741112710910,1020.82635
1741112710948,1020.8229
1741112710968,1020.82184
1741112711010,1020.8212
1741112711049,1020.8084
1741112711069,1020.812
1741112711109,1020.80896
1741112711148,1020.80707
1741112711168,1020.81177
1741112711211,1020.80347
1741112711248,1020.8021
1741112711269,1020.7969
1741112711309,1020.8048
1741112711348,1020.81226
1741112711369,1020.8161
1741112711409,1020.8234
1741112711448,1020.8121
1741112711468,1020.81433
1741112711508,1020.81323
1741112711548,1020.8164
1741112711569,1020.8148
1741112711607,1020.8147
1741112711647,1020.8158
1741112711667,1020.8171
1741112711711,1020.82263
1741112711748,1020.8215
1741112711769,1020.82434
1741112711808,1020.8253
1741112711848,1020.8291
1741112711870,1020.82117
1741112711911,1020.81934
1741112711947,1020.81805
1741112711968,1020.8118
1741112712008,1020.8071
1741112712047,1020.8076
1741112712067,1020.8087
1741112712109,1020.81885
1741112712147,1020.8131
1741112712167,1020.8136
1741112712208,1020.82104
1741112712247,1020.8201
1741112712268,1020.8144
1741112712312,1020.8164
1741112712347,1020.8264
1741112712367,1020.83215
1741112712409,1020.8247
1741112712448,1020.8234
1741112712467,1020.8258
1741112712512,1020.8295
1741112712548,1020.8291
1741112712569,1020.8289
1741112712607,1020.82684
1741112712647,1020.82306
1741112712668,1020.83093
1741112712707,1020.8392
1741112712747,1020.82886
1741112712767,1020.83075
1741112712808,1020.83496
1741112712847,1020.8319
1741112712867,1020.8389
1741112712906,1020.83563
1741112712948,1020.8407
1741112712968,1020.8433
1741112713007,1020.84094
1741112713047,1020.84656
1741112713068,1020.8424
1741112713106,1020.8467
1741112713146,1020.84717
1741112713167,1020.8517
1741112713207,1020.8537
1741112713248,1020.85693
1741112713268,1020.8589
1741112713310,1020.86414
1741112713347,1020.86426
1741112713366,1020.8637
1741112713406,1020.87286
1741112713447,1020.8711
1741112713467,1020.87
1741112713507,1020.879
1741112713547,1020.8743
1741112713568,1020.87134
1741112713606,1020.8822
1741112713646,1020.8865
1741112713666,1020.89386
1741112713706,1020.8931
1741112713747,1020.8999
1741112713767,1020.90356
1741112713806,1020.90314
1741112713846,1020.899
1741112713869,1020.9061
1741112713906,1020.9062
1741112713947,1020.9118
1741112713967,1020.9163
1741112714007,1020.9193
1741112714048,1020.9237
1741112714068,1020.92236
1741112714107,1020.92163
1741112714146,1020.92267
1741112714166,1020.9364
1741112714209,1020.94635
1741112714247,1020.9398
1741112714267,1020.93823
1741112714307,1020.93335
1741112714347,1020.93396
1741112714367,1020.94275
1741112714407,1020.95605
1741112714446,1020.96796
1741112714466,1020.9706
1741112714508,1020.9635
1741112714546,1020.964
1741112714565,1020.96027
1741112714605,1020.9529
1741112714646,1020.9574
1741112714665,1020.9538
1741112714706,1020.9536
1741112714745,1020.96985
1741112714766,1020.97925
1741112714807,1020.98584
1741112714845,1020.98413
1741112714865,1020.99066
1741112714912,1020.99115
1741112714948,1020.99243
1741112714966,1020.9955
1741112715007,1020.99866
1741112715047,1021.00024
1741112715066,1021.01
1741112715105,1021.00287
1741112715146,1020.9985
1741112715166,1021.00806
1741112715215,1021.00977
1741112715246,1021.0092
1741112715267,1021.0128
1741112715305,1021.0301
1741112715348,1021.0283
1741112715366,1021.02545
1741112715407,1021.0238
1741112715447,1021.0271
1741112715465,1021.03546
1741112715505,1021.03284
1741112715546,1021.03937
1741112715567,1021.0411
1741112715607,1021.04016
1741112715645,1021.04443
1741112715665,1021.04443
1741112715706,1021.06165
1741112715746,1021.06757
1741112715767,1021.0665
1741112715806,1021.0702
1741112715845,1021.07263
1741112715866,1021.07715
1741112715905,1021.0795
1741112715946,1021.0868
1741112715965,1021.0865
1741112716006,1021.0929
1741112716046,1021.09607
1741112716065,1021.09393
1741112716105,1021.10376
1741112716145,1021.1032
1741112716165,1021.11426
1741112716205,1021.1095
1741112716247,1021.1167
1741112716266,1021.1195
1741112716304,1021.1205
1741112716345,1021.116
1741112716365,1021.12335
1741112716405,1021.1295
1741112716446,1021.12537
1741112716466,1021.1272
1741112716506,1021.1339
1741112716547,1021.1459
1741112716565,1021.1449
1741112716606,1021.1429
1741112716645,1021.1439
1741112716666,1021.1427
1741112716707,1021.1489
1741112716745,1021.14996
1741112716765,1021.1504
1741112716806,1021.15533
1741112716845,1021.1511
1741112716864,1021.1576
1741112716906,1021.1659
1741112716945,1021.1697
1741112716965,1021.16504
1741112717004,1021.1675
1741112717045,1021.1644
1741112717065,1021.15924
1741112717107,1021.1723
1741112717144,1021.18445
1741112717164,1021.1886
1741112717205,1021.1865
1741112717246,1021.1863
1741112717266,1021.1969
1741112717306,1021.19763
1741112717345,1021.19684
1741112717367,1021.1842
1741112717405,1021.18945
1741112717445,1021.186
1741112717464,1021.1918
1741112717505,1021.19116
1741112717546,1021.1959
1741112717565,1021.20514
1741112717607,1021.20184
1741112717644,1021.1929
1741112717665,1021.1927
1741112717712,1021.1956
1741112717747,1021.1966
1741112717764,1021.2031
1741112717804,1021.2092
1741112717844,1021.2043
1741112717877,1021.1997
1741112717905,1021.1993
1741112717945,1021.1915
1741112717966,1021.1918
1741112718004,1021.1886
1741112718045,1021.18665
1741112718065,1021.1973
1741112718110,1021.1833
1741112718143,1021.18384
1741112718164,1021.1913
1741112718209,1021.19354
1741112718245,1021.19257
1741112718267,1021.1995
1741112718306,1021.2095
1741112718345,1021.20575
1741112718365,1021.2019
1741112718409,1021.2037
1741112718445,1021.2034
1741112718465,1021.2061
1741112718505,1021.203
1741112718545,1021.1956
1741112718565,1021.1933
1741112718610,1021.20526
1741112718643,1021.2083
1741112718664,1021.2042
1741112718705,1021.2071
1741112718746,1021.1999
1741112718763,1021.1984
1741112718804,1021.20074
1741112718844,1021.2012
1741112718864,1021.1979
1741112718905,1021.195
1741112718946,1021.1994
1741112718964,1021.20374
1741112719003,1021.20233
1741112719044,1021.2053
1741112719064,1021.21515
1741112719107,1021.21185
1741112719144,1021.2059
1741112719165,1021.19836
1741112719205,1021.19836
1741112719243,1021.204
1741112719264,1021.1997
1741112719303,1021.20135
1741112719345,1021.2069
1741112719365,1021.2103
1741112719404,1021.21313
1741112719444,1021.20844
1741112719462,1021.21576
1741112719503,1021.2144
1741112719545,1021.21356
1741112719565,1021.2093
1741112719608,1021.20624
1741112719642,1021.20856
1741112719663,1021.20386
1741112719710,1021.2043
1741112719744,1021.20105
1741112719765,1021.2013
1741112719804,1021.19934
1741112719844,1021.20135
1741112719864,1021.2009
1741112719906,1021.2059
1741112719944,1021.2031
1741112719965,1021.2051
1741112720004,1021.20276
1741112720043,1021.2048
1741112720065,1021.2081
1741112720104,1021.2149
1741112720142,1021.2191
1741112720163,1021.22375
1741112720206,1021.21155
1741112720244,1021.214
1741112720264,1021.20874
1741112720305,1021.20715
1741112720343,1021.21747
1741112720363,1021.2167
1741112720404,1021.2205
1741112720443,1021.22107
1741112720464,1021.224
1741112720505,1021.21356
1741112720543,1021.2017
1741112720564,1021.2004
1741112720604,1021.20544
1741112720643,1021.21497
1741112720663,1021.21826
1741112720704,1021.20654
1741112720744,1021.2069
1741112720762,1021.20575
1741112720804,1021.19745
1741112720844,1021.1967
1741112720863,1021.198
1741112720903,1021.2076
1741112720942,1021.2058
1741112720962,1021.21216
1741112721003,1021.2184
1741112721045,1021.215
1741112721064,1021.2037
1741112721103,1021.20825
1741112721142,1021.21094
1741112721163,1021.2106
1741112721203,1021.2159
1741112721243,1021.2023
1741112721264,1021.1997
1741112721302,1021.2071
1741112721342,1021.21545
1741112721363,1021.2301
1741112721403,1021.22186
1741112721444,1021.2206
1741112721464,1021.22675
1741112721503,1021.22034
1741112721543,1021.21313
1741112721564,1021.21387
1741112721603,1021.2136
1741112721641,1021.20575
1741112721662,1021.21106
1741112721705,1021.2106
1741112721744,1021.21155
1741112721764,1021.22565
1741112721803,1021.2236
1741112721844,1021.21704
1741112721863,1021.2068
1741112721903,1021.20074
1741112721948,1021.20496
1741112721963,1021.2058
1741112722003,1021.209
1741112722043,1021.2051
1741112722063,1021.2167
1741112722104,1021.2215
1741112722143,1021.22125
1741112722162,1021.2234
1741112722209,1021.2258
1741112722242,1021.22473
1741112722262,1021.2212
1741112722302,1021.2306
1741112722346,1021.22577
1741112722365,1021.2316
1741112722402,1021.2272
1741112722442,1021.22955
1741112722484,1021.23676
1741112722501,1021.2219
1741112722544,1021.22034
1741112722583,1021.2241
1741112722602,1021.223
1741112722643,1021.22034
1741112722662,1021.21533
1741112722705,1021.21936
1741112722744,1021.2183
1741112722784,1021.22046
1741112722801,1021.22375
1741112722843,1021.22266
1741112722883,1021.23
1741112722902,1021.23047
1741112722943,1021.22266
1741112722983,1021.2222
1741112723001,1021.229
1741112723041,1021.22546
1741112723082,1021.2239
1741112723101,1021.23303
1741112723141,1021.2251
1741112723181,1021.22534
1741112723202,1021.22076
1741112723243,1021.21466
1741112723283,1021.2141
1741112723303,1021.2145
1741112723343,1021.22595
1741112723383,1021.21564
1741112723402,1021.2191
1741112723443,1021.2244
1741112723483,1021.2166
1741112723504,1021.2085
1741112723543,1021.2159
1741112723581,1021.2137
1741112723604,1021.22266
1741112723640,1021.2163
1741112723681,1021.2159
1741112723704,1021.2302
1741112723741,1021.2264
1741112723782,1021.2306
1741112723801,1021.22546
1741112723841,1021.23645
1741112723882,1021.23364
1741112723903,1021.23
1741112723941,1021.23145
1741112723981,1021.2323
1741112724001,1021.23267
1741112724043,1021.2315
1741112724081,1021.2275
1741112724103,1021.2229
1741112724141,1021.22644
1741112724181,1021.23206
1741112724203,1021.22906
1741112724242,1021.22345
1741112724282,1021.21704
1741112724303,1021.2105
1741112724344,1021.2182
1741112724381,1021.2204
1741112724401,1021.2239
1741112724441,1021.22076
1741112724482,1021.2235
1741112724501,1021.21893
1741112724540,1021.2215
1741112724582,1021.2165
1741112724601,1021.2147
1741112724639,1021.22
1741112724680,1021.2217
1741112724700,1021.222
1741112724744,1021.23083
1741112724780,1021.2258
1741112724800,1021.2246
1741112724843,1021.23236
1741112724880,1021.2313
1741112724899,1021.2201
1741112724941,1021.2251
1741112724981,1021.21515
1741112725002,1021.2229
1741112725041,1021.219
1741112725080,1021.22546
1741112725102,1021.2305
1741112725139,1021.231
1741112725180,1021.22614
1741112725200,1021.22766
1741112725240,1021.2272
1741112725280,1021.2231
1741112725303,1021.22986
1741112725341,1021.23193
1741112725381,1021.2343
1741112725401,1021.2246
1741112725441,1021.2361
1741112725481,1021.23566
1741112725502,1021.2317
1741112725540,1021.22687
1741112725581,1021.2273
1741112725601,1021.2318
1741112725641,1021.2345
1741112725679,1021.23083
1741112725700,1021.2295
1741112725740,1021.2236
1741112725782,1021.22156
1741112725801,1021.2228
1741112725839,1021.23047
1741112725882,1021.2189
1741112725901,1021.22345
1741112725941,1021.2207
1741112725981,1021.21594
1741112726002,1021.21735
1741112726040,1021.2192
1741112726082,1021.2233
1741112726099,1021.22156
1741112726139,1021.22375
1741112726179,1021.2239
1741112726201,1021.2299
1741112726240,1021.23145
1741112726280,1021.2335
1741112726301,1021.2321
1741112726339,1021.2246
1741112726379,1021.2162
1741112726399,1021.21643
1741112726441,1021.2256
1741112726481,1021.2248
1741112726505,1021.2295
1741112726540,1021.2267
1741112726579,1021.22577
1741112726602,1021.2314
1741112726642,1021.22675
1741112726679,1021.23145
1741112726704,1021.2434
1741112726739,1021.2378
1741112726781,1021.2417
1741112726801,1021.2303
1741112726839,1021.2301
1741112726882,1021.23254
1741112726899,1021.2305
1741112726939,1021.2405
1741112726980,1021.2409
1741112726999,1021.2263
1741112727040,1021.233
1741112727081,1021.2338
1741112727100,1021.2358
1741112727140,1021.23303
1741112727178,1021.2324
1741112727200,1021.2353
1741112727241,1021.23364
1741112727281,1021.2258
1741112727299,1021.22766
1741112727339,1021.22125
1741112727382,1021.2227
1741112727399,1021.22784
1741112727439,1021.22095
1741112727479,1021.2212
1741112727500,1021.2223
1741112727540,1021.23096
1741112727581,1021.2373
1741112727599,1021.23376
1741112727642,1021.2307
1741112727678,1021.2328
1741112727699,1021.2297
1741112727738,1021.2329
1741112727779,1021.23773
1741112727804,1021.22925
1741112727842,1021.2262
1741112727880,1021.23364
1741112727901,1021.23395
1741112727939,1021.234
1741112727980,1021.23145
1741112727999,1021.22504
1741112728041,1021.2308
1741112728079,1021.2352
1741112728102,1021.2283
1741112728139,1021.22656
1741112728179,1021.2307
1741112728198,1021.2325
1741112728238,1021.2326
1741112728281,1021.23425
1741112728298,1021.2278
1741112728339,1021.22595
1741112728378,1021.2328
1741112728399,1021.235
1741112728438,1021.2281
1741112728482,1021.22076
1741112728499,1021.2365
1741112728539,1021.23065
1741112728579,1021.2378
1741112728599,1021.2425
1741112728640,1021.24994
1741112728678,1021.246
1741112728698,1021.24023
1741112728737,1021.2424
1741112728779,1021.2332
1741112728799,1021.2309
1741112728838,1021.22406
1741112728878,1021.22253
1741112728898,1021.22253
1741112728938,1021.2307
1741112728979,1021.2347
1741112729001,1021.2416
1741112729041,1021.2433
1741112729078,1021.2363
1741112729099,1021.23224
1741112729140,1021.22455
1741112729184,1021.22186
1741112729198,1021.22473
1741112729239,1021.2315
1741112729278,1021.23834
1741112729298,1021.23193
1741112729341,1021.2302
1741112729379,1021.2304
1741112729400,1021.232
1741112729438,1021.2299
1741112729479,1021.232
1741112729498,1021.2359
1741112729539,1021.2283
1741112729578,1021.2233
1741112729597,1021.2301
1741112729638,1021.2309
1741112729678,1021.22626
1741112729697,1021.2246
1741112729739,1021.23193
1741112729777,1021.2383
1741112729798,1021.24054
1741112729839,1021.2396
1741112729878,1021.24097
1741112729899,1021.23254
1741112729938,1021.2258
1741112729978,1021.2267
1741112729998,1021.2268
1741112730039,1021.2322
1741112730079,1021.2371
1741112730099,1021.2307
1741112730140,1021.2373
1741112730177,1021.23364
1741112730198,1021.2369
1741112730239,1021.2394
1741112730278,1021.23413
1741112730298,1021.22626
1741112730338,1021.2256
1741112730378,1021.2283
1741112730397,1021.2323
1741112730439,1021.2367
1741112730477,1021.2388
1741112730497,1021.2446
1741112730540,1021.2347
1741112730578,1021.23694
1741112730599,1021.2385
1741112730638,1021.2267
1741112730676,1021.22546
1741112730697,1021.2253
1741112730737,1021.225
1741112730777,1021.2249
1741112730797,1021.2186
1741112730837,1021.2249
1741112730878,1021.2306
1741112730897,1021.2309
1741112730938,1021.2289
1741112730976,1021.22876
1741112730998,1021.23175
1741112731037,1021.2236
1741112731077,1021.22327
1741112731096,1021.2255
1741112731136,1021.23047
1741112731176,1021.2281
1741112731196,1021.23035
1741112731236,1021.22064
1741112731277,1021.2261
1741112731298,1021.2217
1741112731337,1021.2247
1741112731379,1021.2217
1741112731397,1021.2298
1741112731436,1021.22614
1741112731477,1021.2246
1741112731497,1021.2191
1741112731537,1021.22266
1741112731578,1021.21954
1741112731598,1021.214
1741112731636,1021.2195
1741112731676,1021.2096
1741112731696,1021.2163
1741112731741,1021.2151
1741112731783,1021.2268
1741112731801,1021.2208
1741112731837,1021.22076
1741112731879,1021.2194
1741112731898,1021.2181
1741112731937,1021.2134
1741112731977,1021.21576
1741112731998,1021.21313
1741112732036,1021.2196
1741112732076,1021.21655
1741112732097,1021.2163
1741112732137,1021.21844
1741112732176,1021.2198
1741112732197,1021.2191
1741112732237,1021.2158
1741112732275,1021.21704
1741112732297,1021.2186
1741112732336,1021.21155
1741112732378,1021.2135
1741112732398,1021.2186
1741112732437,1021.2276
1741112732478,1021.22546
1741112732501,1021.2295
1741112732537,1021.22284
1741112732577,1021.2092
1741112732598,1021.21796
1741112732638,1021.21704
1741112732675,1021.21436
1741112732696,1021.2188
1741112732738,1021.2288
1741112732776,1021.22327
1741112732796,1021.2196
1741112732836,1021.21924
1741112732876,1021.21533
1741112732898,1021.22656
1741112732938,1021.2218
1741112732976,1021.2124
1741112732997,1021.2151
1741112733036,1021.2198
1741112733079,1021.2184
1741112733096,1021.2161
1741112733139,1021.2151
1741112733176,1021.21045
1741112733196,1021.2157
1741112733241,1021.21216
1741112733276,1021.2158
1741112733296,1021.2134
1741112733337,1021.2141
1741112733375,1021.2111
1741112733396,1021.2129
1741112733438,1021.22046
1741112733476,1021.22614
1741112733501,1021.2119
1741112733536,1021.21655
1741112733576,1021.22186
1741112733595,1021.21704
1741112733634,1021.21814
1741112733675,1021.2204
1741112733694,1021.21326
1741112733735,1021.21814
1741112733776,1021.2224
1741112733795,1021.21826
1741112733836,1021.2173
1741112733875,1021.215
1741112733896,1021.21924
1741112733938,1021.2239
1741112733976,1021.22614
1741112733994,1021.2203
1741112734035,1021.2246
1741112734075,1021.2157
1741112734095,1021.21826
1741112734135,1021.2202
1741112734175,1021.219
1741112734196,1021.2114
1741112734234,1021.2171
1741112734275,1021.2114
1741112734295,1021.21436
1741112734336,1021.2142
1741112734378,1021.21844
1741112734394,1021.22363
1741112734435,1021.21747
1741112734475,1021.21484
1741112734497,1021.2128
1741112734535,1021.2174
1741112734575,1021.2241
1741112734595,1021.2266
1741112734636,1021.22015
1741112734674,1021.2143
1741112734694,1021.22046
1741112734735,1021.2202
1741112734779,1021.22614
1741112734796,1021.2227
1741112734834,1021.22705
1741112734874,1021.2263
1741112734897,1021.2322
1741112734934,1021.2379
1741112734975,1021.2377
1741112735005,1021.2365
1741112735035,1021.23267
1741112735075,1021.22766
1741112735095,1021.2185
1741112735134,1021.2205
1741112735174,1021.21893
1741112735195,1021.21704
1741112735234,1021.22095
1741112735275,1021.22205
1741112735294,1021.22766
1741112735335,1021.2225
1741112735375,1021.23047
1741112735395,1021.2292
1741112735434,1021.2287
1741112735475,1021.23035
1741112735494,1021.22906
1741112735535,1021.2291
1741112735576,1021.2283
1741112735597,1021.23035
1741112735635,1021.2364
1741112735675,1021.2377
1741112735695,1021.24023
1741112735736,1021.2289
1741112735775,1021.22327
1741112735797,1021.2218
1741112735834,1021.2254
1741112735874,1021.2209
1741112735894,1021.2195
1741112735935,1021.2272
1741112735974,1021.2255
1741112735995,1021.23315
1741112736035,1021.2323
1741112736078,1021.2287
1741112736098,1021.2246
1741112736135,1021.2274
1741112736174,1021.23016
1741112736194,1021.2297
1741112736236,1021.22925
1741112736275,1021.2261
1741112736296,1021.218
1741112736333,1021.2215
1741112736375,1021.2305
1741112736394,1021.23773
1741112736435,1021.2357
1741112736474,1021.2407
1741112736494,1021.231
1741112736535,1021.2342
1741112736574,1021.2353
1741112736597,1021.234
1741112736638,1021.2368
1741112736673,1021.22736
1741112736693,1021.21796
1741112736736,1021.22406
1741112736773,1021.2256
1741112736794,1021.2276
1741112736834,1021.2343
1741112736874,1021.2379
1741112736894,1021.23535
1741112736934,1021.24054
1741112736974,1021.236
1741112736995,1021.2424
1741112737035,1021.2382
1741112737075,1021.2316
1741112737096,1021.22363
1741112737134,1021.22595
1741112737173,1021.2228
1741112737194,1021.2224
1741112737240,1021.22595
1741112737274,1021.2289
1741112737294,1021.2398
1741112737335,1021.23114
1741112737374,1021.2274
1741112737397,1021.2301
1741112737435,1021.23676
1741112737474,1021.2383
1741112737494,1021.23584
1741112737534,1021.2329
1741112737574,1021.23987
1741112737593,1021.22327
1741112737634,1021.2284
1741112737673,1021.2256
1741112737693,1021.21985
1741112737736,1021.21387
1741112737773,1021.21844
1741112737797,1021.2189
1741112737834,1021.2228
1741112737874,1021.22894
1741112737894,1021.22705
1741112737934,1021.2263
1741112737973,1021.22266
1741112737994,1021.2163
1741112738033,1021.2086
1741112738074,1021.20764
1741112738095,1021.2122
1741112738141,1021.2118
1741112738172,1021.2101
1741112738193,1021.21545
1741112738236,1021.21985
1741112738274,1021.2177
1741112738293,1021.2189
1741112738334,1021.2158
1741112738374,1021.21106
1741112738392,1021.2017
1741112738433,1021.2123
1741112738475,1021.2175
1741112738495,1021.21423
1741112738533,1021.21967
1741112738575,1021.2178
1741112738597,1021.21326
1741112738634,1021.2097
1741112738673,1021.20917
1741112738693,1021.2074
1741112738733,1021.2075
1741112738773,1021.2183
1741112738794,1021.2167
1741112738832,1021.21564
1741112738873,1021.21436
1741112738894,1021.2126
1741112738932,1021.20996
1741112738973,1021.2054
1741112738994,1021.2033
1741112739034,1021.20544
1741112739073,1021.2046
1741112739093,1021.20044
1741112739132,1021.21875
1741112739172,1021.2195
1741112739192,1021.2073
1741112739241,1021.19586
1741112739273,1021.2081
1741112739292,1021.2074
1741112739333,1021.20703
1741112739372,1021.21936
1741112739394,1021.2146
1741112739433,1021.2107
1741112739473,1021.2114
1741112739494,1021.2107
1741112739532,1021.1975
1741112739573,1021.1967
1741112739595,1021.2062
1741112739633,1021.20715
1741112739671,1021.2063
1741112739692,1021.20306
1741112739734,1021.2106
1741112739772,1021.21533
1741112739809,1021.2124
1741112739833,1021.2106
1741112739872,1021.2025
1741112739893,1021.2122
1741112739933,1021.2197
1741112739972,1021.2144
1741112739994,1021.2134
1741112740032,1021.2195
1741112740072,1021.22125
1741112740095,1021.2195
1741112740133,1021.21906
1741112740171,1021.22577
1741112740192,1021.22473
1741112740238,1021.2234
1741112740274,1021.2167
1741112740292,1021.2216
1741112740333,1021.2248
1741112740373,1021.2141
1741112740393,1021.20825
1741112740434,1021.2085
1741112740472,1021.20984
1741112740493,1021.2235
1741112740532,1021.2271
1741112740575,1021.2337
1741112740594,1021.2238
1741112740632,1021.219
1741112740671,1021.2163
1741112740692,1021.2175
1741112740744,1021.21313
1741112740772,1021.2092
1741112740792,1021.2122
1741112740834,1021.2125
1741112740872,1021.2209
1741112740893,1021.2258
1741112740934,1021.221
1741112740974,1021.22473
1741112740994,1021.22314
1741112741032,1021.2267
1741112741073,1021.21875
1741112741092,1021.221
1741112741132,1021.224
1741112741171,1021.22424
1741112741191,1021.23254
1741112741236,1021.23425
1741112741273,1021.2353
1741112741292,1021.23346
1741112741335,1021.23755
1741112741371,1021.23987
1741112741392,1021.24536
1741112741432,1021.24146
1741112741472,1021.2441
1741112741492,1021.2442
1741112741533,1021.23193
1741112741572,1021.2342
1741112741593,1021.24414
1741112741632,1021.25183
1741112741670,1021.24866
1741112741690,1021.24146
1741112741731,1021.2381
1741112741774,1021.24194
1741112741795,1021.24316
1741112741831,1021.24884
1741112741873,1021.2523
1741112741892,1021.2542
1741112741932,1021.25433
1741112741971,1021.2607
1741112741992,1021.2666
1741112742033,1021.27026
1741112742073,1021.2709
1741112742092,1021.26526
1741112742131,1021.26764
1741112742175,1021.2663
1741112742191,1021.2771
1741112742231,1021.2792
1741112742271,1021.27765
1741112742291,1021.272
1741112742331,1021.2886
1741112742371,1021.2909
1741112742391,1021.2828
1741112742431,1021.29376
1741112742474,1021.2974
1741112742491,1021.3014
1741112742531,1021.3031
1741112742572,1021.2951
1741112742592,1021.2976
1741112742632,1021.31006
1741112742671,1021.31714
1741112742690,1021.3169
1741112742730,1021.31964
1741112742771,1021.31824
1741112742791,1021.31934
1741112742832,1021.32684
1741112742871,1021.3275
1741112742894,1021.32306
1741112742932,1021.33093
1741112742972,1021.33
1741112742994,1021.3323
1741112743030,1021.33215
1741112743072,1021.3433
1741112743092,1021.3536
1741112743130,1021.3545
1741112743170,1021.3656
1741112743189,1021.3662
1741112743230,1021.3678
1741112743272,1021.3709
1741112743290,1021.366
1741112743330,1021.37244
1741112743372,1021.36786
1741112743392,1021.36365
1741112743431,1021.3694
1741112743470,1021.37573
1741112743490,1021.3779
1741112743530,1021.38477
1741112743571,1021.38776
1741112743591,1021.3843
1741112743631,1021.3869
1741112743670,1021.3762
1741112743690,1021.3692
1741112743730,1021.3816
1741112743770,1021.3843
1741112743790,1021.3867
1741112743831,1021.3959
1741112743871,1021.3925
1741112743890,1021.4023
1741112743930,1021.4043
1741112743971,1021.41534
1741112743992,1021.42224
1741112744030,1021.4181
1741112744070,1021.41516
1741112744091,1021.4197
1741112744130,1021.4203
1741112744170,1021.42975
1741112744209,1021.43896
1741112744229,1021.4404
1741112744270,1021.43567
1741112744289,1021.449
1741112744331,1021.4523
1741112744372,1021.4518
1741112744390,1021.4512
1741112744429,1021.4562
1741112744470,1021.4574
1741112744511,1021.4497
1741112744530,1021.4455
1741112744571,1021.44855
1741112744610,1021.4531
1741112744631,1021.4614
1741112744672,1021.4647
1741112744708,1021.4785
1741112744729,1021.4789
1741112744782,1021.4898
1741112744809,1021.4883
1741112744829,1021.49243
1741112744870,1021.4938
1741112744911,1021.4854
1741112744930,1021.4929
1741112744969,1021.49786
1741112745010,1021.5021
1741112745029,1021.5047
1741112745071,1021.5029
1741112745109,1021.4981
1741112745129,1021.5025
1741112745171,1021.5057
1741112745209,1021.50574
1741112745229,1021.5224
1741112745273,1021.52814
1741112745309,1021.5333
1741112745329,1021.52765
1741112745370,1021.5267
1741112745409,1021.52856
1741112745429,1021.536
1741112745469,1021.5453
1741112745512,1021.5445
1741112745529,1021.5405
1741112745569,1021.5435
1741112745611,1021.54156
1741112745631,1021.55084
1741112745669,1021.561
1741112745710,1021.5668
1741112745728,1021.57153
1741112745769,1021.56604
1741112745810,1021.56805
1741112745830,1021.56885
1741112745868,1021.57794
1741112745910,1021.5766
1741112745929,1021.5749
1741112745969,1021.581
1741112746010,1021.5855
1741112746029,1021.58997
1741112746069,1021.59546
1741112746109,1021.5916
1741112746130,1021.5867
1741112746172,1021.59375
1741112746208,1021.59845
1741112746228,1021.5927
1741112746272,1021.5869
1741112746310,1021.5897
1741112746330,1021.5979
1741112746370,1021.5935
1741112746409,1021.5969
1741112746431,1021.5969
1741112746470,1021.60364
1741112746510,1021.5946
1741112746530,1021.5908
1741112746568,1021.59454
1741112746609,1021.5959
1741112746629,1021.59515
1741112746673,1021.59644
1741112746708,1021.593
1741112746728,1021.5961
1741112746770,1021.6028
1741112746808,1021.6068
1741112746829,1021.61365
1741112746869,1021.61237
1741112746909,1021.6127
1741112746928,1021.6056
1741112746968,1021.60126
1741112747009,1021.59973
1741112747029,1021.6023
1741112747069,1021.6051
1741112747111,1021.60376
1741112747129,1021.6134
1741112747173,1021.6139
1741112747208,1021.6078
1741112747229,1021.6114
1741112747269,1021.609
1741112747311,1021.60144
1741112747328,1021.60754
1741112747367,1021.6087
1741112747408,1021.6015
1741112747432,1021.5997
1741112747471,1021.59973
1741112747510,1021.614
1741112747529,1021.6103
1741112747568,1021.6028
1741112747608,1021.59
1741112747627,1021.5948
1741112747671,1021.6049
1741112747707,1021.6077
1741112747727,1021.59973
1741112747771,1021.60266
1741112747808,1021.6079
1741112747828,1021.6108
1741112747869,1021.61145
1741112747908,1021.6154
1741112747927,1021.6125
1741112747968,1021.6116
1741112748010,1021.6143
1741112748029,1021.62134
1741112748068,1021.6203
1741112748109,1021.61896
1741112748129,1021.6168
1741112748172,1021.6123
1741112748207,1021.6131
1741112748227,1021.61206
1741112748267,1021.60834
1741112748308,1021.6102
1741112748327,1021.61194
1741112748368,1021.6099
1741112748408,1021.6104
1741112748428,1021.6052
1741112748468,1021.60657
1741112748507,1021.6034
1741112748527,1021.6135
1741112748569,1021.60846
1741112748607,1021.6083
1741112748627,1021.6052
1741112748671,1021.6012
1741112748707,1021.606
1741112748727,1021.60675
1741112748770,1021.60583
1741112748808,1021.59576
1741112748829,1021.6002
1741112748867,1021.59595
1741112748910,1021.59424
1741112748928,1021.60474
1741112748969,1021.6022
1741112749009,1021.60364
1741112749027,1021.6105
1741112749067,1021.6115
1741112749107,1021.6096
1741112749128,1021.5963
1741112749169,1021.59546
1741112749206,1021.6008
1741112749226,1021.6034
1741112749267,1021.60706
1741112749309,1021.60315
1741112749327,1021.59753
1741112749369,1021.60065
1741112749408,1021.6038
1741112749428,1021.609
1741112749468,1021.6107
1741112749507,1021.6103
1741112749528,1021.6219
1741112749569,1021.6148
1741112749607,1021.61975
1741112749628,1021.6177
1741112749669,1021.61255
1741112749706,1021.6106
1741112749726,1021.6055
1741112749766,1021.5979
1741112749807,1021.6057
1741112749828,1021.6052
1741112749868,1021.6084
1741112749907,1021.61816
1741112749928,1021.6195
1741112749966,1021.61566
1741112750009,1021.6205
1741112750027,1021.615
1741112750067,1021.61334
1741112750107,1021.6104
1741112750126,1021.6154
1741112750166,1021.62354
1741112750207,1021.614
1741112750227,1021.61523
1741112750268,1021.61536
1741112750308,1021.6113
1741112750326,1021.61084
1741112750367,1021.60236
1741112750411,1021.5974
1741112750426,1021.59064
1741112750466,1021.5906
1741112750508,1021.60315
1741112750528,1021.6012
1741112750568,1021.5976
1741112750606,1021.59625
1741112750626,1021.6027
1741112750666,1021.6116
1741112750705,1021.6161
1741112750726,1021.61035
1741112750769,1021.6096
1741112750807,1021.6151
1741112750827,1021.6113
1741112750867,1021.61224
1741112750906,1021.6106
1741112750928,1021.6153
1741112750966,1021.6098
1741112751006,1021.6094
1741112751026,1021.6156
1741112751067,1021.61633
1741112751107,1021.61
1741112751127,1021.6118
1741112751167,1021.616
1741112751206,1021.627
1741112751226,1021.62756
1741112751267,1021.6264
1741112751305,1021.6212
1741112751328,1021.61456
1741112751369,1021.61115
1741112751407,1021.60474
1741112751426,1021.61145
1741112751466,1021.62244
1741112751505,1021.6256
1741112751527,1021.62756
1741112751567,1021.6244
1741112751606,1021.62524
1741112751627,1021.621
1741112751665,1021.6192
1741112751705,1021.617
1741112751726,1021.62164
1741112751767,1021.62286
1741112751806,1021.61975
1741112751825,1021.623
1741112751868,1021.62933
1741112751905,1021.6243
1741112751926,1021.61945
1741112751968,1021.62354
1741112752007,1021.6129
1741112752029,1021.61035
1741112752066,1021.6193
1741112752106,1021.61676
1741112752126,1021.61304
1741112752165,1021.6159
1741112752205,1021.6156
1741112752225,1021.6255
1741112752268,1021.62616
1741112752305,1021.6203
1741112752325,1021.6172
1741112752368,1021.61847
1741112752405,1021.62573
1741112752426,1021.62427
1741112752466,1021.6215
1741112752505,1021.62146
1741112752526,1021.62
1741112752569,1021.62634
1741112752606,1021.6295
1741112752625,1021.6343
1741112752666,1021.62915
1741112752704,1021.63367
1741112752725,1021.6376
1741112752765,1021.63416
1741112752808,1021.6356
1741112752825,1021.62744
1741112752865,1021.6223
1741112752906,1021.6233
1741112752925,1021.6214
1741112752965,1021.6196
1741112753005,1021.61926
1741112753025,1021.62
1741112753066,1021.6097
1741112753106,1021.6095
1741112753126,1021.61255
1741112753165,1021.6105
1741112753204,1021.6227
1741112753224,1021.61383
1741112753266,1021.61676
1741112753305,1021.6244
1741112753327,1021.62366
1741112753366,1021.6243
1741112753404,1021.62366
1741112753424,1021.61926
1741112753466,1021.61835
1741112753505,1021.6066
1741112753526,1021.619
1741112753565,1021.61523
1741112753605,1021.61304
1741112753625,1021.614
1741112753665,1021.6137
1741112753703,1021.61536
1741112753724,1021.6199
1741112753765,1021.6256
1741112753805,1021.629
1741112753826,1021.6358
1741112753865,1021.6212
1741112753904,1021.6186
1741112753924,1021.61316
1741112753966,1021.6127
1741112754004,1021.6138
1741112754024,1021.61975
1741112754064,1021.6265
1741112754106,1021.635
1741112754124,1021.62054
1741112754164,1021.6102
1741112754205,1021.6121
1741112754224,1021.6188
1741112754264,1021.61523
1741112754305,1021.61975
1741112754329,1021.6146
1741112754366,1021.60657
1741112754405,1021.61646
1741112754425,1021.6256
1741112754465,1021.6183
1741112754505,1021.61145
1741112754524,1021.6119
1741112754565,1021.6078
1741112754603,1021.6128
1741112754624,1021.62054
1741112754665,1021.6194
1741112754704,1021.61456
1741112754724,1021.6168
1741112754764,1021.61255
1741112754805,1021.6161
1741112754824,1021.6254
1741112754864,1021.62463
1741112754905,1021.624
1741112754925,1021.624
1741112754964,1021.6273
1741112755003,1021.62354
1741112755025,1021.6215
1741112755064,1021.6217
1741112755104,1021.626
1741112755124,1021.6284
1741112755164,1021.626
1741112755203,1021.6224
1741112755223,1021.6257
1741112755267,1021.6293
1741112755305,1021.63214
1741112755323,1021.63556
1741112755366,1021.63306
1741112755406,1021.6282
1741112755427,1021.6293
1741112755466,1021.63196
1741112755504,1021.63184
1741112755525,1021.63464
1741112755565,1021.63306
1741112755605,1021.6283
1741112755624,1021.6245
1741112755664,1021.61975
1741112755702,1021.61505
1741112755723,1021.6134
1741112755768,1021.6207
1741112755803,1021.6168
1741112755824,1021.6291
1741112755863,1021.6251
1741112755905,1021.6219
1741112755924,1021.62317
1741112755964,1021.62115
1741112756006,1021.6169
1741112756025,1021.61884
1741112756064,1021.6171
1741112756104,1021.61096
1741112756124,1021.63135
1741112756163,1021.632
1741112756203,1021.6245
1741112756223,1021.61847
1741112756264,1021.62256
1741112756303,1021.6316
1741112756323,1021.636
1741112756364,1021.63696
1741112756404,1021.6362
1741112756423,1021.6399
1741112756465,1021.6279
1741112756504,1021.6217
1741112756526,1021.62177
1741112756563,1021.6227
1741112756604,1021.6306
1741112756626,1021.6354
1741112756664,1021.6311
1741112756703,1021.6375
1741112756723,1021.63855
1741112756764,1021.6364
1741112756802,1021.6321
1741112756825,1021.63135
1741112756867,1021.6367
1741112756904,1021.63855
1741112756923,1021.64215
1741112756964,1021.6437
1741112757003,1021.6349
1741112757024,1021.6338
1741112757064,1021.6432
1741112757103,1021.64185
1741112757123,1021.644
1741112757163,1021.6452
1741112757204,1021.6448
1741112757222,1021.6521
1741112757262,1021.64166
1741112757303,1021.6361
1741112757323,1021.6392
1741112757362,1021.63184
1741112757404,1021.63666
1741112757422,1021.6361
1741112757464,1021.6335
1741112757504,1021.6282
1741112757524,1021.6358
1741112757563,1021.6343
1741112757605,1021.6358
1741112757623,1021.63605
1741112757663,1021.6373
1741112757710,1021.6352
1741112757723,1021.63214
1741112757762,1021.63165
1741112757802,1021.63495
1741112757822,1021.63794
1741112757862,1021.63354
1741112757904,1021.6393
1741112757923,1021.6414
1741112757962,1021.6461
1741112758004,1021.6471
1741112758022,1021.6432
1741112758063,1021.63794
1741112758105,1021.6314
1741112758122,1021.6426
1741112758164,1021.64386
1741112758205,1021.6484
1741112758221,1021.6447
1741112758262,1021.64575
1741112758304,1021.6446
1741112758323,1021.6443
1741112758362,1021.6366
1741112758403,1021.63196
1741112758424,1021.6358
1741112758462,1021.6332
1741112758503,1021.6302
1741112758524,1021.635
1741112758566,1021.63257
1741112758602,1021.6385
1741112758622,1021.63934
1741112758664,1021.6386
1741112758703,1021.6341
1741112758722,1021.63074
1741112758762,1021.6332
1741112758803,1021.631
1741112758823,1021.6282
1741112758863,1021.6303
1741112758902,1021.6334
1741112758922,1021.636
1741112758964,1021.63635
1741112759003,1021.6365
1741112759022,1021.6361
1741112759063,1021.64014
1741112759104,1021.64307
1741112759122,1021.6449
1741112759163,1021.641
1741112759203,1021.643
1741112759222,1021.6435
1741112759261,1021.64514
1741112759303,1021.649
1741112759322,1021.6428
1741112759361,1021.6404
1741112759404,1021.64087
1741112759422,1021.6288
1741112759463,1021.6318
1741112759501,1021.63544
1741112759523,1021.6464
1741112759563,1021.64545
1741112759604,1021.63995
1741112759623,1021.6366
1741112759662,1021.6493
1741112759707,1021.65125
1741112759722,1021.6448
1741112759761,1021.64276
1741112759803,1021.64014
1741112759823,1021.64185
1741112759860,1021.643
1741112759903,1021.643
1741112759924,1021.6344
1741112759961,1021.6284
1741112760003,1021.62463
1741112760024,1021.62634
1741112760061,1021.6258
1741112760100,1021.6317
1741112760121,1021.6405
1741112760163,1021.6463
1741112760201,1021.6434
1741112760221,1021.639
1741112760260,1021.63995
1741112760303,1021.6411
1741112760322,1021.6403
1741112760360,1021.64496
1741112760402,1021.64294
1741112760421,1021.6488
1741112760461,1021.6413
1741112760503,1021.6291
1741112760522,1021.62573
1741112760562,1021.6261
1741112760602,1021.6327
1741112760622,1021.64233
1741112760660,1021.64557
1741112760704,1021.64874
1741112760721,1021.6473
1741112760760,1021.653
1741112760803,1021.64355
1741112760821,1021.6377
1741112760861,1021.6343
1741112760901,1021.6414
1741112760920,1021.6376
1741112760961,1021.63916
1741112761001,1021.6361
1741112761021,1021.64355
1741112761059,1021.6317
1741112761101,1021.6409
1741112761123,1021.6356
1741112761161,1021.63904
1741112761201,1021.63153
1741112761222,1021.6344
1741112761260,1021.63434
1741112761304,1021.6382
1741112761320,1021.63574
1741112761362,1021.63446
1741112761402,1021.63794
1741112761421,1021.6494
1741112761461,1021.6362
1741112761501,1021.64044
1741112761521,1021.6483
1741112761561,1021.6459
1741112761601,1021.6418
1741112761620,1021.65424
1741112761663,1021.6479
1741112761701,1021.64825
1741112761720,1021.64417
1741112761763,1021.6456
1741112761802,1021.64935
1741112761821,1021.65576
1741112761859,1021.6516
1741112761900,1021.6537
1741112761921,1021.65076
1741112761961,1021.6455
1741112762001,1021.6418
1741112762020,1021.6399
1741112762061,1021.639
1741112762102,1021.6472
1741112762121,1021.6492
1741112762160,1021.6483
1741112762201,1021.647
1741112762220,1021.6426
1741112762259,1021.63806
1741112762301,1021.6406
1741112762320,1021.6293
1741112762362,1021.63885
1741112762400,1021.63464
1741112762424,1021.6339
1741112762460,1021.63275
1741112762499,1021.6345
1741112762520,1021.6371
1741112762561,1021.63574
1741112762601,1021.6288
1741112762620,1021.6307
1741112762661,1021.6308
1741112762701,1021.6384
1741112762718,1021.6333
1741112762759,1021.6276
1741112762799,1021.62384
1741112762822,1021.619
1741112762859,1021.6204
1741112762902,1021.6233
1741112762921,1021.62225
1741112762960,1021.6245
1741112763001,1021.6218
1741112763020,1021.6334
1741112763062,1021.63574
1741112763099,1021.6329
1741112763119,1021.6333
1741112763159,1021.6364
1741112763201,1021.62756
1741112763219,1021.626
1741112763259,1021.6218
1741112763306,1021.6312
1741112763324,1021.6305
1741112763359,1021.62695
1741112763401,1021.6292
1741112763421,1021.6206
1741112763462,1021.6293
1741112763499,1021.6243
1741112763520,1021.6164
1741112763561,1021.6008
1741112763599,1021.60645
1741112763621,1021.6118
1741112763660,1021.60944
1741112763700,1021.6074
1741112763718,1021.621
1741112763758,1021.61206
1741112763799,1021.6191
1741112763821,1021.62665
1741112763860,1021.6294
1741112763900,1021.62537
1741112763919,1021.6198
1741112763959,1021.6117
1741112764001,1021.6136
1741112764019,1021.6216
1741112764058,1021.6221
1741112764098,1021.62244
1741112764120,1021.62036
1741112764163,1021.61914
1741112764200,1021.6166
1741112764218,1021.6138
1741112764258,1021.6105
1741112764304,1021.609
1741112764319,1021.6153
1741112764359,1021.60974
1741112764401,1021.6123
1741112764421,1021.60254
1741112764460,1021.60846
1741112764498,1021.6151
1741112764521,1021.6064
1741112764558,1021.60895
1741112764599,1021.60736
1741112764618,1021.60315
1741112764659,1021.5952
1741112764699,1021.6021
1741112764720,1021.61035
1741112764758,1021.6165
1741112764798,1021.6168
1741112764818,1021.61334
1741112764857,1021.61444
1741112764899,1021.6132
1741112764918,1021.59875
1741112764959,1021.6043
1741112764999,1021.59827
1741112765018,1021.60675
1741112765059,1021.6056
1741112765098,1021.59717
1741112765118,1021.6041
1741112765159,1021.59985
1741112765197,1021.5987
1741112765218,1021.60803
1741112765257,1021.5957
1741112765298,1021.59973
1741112765318,1021.60095
1741112765358,1021.6057
1741112765397,1021.6003
1741112765418,1021.5913
1741112765458,1021.5986
1741112765500,1021.6074
1741112765518,1021.6118
1741112765558,1021.61414
1741112765601,1021.61206
1741112765620,1021.60315
1741112765658,1021.6078
1741112765699,1021.61115
1741112765725,1021.6128
1741112765757,1021.6038
1741112765797,1021.605
1741112765819,1021.6072
1741112765859,1021.61255
1741112765901,1021.60504
1741112765921,1021.5967
1741112765958,1021.5895
1741112765998,1021.5826
1741112766038,1021.58057
1741112766059,1021.5743
1741112766098,1021.5742
1741112766142,1021.5757
1741112766159,1021.56744
1741112766199,1021.579
1741112766217,1021.5801
1741112766257,1021.5779
1741112766298,1021.57404
1741112766337,1021.5647
1741112766357,1021.57117
1741112766398,1021.57477
1741112766437,1021.5703
1741112766459,1021.57587
1741112766502,1021.5757
1741112766519,1021.5759
1741112766557,1021.57086
1741112766598,1021.5664
1741112766637,1021.5654
1741112766658,1021.56714
1741112766700,1021.5652
1741112766737,1021.5591
1741112766757,1021.5644
1741112766798,1021.57056
1741112766837,1021.5664
1741112766857,1021.56866
1741112766898,1021.5634
1741112766937,1021.5654
1741112766957,1021.56635
1741112766999,1021.56244
1741112767038,1021.5639
1741112767058,1021.56396
1741112767100,1021.56067
1741112767137,1021.5501
1741112767159,1021.5543
1741112767197,1021.5641
1741112767236,1021.552
1741112767256,1021.5545
1741112767299,1021.5563
1741112767337,1021.5613
1741112767357,1021.56683
1741112767397,1021.5635
1741112767421,1021.563
1741112767457,1021.57214
1741112767498,1021.5636
1741112767537,1021.567
1741112767556,1021.5758
1741112767596,1021.57715
1741112767638,1021.5675
1741112767656,1021.57007
1741112767697,1021.5663
1741112767737,1021.566
1741112767758,1021.56537
1741112767796,1021.56
1741112767839,1021.5659
1741112767858,1021.56696
1741112767897,1021.5654
1741112767938,1021.5666
1741112767959,1021.5736
1741112767998,1021.56934
1741112768037,1021.5742
1741112768057,1021.57983
1741112768096,1021.5785
1741112768136,1021.57495
1741112768157,1021.5696
1741112768200,1021.56323
1741112768236,1021.563
1741112768256,1021.563
1741112768297,1021.55524
1741112768337,1021.5695
1741112768357,1021.57605
1741112768398,1021.5746
1741112768438,1021.5749
1741112768457,1021.5761
1741112768497,1021.5688
1741112768537,1021.5675
1741112768556,1021.57275
1741112768596,1021.5751
1741112768643,1021.5688
1741112768655,1021.57086
1741112768699,1021.5728
1741112768737,1021.58105
1741112768756,1021.5846
1741112768795,1021.58417
1741112768836,1021.5826
1741112768857,1021.5736
1741112768896,1021.576
1741112768937,1021.583
1741112768956,1021.57605
1741112768997,1021.5822
1741112769037,1021.5901
1741112769055,1021.58624
1741112769097,1021.5897
1741112769136,1021.58203
1741112769157,1021.58185
1741112769196,1021.5858
1741112769237,1021.5871
1741112769255,1021.59265
1741112769296,1021.5913
1741112769336,1021.5965
1741112769357,1021.5893
1741112769397,1021.5945
1741112769437,1021.589
1741112769456,1021.5813
1741112769496,1021.5855
1741112769536,1021.58624
1741112769556,1021.5829
1741112769597,1021.5874
1741112769636,1021.58704
1741112769656,1021.57764
1741112769696,1021.5831
1741112769737,1021.587
1741112769755,1021.587
1741112769796,1021.5906
1741112769835,1021.5902
1741112769856,1021.5973
1741112769899,1021.5873
1741112769935,1021.58673
1741112769956,1021.5839
1741112769996,1021.5856
1741112770036,1021.5895
1741112770055,1021.59296
1741112770097,1021.58655
1741112770136,1021.5905
1741112770156,1021.5859
1741112770195,1021.5877
1741112770240,1021.5858
1741112770255,1021.5895
1741112770295,1021.593
1741112770335,1021.5932
1741112770357,1021.5883
1741112770395,1021.58923
1741112770436,1021.5949
1741112770459,1021.59204
1741112770495,1021.59326
1741112770535,1021.588
1741112770555,1021.5965
1741112770596,1021.6052
1741112770637,1021.60297
1741112770656,1021.5948
1741112770695,1021.6004
1741112770736,1021.59644
1741112770754,1021.59485
1741112770796,1021.5902
1741112770835,1021.58563
1741112770854,1021.5956
1741112770896,1021.6117
1741112770937,1021.61115
1741112770956,1021.6113
1741112770997,1021.6154
1741112771038,1021.6211
1741112771054,1021.6257
1741112771098,1021.629
1741112771135,1021.63
1741112771156,1021.6363
1741112771196,1021.63727
1741112771234,1021.6387
1741112771255,1021.6388
1741112771295,1021.6301
1741112771334,1021.62854
1741112771355,1021.6315
1741112771397,1021.6349
1741112771437,1021.6489
1741112771454,1021.6504
1741112771496,1021.64636
1741112771535,1021.64905
1741112771555,1021.651
1741112771598,1021.6617
1741112771635,1021.6639
1741112771655,1021.6715
1741112771695,1021.6591
1741112771739,1021.6593
1741112771753,1021.6593
1741112771794,1021.6658
1741112771834,1021.6758
1741112771856,1021.6714
1741112771895,1021.6826
1741112771935,1021.6808
1741112771955,1021.6891
1741112771995,1021.6868
1741112772038,1021.69507
1741112772055,1021.70447
1741112772095,1021.6968
1741112772135,1021.694
1741112772155,1021.70306
1741112772196,1021.70166
1741112772235,1021.7074
1741112772254,1021.7047
1741112772294,1021.7086
1741112772335,1021.722
1741112772354,1021.72644
1741112772395,1021.7299
1741112772434,1021.7293
1741112772455,1021.7252
1741112772495,1021.7313
1741112772534,1021.73425
1741112772555,1021.738
1741112772595,1021.732
1741112772636,1021.74023
1741112772656,1021.7446
1741112772695,1021.75616
1741112772737,1021.7524
1741112772754,1021.7499
1741112772796,1021.7501
1741112772835,1021.75824
1741112772853,1021.7655
1741112772894,1021.77545
1741112772936,1021.77856
1741112772956,1021.77795
1741112772996,1021.77905
1741112773034,1021.7811
1741112773059,1021.79456
1741112773097,1021.79236
1741112773134,1021.79175
1741112773154,1021.7906
1741112773197,1021.79724
1741112773233,1021.80396
1741112773253,1021.8076
1741112773293,1021.8065
1741112773334,1021.8102
1741112773354,1021.8185
1741112773394,1021.82275
1741112773435,1021.8197
1741112773453,1021.8236
1741112773493,1021.8261
1741112773534,1021.83984
1741112773555,1021.8377
1741112773595,1021.8377
1741112773635,1021.84204
1741112773655,1021.84863
1741112773694,1021.8489
1741112773732,1021.8522
1741112773752,1021.84705
1741112773793,1021.84875
1741112773834,1021.8563
1741112773853,1021.8495
1741112773893,1021.85846
1741112773935,1021.8584
1741112773954,1021.8643
1741112773994,1021.8738
1741112774033,1021.8727
1741112774054,1021.8812
1741112774094,1021.88043
1741112774136,1021.8782
1741112774154,1021.8844
1741112774195,1021.89124
1741112774239,1021.8915
1741112774252,1021.9036
1741112774292,1021.90936
1741112774334,1021.90155
1741112774353,1021.90424
1741112774394,1021.9097
1741112774434,1021.91187
1741112774457,1021.9137
1741112774498,1021.91516
1741112774535,1021.92084
1741112774555,1021.9189
1741112774593,1021.9135
1741112774634,1021.91724
1741112774654,1021.9281
1741112774693,1021.9243
1741112774735,1021.93146
1741112774752,1021.9269
1741112774792,1021.93835
1741112774838,1021.93365
1741112774853,1021.9391
1741112774893,1021.9418
1741112774934,1021.9409
1741112774958,1021.9365
1741112774995,1021.94495
1741112775033,1021.95074
1741112775053,1021.9575
1741112775095,1021.96606
1741112775133,1021.9646
1741112775154,1021.969
1741112775195,1021.9761
1741112775237,1021.9751
1741112775255,1021.9746
1741112775293,1021.9795
1741112775335,1021.98706
1741112775354,1021.9885
1741112775395,1021.9901
1741112775434,1021.98676
1741112775454,1021.9866
1741112775494,1021.9952
1741112775534,1022.00116
1741112775555,1022.00696
1741112775594,1022.01306
1741112775634,1022.00867
1741112775654,1022.0052
1741112775693,1022.0127
1741112775737,1022.0198
1741112775752,1022.02936
1741112775792,1022.03107
1741112775832,1022.0449
1741112775854,1022.04144
1741112775894,1022.04395
1741112775932,1022.04987
1741112775952,1022.05176
1741112775993,1022.0477
1741112776032,1022.0486
1741112776053,1022.0392
1741112776093,1022.0425
1741112776132,1022.04083
1741112776154,1022.0479
1741112776194,1022.0495
1741112776234,1022.04895
1741112776254,1022.05383
1741112776292,1022.0506
1741112776344,1022.0579
1741112776354,1022.0715
1741112776393,1022.07385
1741112776434,1022.07605
1741112776453,1022.08295
1741112776493,1022.07385
1741112776535,1022.0689
1741112776555,1022.071
1741112776594,1022.0706
1741112776633,1022.0724
1741112776653,1022.07056
1741112776696,1022.0759
1741112776733,1022.07544
1741112776752,1022.0752
1741112776793,1022.0814
1741112776836,1022.0702
1741112776853,1022.0722
1741112776893,1022.0658
1741112776936,1022.0715
1741112776952,1022.08026
1741112776993,1022.08594
1741112777032,1022.08276
1741112777052,1022.0805
1741112777094,1022.067
1741112777135,1022.0665
1741112777153,1022.06934
1741112777193,1022.07056
1741112777235,1022.066
1741112777253,1022.07416
1741112777292,1022.07336
1741112777333,1022.0775
1741112777353,1022.0761
1741112777393,1022.0837
1741112777432,1022.0798
1741112777453,1022.07916
1741112777493,1022.08777
1741112777532,1022.0791
1741112777555,1022.0774
1741112777592,1022.0741
1741112777632,1022.07666
1741112777651,1022.07367
1741112777693,1022.0753
1741112777735,1022.07416
1741112777751,1022.08154
1741112777794,1022.0851
1741112777831,1022.08484
1741112777853,1022.0819
1741112777895,1022.08496
1741112777931,1022.0825
1741112777951,1022.08105
1741112777992,1022.0867
1741112778032,1022.09045
1741112778054,1022.09155
1741112778092,1022.09595
1741112778132,1022.09607
1741112778152,1022.089
1741112778191,1022.0872
1741112778231,1022.08936
1741112778252,1022.0875
1741112778291,1022.0921
1741112778332,1022.09155
1741112778351,1022.0906
1741112778393,1022.08716
1741112778435,1022.0895
1741112778452,1022.0885
1741112778491,1022.08514
1741112778532,1022.0814
1741112778555,1022.07935
1741112778591,1022.0759
1741112778633,1022.0757
1741112778652,1022.0759
1741112778692,1022.07947
1741112778742,1022.0799
1741112778750,1022.0765
1741112778790,1022.0801
1741112778834,1022.08276
1741112778850,1022.08105
1741112778891,1022.0729
1741112778932,1022.06885
1741112778953,1022.06775
1741112778995,1022.0781
1741112779034,1022.0783
1741112779051,1022.07874
1741112779092,1022.085
1741112779131,1022.07336
1741112779152,1022.07404
1741112779192,1022.08276
1741112779232,1022.0778
1741112779251,1022.0808
1741112779291,1022.0785
1741112779334,1022.0891
1741112779354,1022.0834
1741112779394,1022.0857
1741112779431,1022.0885
1741112779452,1022.0806
1741112779493,1022.0835
1741112779532,1022.0885
1741112779551,1022.0803
1741112779590,1022.0797
1741112779631,1022.0824
1741112779652,1022.0789
1741112779691,1022.08203
1741112779730,1022.0764
1741112779750,1022.0746
1741112779790,1022.0708
1741112779831,1022.0741
1741112779850,1022.08484
1741112779891,1022.0728
1741112779932,1022.0707
1741112779951,1022.0763
1741112779992,1022.07263
1741112780030,1022.07196
1741112780051,1022.079
1741112780090,1022.07654
1741112780132,1022.0741
1741112780152,1022.0752
1741112780190,1022.07874
1741112780231,1022.0725
1741112780253,1022.076
1741112780289,1022.0818
1741112780331,1022.0846
1741112780350,1022.08203
1741112780391,1022.08044
1741112780430,1022.0768
1741112780451,1022.07996
1741112780490,1022.0835
1741112780532,1022.069
1741112780551,1022.06714
1741112780590,1022.06525
1741112780630,1022.07104
1741112780651,1022.06635
1741112780690,1022.07947
1741112780730,1022.07904
1741112780752,1022.08594
1741112780789,1022.0895
1741112780831,1022.07526
1741112780850,1022.06934
1741112780890,1022.07056
1741112780930,1022.0701
1741112780950,1022.0679
1741112780991,1022.06006
1741112781031,1022.06415
1741112781051,1022.0754
1741112781093,1022.08093
1741112781132,1022.08435
1741112781152,1022.07965
1741112781190,1022.0801
1741112781230,1022.0919
1741112781250,1022.0923
1741112781289,1022.0879
1741112781332,1022.0818
1741112781351,1022.0904
1741112781390,1022.1006
1741112781429,1022.1076
1741112781449,1022.10583
1741112781490,1022.104
1741112781530,1022.10345
1741112781550,1022.1041
1741112781591,1022.113
1741112781630,1022.1187
1741112781650,1022.1216
1741112781692,1022.1107
1741112781729,1022.10126
1741112781749,1022.1034
1741112781789,1022.1085
1741112781829,1022.10693
1741112781849,1022.1033
1741112781889,1022.10364
1741112781929,1022.10645
1741112781950,1022.1144
1741112781989,1022.10675
1741112782030,1022.1069
1741112782049,1022.1088
1741112782090,1022.1064
1741112782132,1022.1119
1741112782151,1022.10455
1741112782192,1022.1149
1741112782231,1022.11194
1741112782253,1022.10706
1741112782289,1022.11084
1741112782334,1022.11676
1741112782350,1022.1127
1741112782390,1022.103
1741112782429,1022.10077
1741112782451,1022.1051
1741112782490,1022.11255
1741112782531,1022.119
1741112782549,1022.11285
1741112782589,1022.1163
1741112782629,1022.1145
1741112782650,1022.12415
1741112782687,1022.123
1741112782728,1022.119
1741112782748,1022.1209
1741112782788,1022.11926
1741112782829,1022.1241
1741112782849,1022.12427
1741112782888,1022.1086
1741112782929,1022.1009
1741112782949,1022.1009
1741112782990,1022.10114
1741112783028,1022.1077
1741112783049,1022.1085
1741112783089,1022.10876
1741112783130,1022.10864
1741112783148,1022.1039
1741112783188,1022.11487
1741112783228,1022.1156
1741112783247,1022.1234
1741112783287,1022.11993
1741112783330,1022.11914
1741112783349,1022.11597
1741112783389,1022.1161
1741112783429,1022.11365
1741112783449,1022.1139
1741112783489,1022.1174
1741112783530,1022.1105
1741112783548,1022.10596
1741112783588,1022.11145
1741112783629,1022.1074
1741112783648,1022.1095
1741112783689,1022.11816
1741112783729,1022.12225
1741112783748,1022.1228
1741112783788,1022.12085
1741112783828,1022.12
1741112783847,1022.1176
1741112783889,1022.1175
1741112783928,1022.11285
1741112783948,1022.12256
1741112783988,1022.1235
1741112784028,1022.12305
1741112784048,1022.1173
1741112784087,1022.1197
1741112784128,1022.1234
1741112784149,1022.11707
1741112784188,1022.12335
1741112784228,1022.1232
1741112784247,1022.12976
1741112784287,1022.12134
1741112784329,1022.11414
1741112784348,1022.1191
1741112784388,1022.1207
1741112784429,1022.1156
1741112784448,1022.1178
1741112784488,1022.1107
1741112784529,1022.1142
1741112784548,1022.1199
1741112784588,1022.12225
1741112784627,1022.1146
1741112784648,1022.1191
1741112784689,1022.1205
1741112784728,1022.11707
1741112784747,1022.11926
1741112784787,1022.1156
1741112784830,1022.11725
1741112784848,1022.1147
1741112784888,1022.10516
1741112784929,1022.10925
1741112784947,1022.11615
1741112784988,1022.114
1741112785027,1022.11804
1741112785048,1022.1105
1741112785088,1022.11035
1741112785127,1022.12036
1741112785148,1022.1231
1741112785188,1022.1182
1741112785228,1022.12274
1741112785249,1022.12555
1741112785287,1022.12695
1741112785328,1022.12103
1741112785346,1022.11707
1741112785390,1022.1186
1741112785426,1022.10876
1741112785448,1022.09985
1741112785487,1022.1108
1741112785530,1022.12134
1741112785547,1022.121
1741112785586,1022.1189
1741112785628,1022.1113
1741112785648,1022.1176
1741112785689,1022.1177
1741112785728,1022.12195
1741112785750,1022.12604
1741112785787,1022.1273
1741112785827,1022.122
1741112785847,1022.1212
1741112785886,1022.11914
1741112785927,1022.11566
1741112785947,1022.11865
1741112785988,1022.11365
1741112786027,1022.1122
1741112786047,1022.11554
1741112786087,1022.1153
1741112786128,1022.11584
1741112786147,1022.1139
1741112786187,1022.1056
1741112786226,1022.1118
1741112786247,1022.11523
1741112786286,1022.1178
1741112786327,1022.12134
1741112786347,1022.11066
1741112786388,1022.11176
1741112786426,1022.11523
1741112786447,1022.11237
1741112786487,1022.1115
1741112786527,1022.1127
1741112786547,1022.11346
1741112786586,1022.112
1741112786627,1022.11115
1741112786648,1022.1185
1741112786690,1022.1244
1741112786728,1022.1202
1741112786747,1022.1162
1741112786786,1022.12274
1741112786827,1022.1146
1741112786846,1022.11255
1741112786886,1022.10974
1741112786926,1022.1157
1741112786946,1022.1128
1741112786987,1022.11487
1741112787028,1022.1189
1741112787046,1022.11676
1741112787086,1022.11835
1741112787127,1022.1145
1741112787147,1022.12445
1741112787188,1022.1141
1741112787226,1022.1043
1741112787249,1022.09985
1741112787287,1022.1128
1741112787326,1022.1173
1741112787347,1022.1167
1741112787387,1022.11743
1741112787426,1022.1306
1741112787449,1022.1279
1741112787487,1022.1206
1741112787527,1022.1271
1741112787547,1022.12524
1741112787587,1022.1162
1741112787628,1022.1211
1741112787646,1022.10986
1741112787686,1022.11224
1741112787725,1022.12134
1741112787748,1022.1194
1741112787785,1022.11475
1741112787825,1022.1162
1741112787866,1022.124
1741112787886,1022.12317
1741112787925,1022.12115
1741112787946,1022.1262
1741112787987,1022.1185
1741112788026,1022.10724
1741112788065,1022.10547
1741112788087,1022.10846
1741112788127,1022.11035
1741112788166,1022.1062
1741112788187,1022.1087
1741112788225,1022.10876
1741112788267,1022.1018
1741112788285,1022.1026
1741112788325,1022.1056
1741112788366,1022.10425
1741112788386,1022.10974
1741112788425,1022.1094
1741112788466,1022.11176
1741112788487,1022.1112
1741112788526,1022.112
1741112788567,1022.10803
1741112788587,1022.10236
1741112788625,1022.1115
1741112788665,1022.11633
1741112788686,1022.10846
1741112788726,1022.1124
1741112788768,1022.1083
1741112788787,1022.10474
1741112788827,1022.11456
1741112788873,1022.10675
1741112788885,1022.11176
1741112788925,1022.113
1741112788969,1022.12866
1741112788986,1022.1215
1741112789026,1022.12573
1741112789067,1022.12646
1741112789086,1022.13416
1741112789125,1022.13257
1741112789167,1022.1189
1741112789186,1022.11914
1741112789225,1022.1203
1741112789266,1022.11664
1741112789285,1022.1157
1741112789324,1022.11694
1741112789367,1022.114
1741112789385,1022.1121
1741112789425,1022.1117
1741112789465,1022.10974
1741112789486,1022.11206
1741112789526,1022.1074
1741112789565,1022.11847
1741112789585,1022.11536
1741112789626,1022.1203
1741112789665,1022.121
1741112789685,1022.11505
1741112789726,1022.12
1741112789765,1022.1273
1741112789785,1022.13275
1741112789824,1022.1317
1741112789864,1022.129
1741112789885,1022.126
1741112789924,1022.1195
1741112789965,1022.1139
1741112789985,1022.1242
1741112790025,1022.1307
1741112790065,1022.12604
1741112790087,1022.12244
1741112790124,1022.125
1741112790165,1022.1207
1741112790185,1022.1259
1741112790224,1022.1145
1741112790267,1022.11304
1741112790285,1022.1118
1741112790324,1022.1108
1741112790365,1022.1067
1741112790385,1022.11597
1741112790425,1022.1173
1741112790465,1022.10486
1741112790485,1022.10803
1741112790524,1022.10535
1741112790565,1022.10815
1741112790583,1022.1079
1741112790625,1022.1141
1741112790665,1022.11346
1741112790687,1022.12036
1741112790724,1022.1136
1741112790767,1022.1094
1741112790785,1022.11115
1741112790824,1022.11945
1741112790864,1022.1115
1741112790884,1022.1169
1741112790925,1022.1164
1741112790965,1022.11365
1741112790985,1022.11444
1741112791024,1022.1097
1741112791065,1022.1048
1741112791084,1022.10724
1741112791124,1022.11743
1741112791167,1022.12463
1741112791184,1022.1213
1741112791225,1022.1202
1741112791269,1022.1323
1741112791285,1022.12415
1741112791323,1022.1273
1741112791366,1022.12506
1741112791384,1022.12585
1741112791427,1022.1239
1741112791468,1022.1217
1741112791483,1022.12244
1741112791525,1022.12024
1741112791564,1022.12024
1741112791585,1022.1161
1741112791625,1022.1106
1741112791675,1022.1087
1741112791683,1022.11584
1741112791725,1022.12134
1741112791765,1022.1154
1741112791786,1022.1149
1741112791824,1022.1103
1741112791864,1022.11017
1741112791884,1022.1087
1741112791924,1022.11365
1741112791964,1022.1155
1741112791986,1022.11505
1741112792024,1022.11633
1741112792065,1022.1157
1741112792084,1022.11725
1741112792124,1022.1146
1741112792164,1022.1204
1741112792184,1022.1272
1741112792225,1022.12146
1741112792265,1022.12445
1741112792285,1022.1166
1741112792324,1022.1197
1741112792364,1022.1184
1741112792383,1022.1128
1741112792424,1022.1078
1741112792464,1022.11475
1741112792483,1022.1156
1741112792525,1022.1167
1741112792564,1022.1295
1741112792584,1022.12885
1741112792624,1022.1236
1741112792664,1022.127
1741112792686,1022.12354
1741112792723,1022.13245
1741112792764,1022.12634
1741112792782,1022.1198
1741112792823,1022.1157
1741112792865,1022.12555
1741112792884,1022.1221
1741112792923,1022.1175
1741112792964,1022.12427
1741112792983,1022.1144
1741112793023,1022.1144
1741112793064,1022.1122
1741112793083,1022.12146
1741112793126,1022.1174
1741112793165,1022.1211
1741112793184,1022.1313
1741112793224,1022.1253
1741112793266,1022.1227
1741112793282,1022.1363
1741112793323,1022.1294
1741112793367,1022.1366
1741112793383,1022.1323
1741112793424,1022.13
1741112793465,1022.1373
1741112793488,1022.1295
1741112793527,1022.1349
1741112793562,1022.1259
1741112793586,1022.12854
1741112793623,1022.1278
1741112793664,1022.12744
1741112793686,1022.12305
1741112793722,1022.12256
1741112793763,1022.1065
1741112793782,1022.11646
1741112793823,1022.11804
1741112793864,1022.1252
1741112793883,1022.1189
1741112793924,1022.1239
1741112793962,1022.1116
1741112793983,1022.11865
1741112794024,1022.12024
1741112794062,1022.1194
1741112794083,1022.1194
1741112794124,1022.1118
1741112794162,1022.1132
1741112794182,1022.1116
1741112794223,1022.1097
1741112794263,1022.1177
1741112794282,1022.1228
1741112794322,1022.124
1741112794362,1022.1226
1741112794385,1022.12067
1741112794423,1022.12463
1741112794463,1022.1208
1741112794485,1022.1216
1741112794523,1022.11755
1741112794564,1022.1188
1741112794584,1022.12524
1741112794623,1022.1235
1741112794663,1022.1138
1741112794682,1022.1239
1741112794724,1022.12476
1741112794763,1022.11975
1741112794783,1022.1152
1741112794822,1022.11273
1741112794863,1022.1138
1741112794882,1022.11536
1741112794921,1022.12103
1741112794962,1022.1175
1741112794984,1022.1207
1741112795023,1022.1205
1741112795063,1022.1211
1741112795083,1022.1238
1741112795123,1022.1272
1741112795162,1022.1263
1741112795183,1022.1323
1741112795223,1022.1189
1741112795263,1022.1191
1741112795281,1022.1217
1741112795322,1022.126
1741112795364,1022.12006
1741112795385,1022.1161
1741112795422,1022.11456
1741112795463,1022.11597
1741112795482,1022.12946
1741112795521,1022.1274
1741112795561,1022.1287
1741112795582,1022.128
1741112795623,1022.1242
1741112795661,1022.11
1741112795682,1022.10834
1741112795721,1022.1112
1741112795762,1022.11664
1741112795782,1022.11304
1741112795820,1022.10925
1741112795861,1022.10913
1741112795883,1022.1089
1741112795922,1022.1113
1741112795964,1022.1017
1741112795983,1022.102
1741112796022,1022.1104
1741112796061,1022.11334
1741112796082,1022.12354
1741112796121,1022.1245
1741112796161,1022.1201
1741112796183,1022.11365
1741112796224,1022.11707
1741112796262,1022.115
1741112796287,1022.1079
1741112796320,1022.10486
1741112796361,1022.10785
1741112796384,1022.1113
1741112796422,1022.1106
1741112796462,1022.10583
1741112796482,1022.1017
1741112796522,1022.10333
1741112796562,1022.10693
1741112796582,1022.10767
1741112796624,1022.10516
1741112796661,1022.09955
1741112796681,1022.09863
1741112796721,1022.1033
1741112796761,1022.1073
1741112796781,1022.11816
1741112796821,1022.10596
1741112796862,1022.10767
1741112796881,1022.11176
1741112796926,1022.1209
1741112796960,1022.12463
1741112796981,1022.12164
1741112797021,1022.11835
1741112797062,1022.1129
1741112797083,1022.10834
1741112797121,1022.1006
1741112797162,1022.1062
1741112797180,1022.11
1741112797222,1022.10425
1741112797262,1022.114
1741112797283,1022.11597
1741112797320,1022.1205
1741112797363,1022.12146
1741112797381,1022.1135
1741112797421,1022.11444
1741112797460,1022.11346
1741112797485,1022.1093
1741112797520,1022.113
1741112797560,1022.1112
1741112797581,1022.10876
1741112797622,1022.1066
1741112797660,1022.10657
1741112797684,1022.10205
1741112797721,1022.09454
1741112797763,1022.0917
1741112797786,1022.09985
1741112797819,1022.10065
1741112797860,1022.09656
1741112797882,1022.10803
1741112797921,1022.1104
1741112797963,1022.10516
1741112797987,1022.0897
1741112798020,1022.09753
1741112798061,1022.1004
1741112798081,1022.09656
1741112798119,1022.09357
1741112798160,1022.0917
1741112798181,1022.0918
1741112798221,1022.093
1741112798261,1022.0898
1741112798287,1022.0941
1741112798320,1022.08405
1741112798360,1022.07855
1741112798381,1022.0857
1741112798419,1022.0841
1741112798461,1022.07587
1741112798483,1022.0769
1741112798522,1022.07495
1741112798560,1022.0775
1741112798580,1022.07996
1741112798621,1022.0862
1741112798661,1022.0913
1741112798680,1022.08276
1741112798720,1022.07666
1741112798763,1022.0797
1741112798783,1022.07745
1741112798819,1022.0747
1741112798861,1022.07605
1741112798882,1022.0795
1741112798919,1022.0752
1741112798963,1022.07715
1741112798981,1022.08673
1741112799019,1022.0864
1741112799062,1022.08716
1741112799082,1022.0813
1741112799121,1022.0847
1741112799160,1022.08905
1741112799187,1022.0935
1741112799218,1022.08215
