1741111813282,1022.8286
1741111813302,1022.82697
1741111813342,1022.82574
1741111813380,1022.8323
1741111813401,1022.83264
1741111813441,1022.83484
1741111813480,1022.83545
1741111813500,1022.8418
1741111813541,1022.8419
1741111813580,1022.833
1741111813600,1022.83813
1741111813640,1022.84326
1741111813680,1022.84106
1741111813701,1022.8371
1741111813741,1022.8311
1741111813764,1022.8415
1741111813800,1022.8331
1741111813840,1022.827
1741111813880,1022.8401
1741111813901,1022.8399
1741111813940,1022.8362
1741111813981,1022.8257
1741111814001,1022.829
1741111814040,1022.8347
1741111814081,1022.8271
1741111814100,1022.82385
1741111814139,1022.8263
1741111814180,1022.8319
1741111814200,1022.8659
1741111814242,1022.87573
1741111814281,1022.86237
1741111814300,1022.8468
1741111814339,1022.8546
1741111814379,1022.85315
1741111814399,1022.879
1741111814439,1022.9057
1741111814480,1022.93
1741111814499,1022.9347
1741111814540,1022.92224
1741111814580,1022.918
1741111814599,1022.9074
1741111814639,1022.9012
1741111814679,1022.89496
1741111814699,1022.88635
1741111814739,1022.88904
1741111814779,1022.88306
1741111814799,1022.87213
1741111814839,1022.87146
1741111814879,1022.8709
1741111814899,1022.87177
1741111814939,1022.8772
1741111815041,1022.874
1741111815060,1022.80206
1741111815100,1022.7964
1741111815139,1022.7908
1741111815160,1022.78674
1741111815228,1022.8058
1741111815239,1022.8205
1741111815260,1022.8153
1741111815308,1022.8375
1741111815344,1022.8489
1741111815362,1022.8615
1741111815399,1022.87933
1741111815439,1022.8767
1741111815460,1022.8727
1741111815501,1022.8786
1741111815544,1022.8832
1741111815565,1022.90076
1741111815602,1022.8872
1741111815641,1022.87994
1741111815661,1022.8939
1741111815702,1022.9053
1741111815755,1022.90356
1741111815763,1022.9027
1741111815799,1022.9004
1741111815846,1022.8937
1741111815867,1022.89905
1741111815901,1022.88617
1741111815939,1022.87524
1741111815962,1022.875
1741111816004,1022.87494
1741111816049,1022.87134
1741111816064,1022.8685
1741111816100,1022.8578
1741111816142,1022.8749
1741111816161,1022.87366
1741111816201,1022.87866
1741111816246,1022.897
1741111816260,1022.9014
1741111816300,1022.9082
1741111816341,1022.8912
1741111816359,1022.8751
1741111816401,1022.8653
1741111816441,1022.86334
1741111816461,1022.8633
1741111816503,1022.86584
1741111816540,1022.8655
1741111816559,1022.89075
1741111816600,1022.9195
1741111816642,1022.9229
1741111816661,1022.933
1741111816700,1022.9283
1741111816744,1022.9158
1741111816761,1022.9074
1741111816801,1022.88513
1741111816842,1022.8635
1741111816867,1022.85065
1741111816900,1022.8714
1741111816942,1022.89435
1741111816959,1022.88855
1741111816999,1022.89
1741111817039,1022.90515
1741111817060,1022.911
1741111817099,1022.91656
1741111817141,1022.9109
1741111817161,1022.8912
1741111817201,1022.88367
1741111817239,1022.8756
1741111817258,1022.86865
1741111817301,1022.87256
1741111817338,1022.88
1741111817358,1022.9169
1741111817399,1022.9248
1741111817442,1022.9264
1741111817459,1022.9296
1741111817502,1022.9158
1741111817548,1022.902
1741111817562,1022.89014
1741111817599,1022.87305
1741111817642,1022.8605
1741111817664,1022.8713
1741111817701,1022.88354
1741111817742,1022.8797
1741111817758,1022.8955
1741111817801,1022.8939
1741111817838,1022.90076
1741111817859,1022.89966
1741111817902,1022.8946
1741111817940,1022.8843
1741111817960,1022.881
1741111817998,1022.86633
1741111818043,1022.86176
1741111818062,1022.8637
1741111818100,1022.8722
1741111818139,1022.9314
1741111818161,1022.9342
1741111818199,1022.9372
1741111818247,1022.92883
1741111818259,1022.91943
1741111818303,1022.90375
1741111818339,1022.88574
1741111818361,1022.88226
1741111818399,1022.86566
1741111818440,1022.8684
1741111818459,1022.8634
1741111818499,1022.88684
1741111818538,1022.86816
1741111818559,1022.8837
1741111818602,1022.892
1741111818638,1022.87317
1741111818659,1022.8697
1741111818699,1022.85504
1741111818742,1022.8479
1741111818758,1022.8566
1741111818798,1022.86646
1741111818842,1022.87225
1741111818857,1022.91125
1741111818901,1022.91534
1741111818941,1022.92346
1741111818958,1022.92065
1741111819000,1022.9013
1741111819038,1022.8933
1741111819058,1022.8958
1741111819101,1022.8892
1741111819147,1022.8836
1741111819163,1022.87506
1741111819199,1022.8777
1741111819238,1022.8793
1741111819258,1022.89343
1741111819298,1022.90607
1741111819344,1022.90063
1741111819357,1022.8751
1741111819398,1022.8551
1741111819439,1022.83923
1741111819459,1022.83636
1741111819498,1022.8545
1741111819537,1022.8644
1741111819558,1022.9081
1741111819598,1022.9057
1741111819639,1022.9057
1741111819657,1022.9064
1741111819697,1022.8978
1741111819741,1022.88306
1741111819759,1022.8712
1741111819797,1022.8672
1741111819842,1022.87683
1741111819857,1022.8602
1741111819899,1022.8845
1741111819937,1022.9118
1741111819958,1022.90247
1741111820003,1022.9022
1741111820041,1022.8733
1741111820059,1022.83057
1741111820101,1022.7998
1741111820138,1022.80634
1741111820158,1022.82275
1741111820199,1022.8457
1741111820238,1022.8418
1741111820259,1022.87494
1741111820297,1022.86707
1741111820343,1022.8838
1741111820360,1022.9359
1741111820401,1022.9392
1741111820438,1022.9224
1741111820457,1022.9056
1741111820496,1022.8922
1741111820537,1022.8862
1741111820557,1022.87836
1741111820598,1022.8659
1741111820637,1022.8798
1741111820656,1022.8893
1741111820698,1022.9016
1741111820737,1022.8666
1741111820758,1022.83826
1741111820797,1022.8186
1741111820838,1022.8093
1741111820859,1022.8213
1741111820897,1022.8331
1741111820937,1022.8503
1741111820957,1022.85126
1741111820998,1022.8892
1741111821037,1022.89624
1741111821057,1022.98895
1741111821097,1023.0382
1741111821143,1023.032
1741111821194,1022.99
1741111821197,1022.9537
1741111821236,1022.9293
1741111821258,1022.9027
1741111821297,1022.8965
1741111821338,1022.87744
1741111821357,1022.8792
1741111821399,1022.8879
1741111821438,1022.90546
1741111821456,1022.8949
1741111821498,1022.84235
1741111821552,1022.8249
1741111821563,1022.83154
1741111821596,1022.8382
1741111821638,1022.85315
1741111821659,1022.85626
1741111821698,1022.8487
1741111821736,1022.8806
1741111821758,1022.88306
1741111821797,1022.9584
1741111821837,1023.0219
1741111821858,1023.00867
1741111821901,1022.984
1741111821938,1022.962
1741111821959,1022.93066
1741111821996,1022.90906
1741111822040,1022.9159
1741111822057,1022.8888
1741111822096,1022.9033
1741111822139,1022.8912
1741111822157,1022.9182
1741111822198,1022.9219
1741111822236,1022.85803
1741111822258,1022.8364
1741111822299,1022.8374
1741111822339,1022.8571
1741111822356,1022.86774
1741111822396,1022.8779
1741111822437,1022.8649
1741111822457,1022.90216
1741111822501,1022.9234
1741111822538,1022.9442
1741111822559,1023.006
1741111822596,1023.0214
1741111822636,1023.00385
1741111822656,1022.9655
1741111822699,1022.93054
1741111822737,1022.9181
1741111822756,1022.9176
1741111822798,1022.9036
1741111822838,1022.9151
1741111822857,1022.9025
1741111822895,1022.90314
1741111822937,1022.92413
1741111822958,1022.88403
1741111822998,1022.83844
1741111823037,1022.8263
1741111823057,1022.84564
1741111823111,1022.85547
1741111823136,1022.8699
1741111823156,1022.86566
1741111823196,1022.93713
1741111823236,1022.93945
1741111823259,1022.99207
1741111823297,1023.0404
1741111823338,1023.02
1741111823358,1022.9839
1741111823397,1022.9558
1741111823442,1022.933
1741111823457,1022.9247
1741111823498,1022.9202
1741111823537,1022.8913
1741111823557,1022.9022
1741111823617,1022.90607
1741111823635,1022.92694
1741111823657,1022.918
1741111823698,1022.86926
1741111823737,1022.83966
1741111823756,1022.84344
1741111823800,1022.86316
1741111823837,1022.8924
1741111823856,1022.88806
1741111823895,1022.91406
1741111823936,1022.9543
1741111823957,1022.94165
1741111823995,1022.9432
1741111824037,1022.9615
1741111824059,1022.95087
1741111824097,1022.9287
1741111824135,1022.91534
1741111824155,1022.9154
1741111824197,1022.92206
1741111824237,1022.9125
1741111824257,1022.90955
1741111824298,1022.90686
1741111824335,1022.8977
1741111824356,1022.9059
1741111824397,1022.8983
1741111824443,1022.8938
1741111824456,1022.89105
1741111824496,1022.8945
1741111824543,1022.8887
1741111824555,1022.87115
1741111824599,1022.8783
1741111824635,1022.9174
1741111824656,1022.91296
1741111824695,1022.92316
1741111824738,1022.97003
1741111824756,1023.00104
1741111824795,1022.9865
1741111824836,1022.9573
1741111824855,1022.93713
1741111824895,1022.9334
1741111824936,1022.9211
1741111824958,1022.9215
1741111824994,1022.9353
1741111825034,1022.9238
1741111825056,1022.92505
1741111825097,1022.90186
1741111825135,1022.8424
1741111825157,1022.8352
1741111825200,1022.8355
1741111825235,1022.84546
1741111825256,1022.8558
1741111825303,1022.86615
1741111825335,1022.93524
1741111825357,1022.9375
1741111825400,1022.9117
1741111825436,1022.9464
1741111825456,1022.96936
1741111825495,1022.94885
1741111825535,1022.93616
1741111825554,1022.92474
1741111825598,1022.9283
1741111825638,1022.93176
1741111825656,1022.9138
1741111825696,1022.93506
1741111825734,1022.929
1741111825758,1022.9425
1741111825796,1022.93585
1741111825835,1022.8742
1741111825855,1022.84607
1741111825894,1022.8512
1741111825936,1022.87146
1741111825974,1022.88995
1741111825995,1022.87317
1741111826036,1022.88086
1741111826056,1022.9097
1741111826097,1022.91174
1741111826137,1022.9757
1741111826157,1023.0104
1741111826194,1022.9876
1741111826237,1022.95636
1741111826254,1022.94055
1741111826296,1022.9453
1741111826346,1022.93677
1741111826354,1022.92285
1741111826396,1022.8981
1741111826434,1022.89514
1741111826455,1022.8954
1741111826495,1022.91693
1741111826545,1022.8618
1741111826565,1022.8517
1741111826595,1022.8552
1741111826635,1022.84753
1741111826656,1022.8395
1741111826695,1022.8525
1741111826743,1022.84094
1741111826754,1022.9111
1741111826802,1022.93884
1741111826834,1022.96924
1741111826854,1023.0098
1741111826901,1023.0192
1741111826934,1023.00024
1741111826955,1022.9691
1741111826995,1022.96045
1741111827036,1022.952
1741111827057,1022.9228
1741111827099,1022.9129
1741111827134,1022.9088
1741111827155,1022.90967
1741111827194,1022.9047
1741111827236,1022.90216
1741111827253,1022.8752
1741111827294,1022.88635
1741111827334,1022.8877
1741111827359,1022.8696
1741111827394,1022.87244
1741111827439,1022.87866
1741111827454,1022.8885
1741111827496,1022.9167
1741111827535,1022.92883
1741111827556,1022.93896
1741111827593,1022.93506
1741111827637,1022.9313
1741111827654,1022.92535
1741111827695,1022.91266
1741111827736,1022.9155
1741111827754,1022.9232
1741111827794,1022.90295
1741111827835,1022.90674
1741111827853,1022.9178
1741111827894,1022.90717
1741111827934,1022.9342
1741111827955,1022.89545
1741111827993,1022.8624
1741111828035,1022.8657
1741111828055,1022.86426
1741111828102,1022.8563
1741111828134,1022.8666
1741111828158,1022.8628
1741111828201,1022.9043
1741111828233,1022.91534
1741111828255,1022.95166
1741111828294,1022.99457
1741111828334,1023.0044
1741111828363,1022.97986
1741111828394,1022.96545
1741111828435,1022.9616
1741111828453,1022.9502
1741111828496,1022.9394
1741111828542,1022.9121
1741111828555,1022.91223
1741111828595,1022.903
1741111828632,1022.901
1741111828654,1022.92645
1741111828694,1022.8947
1741111828741,1022.8619
1741111828753,1022.8533
1741111828796,1022.86926
1741111828835,1022.87854
1741111828854,1022.8894
1741111828892,1022.8817
1741111828934,1022.86206
1741111828953,1022.9304
1741111828993,1022.92834
1741111829033,1022.98126
1741111829054,1023.0149
1741111829099,1023.0087
1741111829132,1022.98596
1741111829153,1022.9516
1741111829195,1022.9386
1741111829235,1022.9391
1741111829252,1022.93756
1741111829293,1022.91797
1741111829334,1022.91974
1741111829354,1022.9166
1741111829393,1022.919
1741111829433,1022.92236
1741111829455,1022.87286
1741111829493,1022.85223
1741111829537,1022.8607
1741111829562,1022.8878
1741111829593,1022.89
1741111829632,1022.87885
1741111829652,1022.8605
1741111829696,1022.92816
1741111829734,1022.9427
1741111829753,1022.98804
1741111829794,1023.0671
1741111829833,1023.0782
1741111829853,1023.04645
1741111829892,1023.00165
1741111829933,1022.97375
1741111829956,1022.9495
1741111829994,1022.9252
1741111830034,1022.90485
1741111830052,1022.8898
1741111830092,1022.8784
1741111830134,1022.89636
1741111830154,1022.8847
1741111830193,1022.8583
1741111830233,1022.8378
1741111830258,1022.83514
1741111830295,1022.8459
1741111830334,1022.8505
1741111830353,1022.8574
1741111830394,1022.86365
1741111830434,1022.9145
1741111830454,1022.9072
1741111830492,1022.9226
1741111830532,1022.9773
1741111830555,1022.97156
1741111830603,1022.9581
1741111830633,1022.93976
1741111830656,1022.9211
1741111830697,1022.91046
1741111830734,1022.9173
1741111830754,1022.89386
1741111830793,1022.8897
1741111830832,1022.8847
1741111830851,1022.889
1741111830893,1022.9005
1741111830932,1022.8583
1741111830953,1022.8469
1741111830997,1022.85986
1741111831031,1022.8539
1741111831059,1022.85095
1741111831093,1022.8583
1741111831133,1022.8573
1741111831155,1022.9106
1741111831192,1022.9134
1741111831232,1022.93286
1741111831254,1022.9956
1741111831294,1023.00867
1741111831335,1022.98737
1741111831352,1022.9616
1741111831392,1022.93207
1741111831432,1022.9123
1741111831460,1022.9097
1741111831494,1022.88965
1741111831534,1022.8912
1741111831554,1022.88806
1741111831592,1022.89404
1741111831635,1022.908
1741111831661,1022.8782
1741111831691,1022.8533
1741111831737,1022.8656
1741111831753,1022.87256
1741111831793,1022.851
1741111831832,1022.84326
1741111831868,1022.82745
1741111831892,1022.8714
1741111831931,1022.8854
1741111831951,1022.9685
1741111831992,1022.9942
1741111832034,1023.0221
1741111832053,1023.00696
1741111832091,1022.9726
1741111832132,1022.9531
1741111832153,1022.93677
1741111832191,1022.9231
1741111832233,1022.90137
1741111832254,1022.87744
1741111832292,1022.8737
1741111832334,1022.8666
1741111832357,1022.87177
1741111832390,1022.83344
1741111832431,1022.81793
1741111832453,1022.81726
1741111832493,1022.81433
1741111832531,1022.82855
1741111832552,1022.85657
1741111832590,1022.8631
1741111832633,1022.86475
1741111832652,1022.90393
1741111832692,1022.90656
1741111832730,1022.9239
1741111832754,1022.93713
1741111832802,1022.9296
1741111832831,1022.91064
1741111832854,1022.8961
1741111832891,1022.8916
1741111832930,1022.89185
1741111832950,1022.8666
1741111832994,1022.86115
1741111833033,1022.8634
1741111833052,1022.8739
1741111833097,1022.89764
1741111833130,1022.8629
1741111833151,1022.8418
1741111833190,1022.8337
1741111833236,1022.8268
1741111833261,1022.82825
1741111833293,1022.8458
1741111833331,1022.8469
1741111833355,1022.8608
1741111833391,1022.8961
1741111833439,1022.9214
1741111833451,1023.0051
1741111833491,1023.05524
1741111833531,1023.02216
1741111833552,1022.9866
1741111833598,1022.95496
1741111833633,1022.9336
1741111833655,1022.91455
1741111833690,1022.907
1741111833730,1022.8861
1741111833752,1022.8879
1741111833789,1022.8903
1741111833830,1022.8933
1741111833851,1022.9098
1741111833901,1022.86255
1741111833932,1022.84454
1741111833959,1022.831
1741111833992,1022.84357
1741111834034,1022.8297
1741111834049,1022.8248
1741111834091,1022.82263
1741111834131,1022.83246
1741111834155,1022.89923
1741111834192,1022.88806
1741111834231,1022.97797
1741111834251,1023.01697
1741111834292,1023.00073
1741111834332,1022.97894
1741111834351,1022.94836
1741111834403,1022.92596
1741111834431,1022.9099
1741111834453,1022.901
1741111834489,1022.87366
1741111834532,1022.8696
1741111834559,1022.87463
1741111834589,1022.8695
1741111834630,1022.8804
1741111834658,1022.86914
1741111834690,1022.8224
1741111834732,1022.80804
1741111834749,1022.8186
1741111834794,1022.8152
1741111834830,1022.8177
1741111834852,1022.8331
1741111834891,1022.8424
1741111834931,1022.9005
1741111834963,1022.88666
1741111834991,1022.94934
1741111835042,1023.0089
1741111835050,1022.9978
1741111835092,1022.9761
1741111835129,1022.9604
1741111835151,1022.9335
1741111835191,1022.91156
1741111835232,1022.9004
1741111835250,1022.8805
1741111835291,1022.877
1741111835341,1022.894
1741111835350,1022.8822
1741111835392,1022.8779
1741111835441,1022.84595
1741111835449,1022.8191
1741111835493,1022.8287
1741111835530,1022.83813
1741111835549,1022.84125
1741111835602,1022.8567
1741111835630,1022.8653
1741111835654,1022.8602
1741111835692,1022.9124
1741111835733,1022.907
1741111835750,1022.95557
1741111835790,1022.9845
1741111835831,1022.9654
1741111835849,1022.94116
1741111835889,1022.912
1741111835931,1022.89105
1741111835951,1022.8739
1741111835992,1022.87164
1741111836029,1022.8546
1741111836049,1022.8684
1741111836089,1022.8754
1741111836129,1022.878
1741111836149,1022.8878
1741111836190,1022.8202
1741111836229,1022.81445
1741111836256,1022.811
1741111836290,1022.8212
1741111836330,1022.8187
1741111836352,1022.82275
1741111836388,1022.8333
1741111836431,1022.86084
1741111836449,1022.8944
1741111836492,1022.9115
1741111836531,1022.9523
1741111836549,1022.9595
1741111836589,1022.93744
1741111836628,1022.9237
1741111836649,1022.90045
1741111836689,1022.8972
1741111836734,1022.8918
1741111836749,1022.864
1741111836790,1022.8631
1741111836832,1022.87506
1741111836849,1022.8728
1741111836891,1022.8949
1741111836930,1022.86426
1741111836952,1022.7925
1741111836989,1022.78973
1741111837031,1022.7923
1741111837069,1022.7757
1741111837094,1022.80743
1741111837131,1022.82904
1741111837175,1022.8315
1741111837188,1022.8856
1741111837228,1022.90955
1741111837268,1022.9922
1741111837288,1023.03357
1741111837328,1022.99963
1741111837369,1022.95874
1741111837387,1022.9148
1741111837429,1022.8992
1741111837455,1022.88873
1741111837489,1022.8829
1741111837529,1022.8594
1741111837568,1022.8693
1741111837588,1022.8543
1741111837629,1022.85516
1741111837668,1022.8714
1741111837689,1022.8165
1741111837728,1022.79346
1741111837749,1022.79443
1741111837788,1022.7965
1741111837828,1022.8043
1741111837869,1022.8292
1741111837887,1022.8356
1741111837928,1022.84106
1741111837971,1022.8794
1741111837989,1022.9109
1741111838032,1022.9659
1741111838069,1022.97064
1741111838091,1022.9397
1741111838129,1022.92114
1741111838172,1022.89734
1741111838187,1022.88947
1741111838231,1022.89246
1741111838271,1022.8779
1741111838288,1022.85706
1741111838334,1022.87646
1741111838369,1022.8705
1741111838388,1022.8572
1741111838429,1022.83716
1741111838468,1022.8036
1741111838487,1022.79346
1741111838528,1022.7884
1741111838572,1022.7808
1741111838588,1022.7953
1741111838629,1022.82043
1741111838669,1022.82056
1741111838688,1022.85583
1741111838729,1022.8996
1741111838767,1022.9095
1741111838788,1022.9716
1741111838833,1022.9666
1741111838870,1022.932
1741111838907,1022.908
1741111838929,1022.8892
1741111838969,1022.8932
1741111838987,1022.8761
1741111839028,1022.856
1741111839066,1022.8277
1741111839091,1022.84436
1741111839127,1022.8458
1741111839167,1022.86395
1741111839187,1022.874
1741111839229,1022.822
1741111839267,1022.8015
1741111839295,1022.80835
1741111839328,1022.825
1741111839369,1022.82306
1741111839388,1022.8087
1741111839428,1022.78394
1741111839469,1022.875
1741111839494,1022.8841
1741111839533,1022.9351
1741111839568,1022.9791
1741111839589,1022.9792
1741111839627,1022.9464
1741111839682,1022.92194
1741111839687,1022.906
1741111839728,1022.87463
1741111839769,1022.8644
1741111839788,1022.8407
1741111839828,1022.8496
1741111839867,1022.8398
1741111839887,1022.83716
1741111839928,1022.8192
1741111839967,1022.8026
1741111839988,1022.7842
1741111840026,1022.7634
1741111840068,1022.7624
1741111840088,1022.80676
1741111840127,1022.83203
1741111840167,1022.8412
1741111840187,1022.86127
1741111840227,1022.8662
1741111840270,1022.8702
1741111840292,1022.89813
1741111840328,1022.88965
1741111840369,1022.8842
1741111840391,1022.8494
1741111840427,1022.8411
1741111840466,1022.8386
1741111840488,1022.8601
1741111840528,1022.8552
1741111840567,1022.81903
1741111840593,1022.8234
1741111840627,1022.8342
1741111840668,1022.84155
1741111840688,1022.8367
1741111840726,1022.8086
1741111840775,1022.8076
1741111840786,1022.8105
1741111840837,1022.80896
1741111840867,1022.79785
1741111840891,1022.8132
1741111840927,1022.8102
1741111840968,1022.825
1741111840989,1022.8921
1741111841029,1022.9154
1741111841070,1022.9765
1741111841086,1023.0184
1741111841127,1022.9821
1741111841166,1022.9386
1741111841189,1022.9009
1741111841229,1022.8835
1741111841266,1022.87244
1741111841287,1022.8609
1741111841326,1022.8384
1741111841369,1022.8506
1741111841390,1022.83813
1741111841427,1022.8367
1741111841469,1022.83923
1741111841486,1022.8069
1741111841526,1022.80597
1741111841577,1022.80383
1741111841589,1022.8178
1741111841630,1022.81934
1741111841666,1022.8275
1741111841686,1022.8158
1741111841728,1022.8043
1741111841765,1022.87994
1741111841787,1022.87036
1741111841826,1022.9622
1741111841866,1022.99884
1741111841893,1022.9738
1741111841926,1022.9315
1741111841966,1022.9021
1741111841986,1022.8756
1741111842028,1022.8577
1741111842071,1022.8484
1741111842085,1022.83887
1741111842127,1022.8519
1741111842168,1022.8491
1741111842187,1022.84106
1741111842226,1022.83545
1741111842265,1022.80615
1741111842285,1022.7952
1741111842325,1022.7915
1741111842365,1022.7922
1741111842403,1022.7925
1741111842425,1022.812
1741111842466,1022.8227
1741111842487,1022.8266
1741111842543,1022.85596
1741111842567,1022.8682
1741111842586,1022.92114
1741111842633,1022.92896
1741111842667,1022.9159
1741111842686,1022.89294
1741111842729,1022.87537
1741111842765,1022.8734
1741111842787,1022.8563
1741111842825,1022.8431
1741111842869,1022.81903
1741111842885,1022.8501
1741111842927,1022.85205
1741111842966,1022.8508
1741111842985,1022.8705
1741111843026,1022.8219
1741111843071,1022.80115
1741111843086,1022.79803
1741111843124,1022.8063
1741111843165,1022.8041
1741111843185,1022.8122
1741111843225,1022.80115
1741111843266,1022.8009
1741111843285,1022.8764
1741111843326,1022.8794
1741111843365,1022.9042
1741111843385,1022.92957
1741111843426,1022.9278
1741111843464,1022.892
1741111843485,1022.8701
1741111843526,1022.8525
1741111843565,1022.84644
1741111843586,1022.8442
1741111843629,1022.82947
1741111843665,1022.8285
1741111843695,1022.8281
1741111843725,1022.83606
1741111843768,1022.8649
1741111843784,1022.79443
1741111843825,1022.7781
1741111843865,1022.7871
1741111843912,1022.7909
1741111843927,1022.7881
1741111843972,1022.7925
1741111843984,1022.7721
1741111844026,1022.8174
1741111844067,1022.84454
1741111844085,1022.88654
1741111844126,1022.94617
1741111844166,1022.9474
1741111844190,1022.91394
1741111844226,1022.8882
1741111844270,1022.8718
1741111844286,1022.8674
1741111844325,1022.8562
1741111844366,1022.8408
1741111844384,1022.8215
1741111844427,1022.8366
1741111844466,1022.82227
1741111844489,1022.8364
1741111844525,1022.8086
1741111844564,1022.7782
1741111844586,1022.765
1741111844624,1022.76965
1741111844667,1022.78284
1741111844686,1022.7968
1741111844724,1022.8119
1741111844765,1022.8282
1741111844789,1022.88226
1741111844824,1022.9089
1741111844865,1022.9315
1741111844885,1022.92993
1741111844925,1022.89844
1741111844965,1022.8655
1741111844985,1022.8473
1741111845024,1022.8396
1741111845066,1022.8367
1741111845084,1022.8342
1741111845125,1022.817
1741111845165,1022.8032
1741111845184,1022.7987
1741111845234,1022.81494
1741111845264,1022.84985
1741111845287,1022.8203
1741111845325,1022.7648
1741111845364,1022.7564
1741111845386,1022.7698
1741111845426,1022.7932
1741111845464,1022.8064
1741111845484,1022.80786
1741111845523,1022.78864
1741111845566,1022.8157
1741111845583,1022.83264
1741111845634,1022.8822
1741111845664,1022.9016
1741111845684,1022.8959
1741111845724,1022.8775
1741111845765,1022.8536
1741111845783,1022.83417
1741111845825,1022.83154
1741111845864,1022.8346
1741111845888,1022.81757
1741111845931,1022.8149
1741111845964,1022.8086
1741111845985,1022.81976
1741111846027,1022.839
1741111846063,1022.80994
1741111846084,1022.76874
1741111846126,1022.7514
1741111846164,1022.7503
1741111846185,1022.76807
1741111846224,1022.7964
1741111846264,1022.80707
1741111846284,1022.7969
1741111846324,1022.83936
1741111846363,1022.8279
1741111846383,1022.82306
1741111846427,1022.8406
1741111846463,1022.839
1741111846486,1022.8417
1741111846524,1022.83105
1741111846572,1022.82605
1741111846584,1022.8334
1741111846623,1022.8318
1741111846666,1022.81793
1741111846689,1022.81494
1741111846724,1022.8273
1741111846765,1022.8188
1741111846789,1022.8166
1741111846825,1022.7815
1741111846862,1022.75507
1741111846884,1022.7517
1741111846924,1022.75354
1741111846963,1022.7469
1741111846989,1022.7839
1741111847024,1022.79126
1741111847064,1022.8864
1741111847084,1022.83936
1741111847128,1022.83234
1741111847163,1022.8446
1741111847183,1022.8325
1741111847230,1022.8225
1741111847263,1022.8203
1741111847283,1022.81006
1741111847323,1022.79407
1741111847363,1022.80457
1741111847386,1022.8044
1741111847422,1022.7905
1741111847463,1022.80133
1741111847483,1022.7982
1741111847523,1022.8108
1741111847563,1022.8181
1741111847583,1022.7725
1741111847626,1022.74976
1741111847662,1022.74146
1741111847684,1022.7496
1741111847725,1022.7435
1741111847764,1022.7652
1741111847783,1022.7809
1741111847825,1022.78284
1741111847863,1022.84045
1741111847883,1022.82605
1741111847922,1022.8585
1741111847963,1022.8799
1741111847985,1022.869
1741111848024,1022.84906
1741111848064,1022.82825
1741111848082,1022.8128
1741111848124,1022.82294
1741111848164,1022.83716
1741111848188,1022.8192
1741111848228,1022.7912
1741111848264,1022.8051
1741111848284,1022.81213
1741111848323,1022.8186
1741111848363,1022.79175
1741111848384,1022.7462
1741111848422,1022.7479
1741111848468,1022.744
1741111848483,1022.73334
1741111848523,1022.751
1741111848564,1022.7892
1741111848583,1022.79456
1741111848624,1022.81726
1741111848662,1022.8248
1741111848682,1022.82043
1741111848722,1022.8577
1741111848763,1022.8627
1741111848782,1022.8384
1741111848827,1022.81964
1741111848863,1022.81506
1741111848904,1022.8066
1741111848922,1022.8098
1741111848963,1022.7983
1741111848982,1022.7929
1741111849023,1022.7907
1741111849062,1022.7949
1741111849082,1022.8002
1741111849123,1022.80945
1741111849165,1022.77637
1741111849184,1022.74646
1741111849226,1022.7517
1741111849263,1022.7555
1741111849285,1022.74554
1741111849333,1022.7773
1741111849363,1022.7837
1741111849394,1022.7556
1741111849422,1022.8092
1741111849463,1022.8435
1741111849482,1022.8356
1741111849523,1022.87134
1741111849566,1022.8822
1741111849583,1022.87006
1741111849623,1022.8409
1741111849662,1022.8225
1741111849683,1022.8165
1741111849722,1022.80273
1741111849764,1022.7869
1741111849785,1022.7906
1741111849822,1022.7892
1741111849864,1022.78766
1741111849883,1022.79425
1741111849922,1022.80164
1741111849963,1022.76013
1741111849984,1022.7582
1741111850022,1022.763
1741111850063,1022.74023
1741111850082,1022.74567
1741111850123,1022.74756
1741111850162,1022.7617
1741111850182,1022.81573
1741111850222,1022.84625
1741111850261,1022.87634
1741111850281,1022.8767
1741111850323,1022.8656
1741111850362,1022.8355
1741111850383,1022.818
1741111850422,1022.8145
1741111850462,1022.8192
1741111850486,1022.80927
1741111850522,1022.7889
1741111850563,1022.7914
1741111850582,1022.7925
1741111850623,1022.79
1741111850671,1022.7801
1741111850682,1022.72144
1741111850721,1022.6878
1741111850762,1022.7022
1741111850780,1022.7196
1741111850822,1022.7395
1741111850863,1022.74725
1741111850881,1022.746
1741111850927,1022.7837
1741111850961,1022.8176
1741111850984,1022.8528
1741111851021,1022.85736
1741111851061,1022.85126
1741111851084,1022.827
1741111851122,1022.8159
1741111851163,1022.8069
1741111851183,1022.7943
1741111851221,1022.79565
1741111851260,1022.8047
1741111851280,1022.77814
1741111851323,1022.7704
1741111851363,1022.78326
1741111851381,1022.7974
1741111851422,1022.8062
1741111851461,1022.76245
1741111851482,1022.7243
1741111851521,1022.7201
1741111851561,1022.72864
1741111851580,1022.7187
1741111851619,1022.7163
1741111851664,1022.74066
1741111851680,1022.7503
1741111851720,1022.79614
1741111851761,1022.81104
1741111851780,1022.86914
1741111851821,1022.8911
1741111851860,1022.88776
1741111851886,1022.86536
1741111851919,1022.8345
1741111851961,1022.80927
1741111851981,1022.7976
1741111852022,1022.7988
1741111852061,1022.7853
1741111852082,1022.78033
1741111852121,1022.7755
1741111852162,1022.7848
1741111852179,1022.8037
1741111852224,1022.7742
1741111852260,1022.7312
1741111852280,1022.70734
1741111852320,1022.7079
1741111852364,1022.7036
1741111852383,1022.72546
1741111852425,1022.7447
1741111852460,1022.77686
1741111852481,1022.822
1741111852521,1022.79974
1741111852561,1022.781
1741111852580,1022.8074
1741111852619,1022.80743
1741111852662,1022.7951
1741111852682,1022.7855
1741111852721,1022.77734
1741111852761,1022.781
1741111852779,1022.7927
1741111852832,1022.7805
1741111852859,1022.7693
1741111852881,1022.7727
1741111852919,1022.76526
1741111852963,1022.77246
1741111852979,1022.77576
1741111853020,1022.7026
1741111853064,1022.6909
1741111853082,1022.70325
1741111853119,1022.7053
1741111853163,1022.7285
1741111853187,1022.7467
1741111853219,1022.75305
1741111853262,1022.81824
1741111853280,1022.799
1741111853319,1022.7909
1741111853362,1022.804
1741111853382,1022.81506
1741111853419,1022.8045
1741111853459,1022.79285
1741111853492,1022.7808
1741111853519,1022.77905
1741111853571,1022.7818
1741111853583,1022.7742
1741111853626,1022.766
1741111853658,1022.766
1741111853679,1022.7652
1741111853728,1022.77997
1741111853758,1022.77655
1741111853780,1022.72656
1741111853820,1022.72363
1741111853860,1022.7183
1741111853881,1022.69464
1741111853919,1022.6928
1741111853963,1022.71326
1741111853980,1022.719
1741111854021,1022.761
1741111854058,1022.7782
1741111854081,1022.8757
1741111854120,1022.9065
1741111854159,1022.8621
1741111854180,1022.82684
1741111854221,1022.7914
1741111854261,1022.77264
1741111854280,1022.76556
1741111854320,1022.7665
1741111854359,1022.7492
1741111854378,1022.7513
1741111854419,1022.7506
1741111854459,1022.75354
1741111854479,1022.7686
1741111854518,1022.73
1741111854564,1022.716
1741111854581,1022.7219
1741111854619,1022.7117
1741111854664,1022.70074
1741111854678,1022.71674
1741111854721,1022.72485
1741111854759,1022.72485
1741111854780,1022.7765
1741111854819,1022.7615
1741111854862,1022.7778
1741111854881,1022.81354
1741111854918,1022.8116
1741111854959,1022.81006
1741111854981,1022.7894
1741111855019,1022.76715
1741111855064,1022.76294
1741111855081,1022.77075
1741111855119,1022.75146
1741111855162,1022.7511
1741111855179,1022.74396
1741111855219,1022.76294
1741111855269,1022.77057
1741111855283,1022.7689
1741111855321,1022.7312
1741111855360,1022.7043
1741111855382,1022.70013
1741111855418,1022.71643
1741111855474,1022.70044
1741111855484,1022.69916
1741111855518,1022.7059
1741111855559,1022.74365
1741111855578,1022.78595
1741111855620,1022.7803
1741111855658,1022.8387
1741111855682,1022.87006
1741111855718,1022.84717
1741111855758,1022.81323
1741111855786,1022.78143
1741111855818,1022.76776
1741111855859,1022.74603
1741111855879,1022.7426
1741111855920,1022.73395
1741111855959,1022.72205
1741111855978,1022.73
1741111856022,1022.73737
1741111856058,1022.7539
1741111856087,1022.75195
1741111856118,1022.6953
1741111856159,1022.6934
1741111856180,1022.68805
1741111856218,1022.68835
1741111856262,1022.71295
1741111856278,1022.7121
1741111856321,1022.7012
1741111856363,1022.7141
1741111856377,1022.7643
1741111856423,1022.7618
1741111856458,1022.8186
1741111856478,1022.8486
1741111856522,1022.82605
1741111856559,1022.7984
1741111856587,1022.7781
1741111856618,1022.7674
1741111856664,1022.758
1741111856677,1022.75146
1741111856719,1022.7356
1741111856758,1022.73505
1741111856782,1022.7297
1741111856819,1022.72626
1741111856858,1022.7322
1741111856883,1022.71655
1741111856919,1022.7108
1741111856957,1022.7228
1741111856978,1022.70654
1741111857018,1022.68414
1741111857058,1022.6804
1741111857084,1022.6826
1741111857117,1022.69543
1741111857158,1022.7638
1741111857176,1022.78204
1741111857221,1022.80743
1741111857257,1022.82935
1741111857277,1022.8017
1741111857317,1022.7802
1741111857358,1022.7521
1741111857378,1022.738
1741111857418,1022.7349
1741111857456,1022.7342
1741111857478,1022.7217
1741111857516,1022.70795
1741111857559,1022.7137
1741111857578,1022.71155
1741111857618,1022.716
1741111857659,1022.72
1741111857679,1022.67395
1741111857717,1022.6787
1741111857758,1022.682
1741111857779,1022.68915
1741111857817,1022.68146
1741111857857,1022.69794
1741111857877,1022.7116
1741111857918,1022.69476
1741111857959,1022.7624
1741111857979,1022.73755
1741111858017,1022.7479
1741111858057,1022.7826
1741111858079,1022.7731
1741111858117,1022.76575
1741111858157,1022.7523
1741111858179,1022.7308
1741111858218,1022.71436
1741111858256,1022.71545
1741111858278,1022.71277
1741111858317,1022.70685
1741111858356,1022.72656
1741111858377,1022.7278
1741111858421,1022.72144
1741111858456,1022.7118
1741111858478,1022.6795
1741111858517,1022.6754
1741111858559,1022.67847
1741111858581,1022.6719
1741111858617,1022.66956
1741111858663,1022.6844
1741111858677,1022.69824
1741111858716,1022.6892
1741111858762,1022.7517
1741111858797,1022.7505
1741111858818,1022.7654
1741111858862,1022.7794
1741111858877,1022.78125
1741111858916,1022.7694
1741111858960,1022.7407
1741111858997,1022.7299
1741111859016,1022.7118
1741111859067,1022.70496
1741111859096,1022.69653
1741111859117,1022.7159
1741111859159,1022.7202
1741111859201,1022.70905
1741111859216,1022.7218
1741111859260,1022.6802
1741111859309,1022.6372
1741111859319,1022.64
1741111859356,1022.6644
1741111859397,1022.675
1741111859418,1022.6726
1741111859458,1022.6797
1741111859496,1022.66943
1741111859518,1022.7208
1741111859557,1022.7405
1741111859596,1022.7906
1741111859616,1022.8026
1741111859668,1022.80054
1741111859696,1022.78064
1741111859718,1022.7509
1741111859756,1022.7344
1741111859797,1022.7228
1741111859816,1022.7288
1741111859855,1022.7077
1741111859901,1022.6798
1741111859915,1022.6918
1741111859957,1022.6913
1741111859996,1022.7138
1741111860020,1022.6987
1741111860055,1022.6616
1741111860099,1022.6454
1741111860115,1022.64075
1741111860156,1022.63696
1741111860196,1022.6459
1741111860216,1022.67444
1741111860260,1022.66705
1741111860296,1022.7406
1741111860317,1022.7387
1741111860358,1022.77136
1741111860399,1022.8461
1741111860416,1022.8293
1741111860462,1022.79767
1741111860498,1022.76416
1741111860515,1022.74475
1741111860556,1022.7262
1741111860596,1022.716
1741111860615,1022.70935
1741111860656,1022.6844
1741111860702,1022.69305
1741111860715,1022.6914
1741111860756,1022.70056
1741111860796,1022.68463
1741111860821,1022.6388
1741111860856,1022.6357
1741111860896,1022.64185
1741111860919,1022.6406
1741111860956,1022.63934
1741111860999,1022.6574
1741111861016,1022.6532
1741111861055,1022.69763
1741111861095,1022.7106
1741111861116,1022.76
1741111861157,1022.8059
1741111861200,1022.7767
1741111861215,1022.74896
1741111861257,1022.71924
1741111861296,1022.6979
1741111861329,1022.68506
1741111861354,1022.6821
1741111861396,1022.67365
1741111861421,1022.6842
1741111861456,1022.69434
1741111861497,1022.6907
1741111861515,1022.67285
1741111861559,1022.6419
1741111861599,1022.648
1741111861618,1022.6542
1741111861655,1022.6459
1741111861695,1022.6438
1741111861715,1022.65497
1741111861756,1022.65674
1741111861795,1022.6322
1741111861818,1022.694
1741111861855,1022.69446
1741111861895,1022.75024
1741111861915,1022.8016
1741111861954,1022.8104
1741111861997,1022.7814
1741111862015,1022.7417
1741111862055,1022.7087
1741111862099,1022.69183
1741111862114,1022.68304
1741111862155,1022.67505
1741111862196,1022.6551
1741111862218,1022.6704
1741111862254,1022.66406
1741111862295,1022.6831
1741111862314,1022.6749
1741111862354,1022.6329
1741111862394,1022.636
1741111862414,1022.6355
1741111862454,1022.63434
1741111862495,1022.6178
1741111862515,1022.6345
1741111862556,1022.64355
1741111862594,1022.6605
1741111862615,1022.71606
1741111862658,1022.7199
1741111862696,1022.7737
1741111862713,1022.835
1741111862754,1022.7997
1741111862794,1022.76184
1741111862815,1022.72046
1741111862855,1022.696
1741111862896,1022.6748
1741111862917,1022.677
1741111862955,1022.66504
1741111862994,1022.64624
1741111863015,1022.6659
1741111863053,1022.6603
1741111863097,1022.6708
1741111863115,1022.63654
1741111863154,1022.6072
1741111863196,1022.625
1741111863214,1022.62256
1741111863261,1022.6227
1741111863294,1022.6217
1741111863318,1022.64264
1741111863355,1022.6444
1741111863393,1022.64166
1741111863419,1022.6897
1741111863456,1022.72015
1741111863494,1022.8016
1741111863515,1022.8433
1741111863555,1022.8068
1741111863593,1022.7646
1741111863614,1022.72534
1741111863656,1022.70105
1741111863694,1022.677
1741111863715,1022.65875
1741111863754,1022.6548
1741111863793,1022.6414
1741111863815,1022.6449
1741111863858,1022.6449
1741111863902,1022.6723
1741111863913,1022.6355
1741111863954,1022.6169
1741111863999,1022.6076
1741111864017,1022.6062
1741111864056,1022.5955
1741111864103,1022.59424
1741111864122,1022.60767
1741111864154,1022.61487
1741111864198,1022.7015
1741111864215,1022.7062
1741111864254,1022.7629
1741111864295,1022.8337
1741111864315,1022.795
1741111864354,1022.74976
1741111864394,1022.7083
1741111864414,1022.69275
1741111864453,1022.6761
1741111864494,1022.66943
1741111864514,1022.65234
1741111864558,1022.6455
1741111864595,1022.65216
1741111864614,1022.6464
1741111864654,1022.6345
1741111864693,1022.6278
1741111864715,1022.6086
1741111864758,1022.627
1741111864799,1022.63354
1741111864814,1022.61914
1741111864855,1022.6082
1741111864894,1022.6163
1741111864915,1022.6241
1741111864959,1022.6353
1741111864993,1022.6917
1741111865017,1022.7103
1741111865058,1022.7911
1741111865092,1022.8205
1741111865116,1022.78406
1741111865153,1022.73413
1741111865194,1022.69824
1741111865221,1022.67725
1741111865253,1022.6609
1741111865302,1022.65247
1741111865313,1022.6274
1741111865353,1022.622
1741111865395,1022.6201
1741111865415,1022.63824
1741111865454,1022.6437
1741111865494,1022.61383
1741111865514,1022.61475
1741111865553,1022.60486
1741111865595,1022.6079
1741111865613,1022.5846
1741111865654,1022.60034
1741111865695,1022.60706
1741111865714,1022.6423
1741111865755,1022.6911
1741111865793,1022.7135
1741111865812,1022.77625
1741111865855,1022.78827
1741111865892,1022.7511
1741111865913,1022.719
1741111865957,1022.6893
1741111865993,1022.67535
1741111866016,1022.6742
1741111866054,1022.66425
1741111866098,1022.6394
1741111866115,1022.636
1741111866153,1022.6161
1741111866193,1022.6049
1741111866212,1022.6097
1741111866262,1022.60126
1741111866292,1022.62274
1741111866315,1022.6305
1741111866353,1022.6163
1741111866392,1022.59735
1741111866413,1022.6029
1741111866457,1022.61084
1741111866491,1022.64056
1741111866513,1022.67535
1741111866553,1022.691
1741111866597,1022.73376
1741111866613,1022.713
1741111866654,1022.68774
1741111866693,1022.67004
1741111866714,1022.6625
1741111866759,1022.6599
1741111866795,1022.65283
1741111866813,1022.644
1741111866853,1022.6102
1741111866894,1022.6094
1741111866915,1022.598
1741111866953,1022.6013
1741111866992,1022.6081
1741111867013,1022.59216
1741111867057,1022.59485
1741111867093,1022.5979
1741111867113,1022.58185
1741111867153,1022.5777
1741111867198,1022.5877
1741111867212,1022.6028
1741111867255,1022.62946
1741111867294,1022.6555
1741111867321,1022.66754
1741111867353,1022.7035
1741111867393,1022.7265
1741111867414,1022.7003
1741111867465,1022.67676
1741111867498,1022.6487
1741111867512,1022.625
1741111867554,1022.61743
1741111867593,1022.62256
1741111867621,1022.60077
1741111867653,1022.58826
1741111867694,1022.5929
1741111867722,1022.59485
1741111867752,1022.60925
1741111867792,1022.57495
1741111867812,1022.58167
1741111867861,1022.5755
1741111867893,1022.5629
1741111867919,1022.5722
1741111867952,1022.5823
1741111867991,1022.5855
1741111868013,1022.5792
1741111868053,1022.63257
1741111868092,1022.649
1741111868117,1022.69165
1741111868154,1022.6965
1741111868193,1022.683
1741111868214,1022.6565
1741111868251,1022.6386
1741111868291,1022.6341
1741111868311,1022.6302
1741111868352,1022.6191
1741111868414,1022.59735
1741111868416,1022.62256
1741111868451,1022.61127
1741111868493,1022.6022
1741111868511,1022.5866
1741111868551,1022.5742
1741111868592,1022.58246
1741111868611,1022.5857
1741111868655,1022.5827
1741111868694,1022.5716
1741111868711,1022.58484
1741111868754,1022.56714
1741111868795,1022.62964
1741111868818,1022.6353
1741111868855,1022.67444
1741111868909,1022.7498
1741111868910,1022.73456
1741111868954,1022.7062
1741111868992,1022.6776
1741111869011,1022.6564
1741111869056,1022.636
1741111869092,1022.629
1741111869112,1022.61615
1741111869151,1022.6078
1741111869191,1022.61273
1741111869214,1022.6021
1741111869252,1022.5949
1741111869293,1022.5797
1741111869315,1022.5697
1741111869353,1022.568
1741111869393,1022.568
1741111869411,1022.5724
1741111869462,1022.5615
1741111869497,1022.56824
1741111869510,1022.5636
1741111869551,1022.6143
1741111869594,1022.6327
1741111869613,1022.67426
1741111869652,1022.7472
1741111869692,1022.7451
1741111869712,1022.6975
1741111869751,1022.6697
1741111869803,1022.65137
1741111869812,1022.6395
1741111869849,1022.62976
1741111869891,1022.6238
1741111869909,1022.61804
1741111869950,1022.62427
1741111869990,1022.6172
1741111870009,1022.6071
1741111870050,1022.60016
1741111870089,1022.56836
1741111870111,1022.5515
1741111870155,1022.5471
1741111870193,1022.54504
1741111870218,1022.5321
1741111870251,1022.5471
1741111870294,1022.5519
1741111870310,1022.5487
1741111870357,1022.6139
1741111870392,1022.626
1741111870412,1022.7489
1741111870450,1022.79346
1741111870492,1022.75946
1741111870510,1022.7124
1741111870556,1022.6636
1741111870592,1022.6443
1741111870611,1022.64
1741111870651,1022.63324
1741111870691,1022.6224
1741111870711,1022.6046
1741111870762,1022.5948
1741111870791,1022.6018
1741111870815,1022.6186
1741111870851,1022.62006
1741111870889,1022.582
1741111870917,1022.56696
1741111870959,1022.552
1741111870994,1022.5429
1741111871015,1022.5366
1741111871050,1022.5402
1741111871090,1022.545
1741111871109,1022.6159
1741111871150,1022.6101
1741111871191,1022.59955
1741111871211,1022.6435
1741111871255,1022.67303
1741111871290,1022.6593
1741111871311,1022.64343
1741111871352,1022.6204
1741111871392,1022.6073
1741111871411,1022.614
1741111871452,1022.60455
1741111871497,1022.58923
1741111871509,1022.6005
1741111871550,1022.5957
1741111871595,1022.58203
1741111871611,1022.5918
1741111871651,1022.54974
1741111871691,1022.5315
1741111871711,1022.5254
1741111871751,1022.5175
1741111871791,1022.5188
1741111871811,1022.53253
1741111871853,1022.55096
1741111871889,1022.60944
1741111871912,1022.6398
1741111871949,1022.6818
1741111871993,1022.7814
1741111872019,1022.7561
1741111872050,1022.7004
1741111872096,1022.66943
1741111872109,1022.63666
1741111872153,1022.6209
1741111872190,1022.61646
1741111872213,1022.5896
1741111872254,1022.5834
1741111872289,1022.5814
1741111872309,1022.5934
1741111872350,1022.6057
1741111872388,1022.5612
1741111872409,1022.53424
1741111872449,1022.52026
1741111872489,1022.525
1741111872511,1022.503
1741111872549,1022.5228
1741111872589,1022.5279
1741111872610,1022.58215
1741111872649,1022.62616
1741111872692,1022.6649
1741111872711,1022.71924
1741111872751,1022.70715
1741111872789,1022.67334
1741111872810,1022.6526
1741111872850,1022.6231
1741111872891,1022.5959
1741111872909,1022.57947
1741111872948,1022.5671
1741111872995,1022.54785
1741111873009,1022.5637
1741111873049,1022.567
1741111873094,1022.5797
1741111873108,1022.553
1741111873150,1022.5414
1741111873189,1022.54333
1741111873213,1022.5378
1741111873249,1022.51624
1741111873288,1022.516
1741111873310,1022.5352
1741111873352,1022.54895
1741111873389,1022.59894
1741111873411,1022.6227
1741111873448,1022.7125
1741111873489,1022.7544
1741111873511,1022.7006
1741111873548,1022.65814
1741111873588,1022.6209
1741111873615,1022.59235
1741111873649,1022.58545
1741111873688,1022.58325
1741111873714,1022.5657
1741111873752,1022.5786
1741111873789,1022.5758
1741111873809,1022.5733
1741111873848,1022.56665
1741111873889,1022.5258
1741111873907,1022.558
1741111873949,1022.5497
1741111873990,1022.5415
1741111874010,1022.54285
1741111874049,1022.55896
1741111874089,1022.5615
1741111874109,1022.5653
1741111874151,1022.6371
1741111874189,1022.6188
1741111874211,1022.611
1741111874247,1022.62463
1741111874293,1022.61163
1741111874307,1022.5979
1741111874348,1022.57587
1741111874388,1022.57983
1741111874408,1022.584
1741111874447,1022.5758
1741111874491,1022.56067
1741111874510,1022.54846
1741111874548,1022.5663
1741111874589,1022.57007
1741111874608,1022.58636
1741111874648,1022.52625
1741111874689,1022.5204
1741111874710,1022.51764
1741111874748,1022.5183
1741111874788,1022.50586
1741111874807,1022.5112
1741111874848,1022.5361
1741111874887,1022.5444
1741111874907,1022.6141
1741111874947,1022.6087
1741111874987,1022.6001
1741111875008,1022.6139
1741111875048,1022.60077
1741111875091,1022.5899
1741111875116,1022.5754
1741111875150,1022.5763
1741111875189,1022.57855
1741111875209,1022.5795
1741111875257,1022.5674
1741111875288,1022.5679
1741111875309,1022.5669
1741111875347,1022.5573
1741111875388,1022.56775
1741111875408,1022.52826
1741111875452,1022.512
1741111875487,1022.5198
1741111875509,1022.53577
1741111875549,1022.54736
1741111875587,1022.5387
1741111875608,1022.53
1741111875647,1022.4979
1741111875692,1022.5528
1741111875708,1022.5971
1741111875751,1022.5945
1741111875789,1022.63983
1741111875807,1022.6951
1741111875849,1022.66174
1741111875889,1022.62585
1741111875907,1022.5977
1741111875948,1022.5741
1741111875988,1022.5624
1741111876007,1022.5649
1741111876048,1022.5381
1741111876089,1022.5454
1741111876107,1022.53845
1741111876149,1022.5424
1741111876188,1022.5472
1741111876210,1022.501
1741111876250,1022.51263
1741111876288,1022.5329
1741111876307,1022.53284
1741111876349,1022.5412
1741111876387,1022.5447
1741111876409,1022.54126
1741111876447,1022.5174
1741111876493,1022.6048
1741111876506,1022.62256
1741111876556,1022.6726
1741111876589,1022.7413
1741111876608,1022.6976
1741111876648,1022.65356
1741111876688,1022.6111
1741111876708,1022.58606
1741111876748,1022.5746
1741111876786,1022.5744
1741111876807,1022.5521
1741111876849,1022.54156
1741111876886,1022.5676
1741111876908,1022.55383
1741111876947,1022.5506
1741111876988,1022.51215
1741111877008,1022.5123
1741111877049,1022.52747
1741111877097,1022.53394
1741111877106,1022.54224
1741111877152,1022.53723
1741111877186,1022.52734
1741111877212,1022.513
1741111877249,1022.5572
1741111877286,1022.5777
1741111877309,1022.5762
1741111877347,1022.6853
1741111877389,1022.7012
1741111877408,1022.6616
1741111877446,1022.6341
1741111877491,1022.6057
1741111877505,1022.5888
1741111877546,1022.574
1741111877587,1022.55804
1741111877607,1022.5335
1741111877647,1022.5575
1741111877686,1022.55286
1741111877707,1022.5558
1741111877746,1022.54694
1741111877787,1022.51404
1741111877806,1022.53156
1741111877846,1022.52826
1741111877888,1022.52106
1741111877906,1022.51086
1741111877947,1022.5169
1741111878001,1022.5035
1741111878006,1022.5145
1741111878046,1022.57324
1741111878086,1022.5776
1741111878107,1022.639
1741111878146,1022.62976
1741111878187,1022.6109
1741111878205,1022.5904
1741111878255,1022.55585
1741111878286,1022.55493
1741111878306,1022.5616
1741111878349,1022.553
1741111878386,1022.5337
1741111878405,1022.53064
1741111878448,1022.5255
1741111878486,1022.5348
1741111878506,1022.5299
1741111878546,1022.51276
1741111878589,1022.50525
1741111878606,1022.4976
1741111878647,1022.4838
1741111878686,1022.47656
1741111878706,1022.48816
1741111878747,1022.4899
1741111878787,1022.4895
1741111878805,1022.56116
1741111878846,1022.5577
1741111878886,1022.5845
1741111878904,1022.6947
1741111878961,1022.69434
1741111878987,1022.6511
1741111879008,1022.6061
1741111879047,1022.5747
1741111879085,1022.5665
1741111879106,1022.56055
1741111879155,1022.55554
1741111879189,1022.53125
1741111879209,1022.51416
1741111879248,1022.4993
1741111879295,1022.51434
1741111879305,1022.5484
1741111879346,1022.50323
1741111879386,1022.4906
1741111879406,1022.49
1741111879447,1022.494
1741111879485,1022.4927
1741111879505,1022.47455
1741111879545,1022.47754
1741111879585,1022.47473
1741111879606,1022.5695
1741111879651,1022.5645
1741111879686,1022.6206
1741111879705,1022.6902
1741111879759,1022.67816
1741111879786,1022.63837
1741111879806,1022.6008
1741111879845,1022.5772
1741111879886,1022.5591
1741111879906,1022.53937
1741111879946,1022.5253
1741111879987,1022.51
1741111880008,1022.51465
1741111880046,1022.5148
1741111880085,1022.50653
1741111880112,1022.46234
1741111880155,1022.4779
1741111880186,1022.4827
1741111880206,1022.4895
1741111880250,1022.4728
1741111880284,1022.4767
1741111880305,1022.4868
1741111880347,1022.504
1741111880384,1022.5562
1741111880406,1022.53467
1741111880445,1022.6415
1741111880487,1022.67554
1741111880504,1022.63696
1741111880545,1022.5967
1741111880584,1022.56775
1741111880605,1022.53613
1741111880644,1022.5227
1741111880688,1022.5135
1741111880725,1022.4944
1741111880744,1022.5071
1741111880786,1022.49146
1741111880806,1022.5072
1741111880849,1022.52106
1741111880885,1022.4802
1741111880925,1022.45825
1741111880955,1022.47046
1741111880984,1022.48895
1741111881024,1022.48096
1741111881046,1022.48096
1741111881085,1022.47095
1741111881104,1022.53204
1741111881144,1022.5786
1741111881186,1022.55286
1741111881225,1022.5868
1741111881245,1022.6173
1741111881285,1022.5974
1741111881328,1022.58405
1741111881344,1022.5599
1741111881388,1022.5487
1741111881428,1022.53973
1741111881445,1022.526
1741111881489,1022.53546
1741111881524,1022.54205
1741111881544,1022.5175
1741111881585,1022.5028
1741111881632,1022.4672
1741111881645,1022.4794
1741111881686,1022.48193
1741111881724,1022.4911
1741111881745,1022.4771
1741111881783,1022.48065
1741111881824,1022.46216
1741111881846,1022.4824
1741111881884,1022.5278
1741111881926,1022.53766
1741111881944,1022.6538
1741111881983,1022.69116
1741111882024,1022.6459
1741111882044,1022.6133
1741111882084,1022.58057
1741111882124,1022.551
1741111882143,1022.5381
1741111882184,1022.52203
1741111882235,1022.5062
1741111882245,1022.5127
1741111882284,1022.49615
1741111882325,1022.49994
1741111882343,1022.4686
1741111882386,1022.45044
1741111882422,1022.4577
1741111882444,1022.4769
1741111882484,1022.4816
1741111882524,1022.47156
1741111882544,1022.47205
1741111882584,1022.4612
1741111882623,1022.5005
1741111882655,1022.57336
1741111882683,1022.6805
1741111882726,1022.76056
1741111882742,1022.6976
1741111882786,1022.6335
1741111882823,1022.58813
1741111882845,1022.5465
1741111882882,1022.51855
1741111882925,1022.50616
1741111882946,1022.49365
1741111882986,1022.488
1741111883023,1022.489
1741111883044,1022.4778
1741111883085,1022.4911
1741111883125,1022.50037
1741111883143,1022.4704
1741111883187,1022.46844
1741111883223,1022.47235
1741111883246,1022.46387
1741111883283,1022.4442
1741111883325,1022.4596
1741111883345,1022.4557
1741111883386,1022.5077
1741111883428,1022.53217
1741111883448,1022.5187
1741111883483,1022.5556
1741111883529,1022.5829
1741111883543,1022.5665
1741111883584,1022.5463
1741111883623,1022.5298
1741111883646,1022.50775
1741111883684,1022.505
1741111883725,1022.5107
1741111883745,1022.5051
1741111883784,1022.4988
1741111883826,1022.51355
1741111883843,1022.501
1741111883882,1022.49756
1741111883923,1022.4928
1741111883943,1022.4826
1741111883982,1022.48456
1741111884026,1022.4779
1741111884044,1022.45483
1741111884084,1022.4349
1741111884125,1022.43964
1741111884147,1022.444
1741111884183,1022.4654
1741111884224,1022.5106
1741111884262,1022.538
1741111884285,1022.6624
1741111884324,1022.71906
1741111884355,1022.6559
1741111884383,1022.59656
1741111884423,1022.5515
1741111884448,1022.5164
1741111884486,1022.48773
1741111884525,1022.4746
1741111884542,1022.46265
1741111884582,1022.4613
1741111884622,1022.489
1741111884645,1022.47925
1741111884689,1022.4856
1741111884722,1022.4843
1741111884743,1022.4468
1741111884782,1022.4404
1741111884823,1022.43304
1741111884843,1022.435
1741111884884,1022.44495
1741111884922,1022.4658
1741111884944,1022.48206
1741111884983,1022.4959
1741111885023,1022.53534
1741111885042,1022.53467
1741111885083,1022.5478
1741111885127,1022.5732
1741111885142,1022.5625
1741111885182,1022.5361
1741111885223,1022.5208
1741111885244,1022.5097
1741111885282,1022.5121
1741111885322,1022.4929
1741111885342,1022.4756
1741111885382,1022.4589
1741111885423,1022.494
1741111885442,1022.479
1741111885483,1022.4779
1741111885522,1022.4407
1741111885549,1022.4311
1741111885586,1022.4469
1741111885625,1022.44104
1741111885643,1022.4321
1741111885684,1022.4514
1741111885722,1022.47
1741111885742,1022.48267
1741111885783,1022.52563
1741111885823,1022.52826
1741111885842,1022.5923
1741111885883,1022.6553
1741111885923,1022.61816
1741111885945,1022.58563
1741111885982,1022.5558
1741111886024,1022.5238
1741111886049,1022.50195
1741111886083,1022.49097
1741111886121,1022.4857
1741111886142,1022.50464
1741111886184,1022.49963
1741111886222,1022.4973
1741111886244,1022.4917
1741111886287,1022.44025
1741111886324,1022.44476
1741111886342,1022.43304
1741111886382,1022.429
1741111886424,1022.42377
1741111886446,1022.4305
1741111886483,1022.43604
1741111886522,1022.4861
1741111886544,1022.5182
1741111886586,1022.5164
1741111886621,1022.5812
1741111886642,1022.6168
1741111886683,1022.5927
1741111886721,1022.55597
1741111886745,1022.5347
1741111886780,1022.5227
1741111886846,1022.50714
1741111886846,1022.4874
1741111886882,1022.4771
1741111886923,1022.47876
1741111886944,1022.47504
1741111886980,1022.46484
1741111887022,1022.47064
1741111887041,1022.43677
1741111887082,1022.4211
1741111887122,1022.42773
1741111887144,1022.42285
1741111887187,1022.4201
1741111887220,1022.41455
1741111887242,1022.42346
1741111887282,1022.43756
1741111887322,1022.5136
1741111887343,1022.51855
1741111887382,1022.5912
1741111887424,1022.6606
1741111887443,1022.6121
1741111887481,1022.56134
1741111887523,1022.51874
1741111887540,1022.5055
1741111887581,1022.4898
1741111887622,1022.46765
1741111887643,1022.46716
1741111887681,1022.467
1741111887722,1022.46985
1741111887740,1022.4643
1741111887782,1022.4822
1741111887822,1022.47986
1741111887844,1022.41907
1741111887881,1022.4045
1741111887927,1022.4127
1741111887942,1022.42194
1741111887982,1022.4184
1741111888021,1022.43414
1741111888043,1022.426
1741111888080,1022.46985
1741111888123,1022.4862
1741111888144,1022.5423
1741111888187,1022.628
1741111888220,1022.6077
1741111888246,1022.5587
1741111888279,1022.5333
1741111888321,1022.5096
1741111888341,1022.47906
1741111888380,1022.46265
1741111888423,1022.4416
1741111888443,1022.4632
1741111888481,1022.46985
1741111888521,1022.45776
1741111888540,1022.46466
1741111888585,1022.4098
1741111888619,1022.4224
1741111888643,1022.43774
1741111888680,1022.4381
1741111888721,1022.4164
1741111888745,1022.4065
1741111888780,1022.40845
1741111888820,1022.41705
1741111888842,1022.48425
1741111888879,1022.5107
1741111888920,1022.56384
1741111888939,1022.57306
1741111888981,1022.5523
1741111889020,1022.5137
1741111889040,1022.4885
1741111889081,1022.4733
1741111889121,1022.45593
1741111889143,1022.46
1741111889183,1022.4599
1741111889223,1022.439
1741111889239,1022.4397
1741111889281,1022.45337
1741111889321,1022.4736
1741111889341,1022.44556
1741111889382,1022.4086
1741111889419,1022.4091
1741111889445,1022.4322
1741111889483,1022.41296
1741111889519,1022.4059
1741111889552,1022.4081
1741111889579,1022.4156
1741111889623,1022.4914
1741111889642,1022.4814
1741111889678,1022.5242
1741111889719,1022.5896
1741111889741,1022.54987
1741111889780,1022.52167
1741111889819,1022.4879
1741111889840,1022.47034
1741111889887,1022.465
1741111889919,1022.468
1741111889939,1022.44104
1741111889982,1022.46094
1741111890019,1022.4571
1741111890044,1022.46313
1741111890080,1022.4638
1741111890119,1022.41345
1741111890143,1022.40674
1741111890179,1022.3945
1741111890221,1022.38074
1741111890238,1022.37805
1741111890280,1022.3818
1741111890321,1022.39795
1741111890339,1022.4102
1741111890381,1022.4586
1741111890422,1022.4685
1741111890439,1022.5298
1741111890480,1022.59814
1741111890519,1022.5799
1741111890539,1022.5486
1741111890585,1022.5045
1741111890619,1022.479
1741111890640,1022.46063
1741111890679,1022.45795
1741111890725,1022.4486
1741111890740,1022.42456
1741111890779,1022.42706
1741111890820,1022.4116
1741111890843,1022.4241
1741111890879,1022.41394
1741111890924,1022.37415
1741111890938,1022.39124
1741111890981,1022.3929
1741111891019,1022.39386
1741111891039,1022.3895
1741111891081,1022.3909
1741111891119,1022.39386
1741111891142,1022.4281
1741111891179,1022.4736
1741111891219,1022.46796
1741111891240,1022.56476
1741111891279,1022.58984
1741111891319,1022.56696
1741111891340,1022.517
1741111891379,1022.4847
1741111891422,1022.4686
1741111891438,1022.4647
1741111891479,1022.4435
1741111891520,1022.4212
1741111891540,1022.41956
1741111891581,1022.42395
1741111891621,1022.422
1741111891638,1022.41614
1741111891679,1022.3898
1741111891719,1022.3865
1741111891740,1022.38586
1741111891779,1022.3898
1741111891818,1022.3835
1741111891838,1022.38824
1741111891886,1022.3888
1741111891920,1022.3872
1741111891937,1022.46454
1741111891978,1022.4512
1741111892019,1022.4592
1741111892039,1022.5298
1741111892079,1022.5285
1741111892118,1022.5151
1741111892138,1022.48474
1741111892178,1022.4585
1741111892219,1022.4403
1741111892238,1022.4358
1741111892278,1022.41174
1741111892319,1022.42303
1741111892339,1022.41205
1741111892377,1022.41565
1741111892418,1022.4155
1741111892444,1022.3849
1741111892504,1022.37665
1741111892518,1022.3777
1741111892538,1022.37683
1741111892581,1022.3867
1741111892623,1022.392
1741111892637,1022.3846
1741111892683,1022.419
1741111892719,1022.4612
1741111892738,1022.452
1741111892777,1022.45593
1741111892819,1022.47723
1741111892838,1022.4773
1741111892879,1022.46796
1741111892917,1022.45416
1741111892939,1022.43097
1741111892981,1022.4193
1741111893018,1022.4212
1741111893042,1022.4064
1741111893079,1022.4009
1741111893118,1022.40784
1741111893142,1022.403
1741111893181,1022.3906
1741111893217,1022.34894
1741111893239,1022.3383
1741111893277,1022.35223
1741111893320,1022.35706
1741111893338,1022.3418
1741111893381,1022.3606
1741111893418,1022.3601
1741111893439,1022.35876
1741111893478,1022.3681
1741111893518,1022.46027
1741111893538,1022.44556
1741111893582,1022.46387
1741111893618,1022.50867
1741111893639,1022.5056
1741111893679,1022.48083
1741111893718,1022.4657
1741111893741,1022.4346
1741111893777,1022.41907
1741111893825,1022.4207
1741111893839,1022.3983
1741111893878,1022.38776
1741111893918,1022.39624
1741111893946,1022.39685
1741111893978,1022.39185
1741111894019,1022.3617
1741111894039,1022.33105
1741111894098,1022.3439
1741111894117,1022.35034
1741111894138,1022.3591
1741111894177,1022.36383
1741111894218,1022.36523
1741111894238,1022.36755
1741111894277,1022.4114
1741111894318,1022.43384
1741111894337,1022.4712
1741111894377,1022.5626
1741111894422,1022.5678
1741111894437,1022.5198
1741111894479,1022.47833
1741111894520,1022.4318
1741111894539,1022.4223
1741111894578,1022.4233
1741111894624,1022.42065
1741111894636,1022.40643
1741111894677,1022.40784
1741111894717,1022.39813
1741111894737,1022.4044
1741111894782,1022.3949
1741111894818,1022.3648
1741111894843,1022.3545
1741111894877,1022.3482
1741111894917,1022.35504
1741111894937,1022.342
1741111894982,1022.33856
1741111895017,1022.33655
1741111895037,1022.3513
1741111895079,1022.42584
1741111895116,1022.3926
1741111895137,1022.4076
1741111895177,1022.43567
1741111895223,1022.4418
1741111895235,1022.43085
1741111895278,1022.41315
1741111895319,1022.40466
1741111895337,1022.3911
1741111895376,1022.38007
1741111895421,1022.36035
1741111895439,1022.37756
1741111895477,1022.3806
1741111895522,1022.3825
1741111895536,1022.3955
1741111895582,1022.3413
1741111895617,1022.35144
1741111895637,1022.35944
1741111895677,1022.33966
1741111895716,1022.33826
1741111895737,1022.3346
1741111895777,1022.32275
1741111895816,1022.3204
1741111895837,1022.38794
1741111895877,1022.3751
1741111895917,1022.4055
1741111895940,1022.4834
1741111895976,1022.4889
1741111896016,1022.4641
1741111896038,1022.4368
1741111896075,1022.4076
1741111896117,1022.3989
1741111896136,1022.3794
1741111896177,1022.34753
1741111896215,1022.3656
1741111896238,1022.3474
1741111896278,1022.35223
1741111896317,1022.3381
1741111896336,1022.3321
1741111896377,1022.34937
1741111896416,1022.3426
1741111896438,1022.3362
1741111896476,1022.33026
1741111896517,1022.32935
1741111896536,1022.3291
1741111896575,1022.3155
1741111896636,1022.364
1741111896638,1022.3792
1741111896677,1022.4268
1741111896716,1022.51154
1741111896736,1022.5279
1741111896779,1022.4831
1741111896815,1022.43774
1741111896835,1022.40515
1741111896877,1022.38794
1741111896916,1022.37146
1741111896936,1022.36053
1741111896976,1022.3484
1741111897016,1022.3485
1741111897036,1022.35876
1741111897076,1022.36597
1741111897118,1022.34424
1741111897138,1022.302
1741111897177,1022.32117
1741111897216,1022.32996
1741111897237,1022.3341
1741111897274,1022.32446
1741111897316,1022.32227
1741111897335,1022.3258
1741111897375,1022.34546
1741111897421,1022.38245
1741111897435,1022.38257
1741111897475,1022.49585
1741111897532,1022.4945
1741111897534,1022.4591
1741111897576,1022.4121
1741111897615,1022.3895
1741111897634,1022.3842
1741111897676,1022.3733
1741111897715,1022.356
1741111897735,1022.3696
1741111897775,1022.36487
1741111897816,1022.35767
1741111897836,1022.37256
1741111897879,1022.32385
1741111897916,1022.32043
1741111897936,1022.31824
1741111897988,1022.3207
1741111898015,1022.3014
1741111898038,1022.29425
1741111898075,1022.2937
1741111898122,1022.3301
1741111898135,1022.378
1741111898179,1022.37915
1741111898217,1022.4479
1741111898243,1022.50836
1741111898275,1022.4718
1741111898316,1022.45245
1741111898339,1022.4132
1741111898376,1022.3795
1741111898415,1022.3605
1741111898456,1022.3368
1741111898474,1022.32245
1741111898516,1022.33777
1741111898535,1022.3424
1741111898574,1022.3502
1741111898629,1022.3609
1741111898635,1022.3126
1741111898675,1022.28796
1741111898715,1022.27594
1741111898734,1022.27344
1741111898776,1022.29553
1741111898814,1022.3081
1741111898839,1022.313
1741111898878,1022.3528
1741111898916,1022.3372
1741111898943,1022.35547
1741111898978,1022.43524
1741111899014,1022.45715
1741111899034,1022.426
1741111899074,1022.3993
1741111899116,1022.3751
1741111899140,1022.3518
1741111899177,1022.3407
1741111899215,1022.3225
1741111899235,1022.30347
1741111899274,1022.3072
1741111899314,1022.3096
1741111899335,1022.3469
1741111899374,1022.3663
1741111899415,1022.3171
1741111899436,1022.3002
1741111899478,1022.2951
1741111899515,1022.267
1741111899536,1022.26794
1741111899573,1022.2766
1741111899614,1022.27875
1741111899638,1022.34406
1741111899675,1022.3636
1741111899713,1022.35846
1741111899734,1022.42053
1741111899773,1022.4519
1741111899816,1022.42834
1741111899836,1022.39453
1741111899876,1022.35864
1741111899916,1022.34265
1741111899934,1022.3393
1741111899975,1022.3193
1741111900015,1022.30457
1741111900034,1022.29956
1741111900075,1022.2814
1741111900115,1022.3176
1741111900134,1022.29584
1741111900175,1022.26025
1741111900214,1022.26825
1741111900235,1022.27655
1741111900273,1022.2585
1741111900314,1022.2599
1741111900334,1022.2639
1741111900374,1022.2688
1741111900414,1022.3483
1741111900436,1022.3745
1741111900473,1022.4386
1741111900514,1022.54663
1741111900536,1022.4923
1741111900575,1022.4415
1741111900614,1022.39716
1741111900635,1022.3618
1741111900674,1022.33374
1741111900717,1022.3219
1741111900733,1022.32104
1741111900777,1022.3106
1741111900814,1022.3002
1741111900836,1022.28406
1741111900873,1022.3032
1741111900915,1022.3031
1741111900935,1022.26404
1741111900977,1022.2454
1741111901013,1022.23267
1741111901033,1022.22437
1741111901073,1022.22266
1741111901114,1022.22876
1741111901133,1022.2346
1741111901174,1022.282
1741111901213,1022.34015
1741111901235,1022.35
1741111901281,1022.4568
1741111901315,1022.45703
1741111901337,1022.41437
1741111901375,1022.3655
1741111901419,1022.3356
1741111901433,1022.3291
1741111901473,1022.3252
1741111901523,1022.3058
1741111901533,1022.2715
1741111901573,1022.2706
1741111901614,1022.2545
1741111901634,1022.27747
1741111901672,1022.30493
1741111901713,1022.2764
1741111901733,1022.2578
1741111901778,1022.2547
1741111901813,1022.2623
1741111901833,1022.2579
1741111901877,1022.26306
1741111901913,1022.2663
1741111901934,1022.25415
1741111901974,1022.2837
1741111902014,1022.3163
1741111902039,1022.40576
1741111902073,1022.48267
1741111902118,1022.4515
1741111902133,1022.3993
1741111902181,1022.3738
1741111902213,1022.35583
1741111902233,1022.3325
1741111902274,1022.302
1741111902314,1022.2866
1741111902334,1022.2959
1741111902372,1022.28564
1741111902418,1022.2705
1741111902453,1022.2505
1741111902473,1022.24976
1741111902517,1022.2601
1741111902552,1022.2631
1741111902573,1022.2429
1741111902613,1022.2471
1741111902653,1022.24457
1741111902676,1022.2528
1741111902713,1022.31757
1741111902754,1022.3045
1741111902772,1022.3314
1741111902814,1022.3632
1741111902858,1022.3578
1741111902874,1022.33704
1741111902918,1022.3148
1741111902954,1022.3052
1741111902982,1022.2982
1741111903013,1022.29095
1741111903054,1022.2839
1741111903072,1022.28564
1741111903114,1022.27094
1741111903151,1022.2582
1741111903173,1022.2617
1741111903215,1022.23425
1741111903258,1022.2333
1741111903272,1022.2248
1741111903313,1022.22095
1741111903335,1022.2146
1741111903374,1022.2141
1741111903413,1022.2177
1741111903452,1022.2376
1741111903473,1022.2794
1741111903518,1022.3217
1741111903554,1022.3234
1741111903579,1022.4271
1741111903613,1022.4157
1741111903654,1022.37787
1741111903674,1022.33374
1741111903715,1022.31024
1741111903756,1022.2977
1741111903772,1022.29626
1741111903818,1022.292
1741111903853,1022.28033
1741111903873,1022.2804
1741111903912,1022.27466
1741111903959,1022.2794
1741111903973,1022.29974
1741111904016,1022.2822
1741111904052,1022.2456
1741111904072,1022.24164
1741111904113,1022.25494
1741111904154,1022.2502
1741111904173,1022.2206
1741111904215,1022.22516
1741111904253,1022.20807
1741111904275,1022.2732
1741111904312,1022.2873
1741111904351,1022.3417
1741111904372,1022.40405
1741111904415,1022.3925
1741111904452,1022.36707
1741111904475,1022.3271
1741111904512,1022.3087
1741111904556,1022.3054
1741111904572,1022.3059
1741111904620,1022.287
1741111904652,1022.2754
1741111904674,1022.274
1741111904714,1022.27094
1741111904759,1022.27246
1741111904772,1022.2316
1741111904813,1022.2246
1741111904862,1022.2316
1741111904871,1022.21326
1741111904918,1022.2062
1741111904952,1022.2262
1741111904975,1022.234
1741111905013,1022.2947
1741111905054,1022.3364
1741111905076,1022.308
1741111905113,1022.33
1741111905153,1022.3465
1741111905172,1022.3202
1741111905217,1022.30164
1741111905251,1022.2852
1741111905277,1022.28766
1741111905312,1022.2801
1741111905354,1022.25867
1741111905376,1022.2517
1741111905411,1022.24854
1741111905453,1022.25806
1741111905471,1022.2746
1741111905515,1022.2431
1741111905559,1022.20416
1741111905570,1022.19604
1741111905615,1022.1901
1741111905654,1022.19617
1741111905671,1022.21075
1741111905711,1022.2194
1741111905751,1022.2285
1741111905771,1022.29565
1741111905810,1022.2804
1741111905855,1022.30054
1741111905871,1022.35425
1741111905911,1022.3453
1741111905951,1022.3197
1741111905976,1022.29785
1741111906011,1022.2841
1741111906052,1022.274
1741111906070,1022.26807
1741111906110,1022.2553
1741111906158,1022.2577
1741111906173,1022.2445
1741111906211,1022.2475
1741111906251,1022.23126
1741111906271,1022.1971
1741111906314,1022.1949
1741111906357,1022.2039
1741111906371,1022.21423
1741111906410,1022.2262
1741111906463,1022.249
1741111906471,1022.2467
1741111906518,1022.2415
1741111906553,1022.29065
1741111906572,1022.3004
1741111906609,1022.3233
1741111906652,1022.40015
1741111906670,1022.397
1741111906711,1022.3748
1741111906751,1022.3286
1741111906773,1022.3036
1741111906812,1022.27985
1741111906850,1022.2728
1741111906870,1022.2495
1741111906922,1022.272
1741111906950,1022.25964
1741111906970,1022.249
1741111907010,1022.2617
1741111907049,1022.2114
1741111907072,1022.20105
1741111907110,1022.2076
1741111907154,1022.21344
1741111907171,1022.22723
1741111907210,1022.2301
1741111907251,1022.22614
1741111907271,1022.23755
1741111907317,1022.30066
1741111907350,1022.2735
1741111907369,1022.3336
1741111907411,1022.40845
1741111907451,1022.37823
1741111907471,1022.35315
1741111907511,1022.31934
1741111907551,1022.28735
1741111907569,1022.27203
1741111907610,1022.2639
1741111907650,1022.24133
1741111907670,1022.2722
1741111907719,1022.25995
1741111907751,1022.2674
1741111907774,1022.26135
1741111907809,1022.23834
1741111907853,1022.2238
1741111907881,1022.2107
1741111907912,1022.2052
1741111907949,1022.2141
1741111907971,1022.2311
1741111908011,1022.2457
1741111908054,1022.23267
1741111908069,1022.2766
1741111908109,1022.2867
1741111908149,1022.37616
1741111908169,1022.3946
1741111908210,1022.37714
1741111908250,1022.34674
1741111908269,1022.3131
1741111908311,1022.2844
1741111908351,1022.28284
1741111908374,1022.27704
1741111908411,1022.2527
1741111908450,1022.2551
1741111908473,1022.2572
1741111908516,1022.2615
1741111908549,1022.2672
1741111908576,1022.2268
1741111908610,1022.19946
1741111908649,1022.2053
1741111908670,1022.209
1741111908710,1022.2306
1741111908748,1022.227
1741111908769,1022.2131
1741111908811,1022.20575
1741111908849,1022.2662
1741111908868,1022.2864
1741111908911,1022.38367
1741111908948,1022.43933
1741111908969,1022.40576
1741111909009,1022.3729
1741111909059,1022.33435
1741111909068,1022.3071
1741111909117,1022.2828
1741111909149,1022.2793
1741111909169,1022.25995
1741111909210,1022.24536
1741111909252,1022.2459
1741111909275,1022.2611
1741111909311,1022.255
1741111909358,1022.2263
1741111909372,1022.2159
1741111909408,1022.2245
1741111909449,1022.22974
1741111909471,1022.247
1741111909509,1022.2349
1741111909548,1022.22125
1741111909568,1022.2105
1741111909616,1022.2429
1741111909650,1022.2756
1741111909668,1022.28613
1741111909711,1022.3487
1741111909756,1022.3739
1741111909769,1022.34174
1741111909811,1022.31177
1741111909849,1022.28253
1741111909868,1022.26044
1741111909908,1022.25214
1741111909951,1022.24115
1741111909972,1022.2427
1741111910015,1022.25354
1741111910049,1022.2571
1741111910070,1022.255
1741111910109,1022.2534
1741111910149,1022.2278
1741111910168,1022.22394
1741111910207,1022.2119
1741111910261,1022.20667
1741111910268,1022.21234
1741111910308,1022.22034
1741111910351,1022.22217
1741111910368,1022.2237
1741111910409,1022.2977
1741111910451,1022.2711
1741111910468,1022.29065
1741111910508,1022.3063
1741111910550,1022.2959
1741111910569,1022.2851
1741111910608,1022.27637
1741111910649,1022.2614
1741111910668,1022.27167
1741111910717,1022.2753
1741111910749,1022.2435
1741111910771,1022.2534
1741111910808,1022.2509
1741111910849,1022.2391
1741111910870,1022.21783
1741111910909,1022.19727
1741111910948,1022.21387
1741111910968,1022.2119
1741111911009,1022.2081
1741111911049,1022.2054
1741111911067,1022.2172
1741111911108,1022.2293
1741111911148,1022.22925
1741111911169,1022.29474
1741111911207,1022.2967
1741111911249,1022.3334
1741111911270,1022.37317
1741111911308,1022.3544
1741111911347,1022.32666
1741111911369,1022.2904
1741111911418,1022.28125
1741111911449,1022.2821
1741111911467,1022.27057
1741111911517,1022.2531
1741111911547,1022.23157
1741111911567,1022.21594
1741111911607,1022.23505
1741111911656,1022.23193
1741111911667,1022.18066
1741111911709,1022.15784
1741111911748,1022.1602
1741111911769,1022.1709
1741111911808,1022.2073
1741111911858,1022.2351
1741111911868,1022.2294
1741111911912,1022.2517
1741111911948,1022.3021
1741111911971,1022.2867
1741111912007,1022.28674
1741111912050,1022.2879
1741111912068,1022.3012
1741111912108,1022.292
1741111912148,1022.2777
1741111912168,1022.2553
1741111912207,1022.2499
1741111912253,1022.24164
1741111912278,1022.23254
1741111912308,1022.22723
1741111912348,1022.2071
1741111912367,1022.2406
1741111912408,1022.23315
1741111912449,1022.1858
1741111912466,1022.17456
1741111912508,1022.1836
1741111912548,1022.2011
1741111912575,1022.2161
1741111912607,1022.2267
1741111912651,1022.21375
1741111912666,1022.23865
1741111912707,1022.2867
1741111912748,1022.2555
1741111912766,1022.28845
1741111912806,1022.33685
1741111912846,1022.3249
1741111912867,1022.3125
1741111912906,1022.28827
1741111912946,1022.2644
1741111912967,1022.2546
1741111913006,1022.25946
1741111913046,1022.23987
1741111913067,1022.25464
1741111913107,1022.246
1741111913146,1022.2461
1741111913167,1022.2616
1741111913207,1022.2024
1741111913246,1022.1688
1741111913274,1022.1804
1741111913306,1022.176
1741111913346,1022.18835
1741111913366,1022.20044
1741111913406,1022.2019
1741111913452,1022.211
1741111913467,1022.282
1741111913507,1022.2732
1741111913551,1022.26776
1741111913567,1022.32623
1741111913607,1022.32654
1741111913646,1022.3109
1741111913667,1022.2905
1741111913737,1022.27136
1741111913745,1022.2515
1741111913766,1022.2515
1741111913812,1022.246
1741111913846,1022.2396
1741111913866,1022.2446
1741111913907,1022.2538
1741111913946,1022.2565
1741111913966,1022.2342
1741111914007,1022.18494
1741111914048,1022.18787
1741111914076,1022.214
1741111914106,1022.226
1741111914147,1022.2315
1741111914168,1022.2234
1741111914207,1022.22394
1741111914257,1022.2781
1741111914265,1022.30927
1741111914306,1022.3528
1741111914349,1022.3545
1741111914365,1022.33545
1741111914411,1022.3083
1741111914449,1022.2843
1741111914468,1022.2656
1741111914508,1022.2689
1741111914545,1022.25793
1741111914565,1022.2412
1741111914608,1022.2331
1741111914646,1022.2537
1741111914668,1022.248
1741111914706,1022.24066
1741111914748,1022.2103
1741111914766,1022.21265
1741111914806,1022.20416
1741111914846,1022.2046
1741111914872,1022.19666
1741111914906,1022.2058
1741111914946,1022.2103
1741111914966,1022.2101
1741111915012,1022.2973
1741111915047,1022.30383
1741111915069,1022.3727
1741111915105,1022.4442
1741111915146,1022.4126
1741111915169,1022.36914
1741111915205,1022.3287
1741111915249,1022.29
1741111915265,1022.27356
1741111915307,1022.27234
1741111915348,1022.2606
1741111915369,1022.2499
1741111915406,1022.2401
1741111915446,1022.2485
1741111915466,1022.27747
1741111915506,1022.225
1741111915545,1022.21075
1741111915566,1022.2049
1741111915605,1022.1985
1741111915648,1022.2025
1741111915667,1022.2184
1741111915705,1022.2174
1741111915747,1022.2041
1741111915774,1022.27356
1741111915806,1022.26404
1741111915845,1022.31085
1741111915868,1022.38776
1741111915906,1022.3855
1741111915955,1022.35724
1741111915968,1022.3124
1741111916006,1022.28723
1741111916063,1022.27936
1741111916065,1022.27136
1741111916107,1022.248
1741111916145,1022.21936
1741111916166,1022.2288
1741111916207,1022.24146
1741111916261,1022.2658
1741111916266,1022.23474
1741111916306,1022.207
1741111916345,1022.1896
1741111916364,1022.199
1741111916404,1022.20715
1741111916445,1022.20844
1741111916465,1022.2317
1741111916506,1022.233
1741111916545,1022.2202
1741111916566,1022.27325
1741111916606,1022.2825
1741111916648,1022.37244
1741111916665,1022.41003
1741111916721,1022.3833
1741111916745,1022.3534
1741111916765,1022.3091
1741111916804,1022.2842
1741111916846,1022.26587
1741111916865,1022.26685
1741111916904,1022.2508
1741111916945,1022.2273
1741111916965,1022.2153
1741111917004,1022.23376
1741111917045,1022.2494
1741111917066,1022.20764
1741111917106,1022.1781
1741111917144,1022.1518
1741111917173,1022.1682
1741111917205,1022.17786
1741111917259,1022.2052
1741111917265,1022.2061
1741111917304,1022.201
1741111917346,1022.2719
1741111917365,1022.2477
1741111917405,1022.26373
1741111917444,1022.30786
1741111917464,1022.3031
1741111917503,1022.291
1741111917545,1022.27094
1741111917565,1022.2628
1741111917604,1022.2564
1741111917645,1022.25085
1741111917664,1022.2298
1741111917708,1022.2251
1741111917744,1022.2221
1741111917766,1022.2226
1741111917827,1022.243
1741111917843,1022.18115
1741111917864,1022.19086
1741111917909,1022.1947
1741111917946,1022.1892
1741111917965,1022.1992
1741111918003,1022.1931
1741111918044,1022.1959
1741111918065,1022.19714
1741111918104,1022.28406
1741111918145,1022.2831
1741111918164,1022.3595
1741111918205,1022.44104
1741111918244,1022.39905
1741111918265,1022.35266
1741111918304,1022.3114
1741111918344,1022.28455
1741111918367,1022.25385
1741111918404,1022.2402
1741111918446,1022.2472
1741111918465,1022.254
1741111918505,1022.24976
1741111918544,1022.2411
1741111918564,1022.23035
1741111918603,1022.2185
1741111918644,1022.2078
1741111918668,1022.1957
1741111918703,1022.20996
1741111918745,1022.2303
1741111918764,1022.2239
1741111918805,1022.1839
1741111918844,1022.1821
1741111918863,1022.23804
1741111918909,1022.25476
1741111918943,1022.3516
1741111918964,1022.37714
1741111919007,1022.3485
1741111919045,1022.31866
1741111919069,1022.29877
1741111919104,1022.2694
1741111919145,1022.25464
1741111919165,1022.2372
1741111919205,1022.23456
1741111919243,1022.23566
1741111919265,1022.23254
1741111919303,1022.2188
1741111919344,1022.18286
1741111919366,1022.1907
1741111919404,1022.18835
1741111919445,1022.19794
1741111919470,1022.20276
1741111919504,1022.197
1741111919552,1022.1914
1741111919564,1022.26306
1741111919604,1022.2622
1741111919644,1022.27704
1741111919665,1022.3185
1741111919705,1022.342
1741111919744,1022.3319
1741111919763,1022.3047
1741111919802,1022.2658
1741111919844,1022.24585
1741111919866,1022.2463
1741111919903,1022.232
1741111919945,1022.2179
1741111919971,1022.2204
1741111920005,1022.21014
1741111920042,1022.223
1741111920063,1022.2562
1741111920104,1022.19653
1741111920146,1022.19434
1741111920163,1022.20154
1741111920203,1022.192
1741111920245,1022.20135
1741111920267,1022.20575
1741111920303,1022.19403
1741111920347,1022.2194
1741111920363,1022.24634
1741111920403,1022.2457
1741111920444,1022.29614
1741111920462,1022.3197
1741111920503,1022.3082
1741111920544,1022.2854
1741111920567,1022.2481
1741111920605,1022.2339
1741111920644,1022.2382
1741111920663,1022.23883
1741111920703,1022.2067
1741111920748,1022.2206
1741111920762,1022.21277
1741111920804,1022.2192
1741111920843,1022.208
1741111920863,1022.17645
1741111920904,1022.1659
1741111920944,1022.1707
1741111920963,1022.172
1741111921002,1022.2042
1741111921043,1022.2123
1741111921065,1022.2168
1741111921112,1022.2213
1741111921143,1022.24304
1741111921179,1022.2117
1741111921203,1022.28436
1741111921244,1022.33405
1741111921264,1022.3136
1741111921302,1022.2868
1741111921343,1022.2712
1741111921363,1022.25635
1741111921404,1022.2363
1741111921445,1022.2306
1741111921463,1022.2073
1741111921503,1022.2134
1741111921544,1022.2053
1741111921569,1022.221
1741111921602,1022.2278
1741111921643,1022.16766
1741111921662,1022.1588
1741111921707,1022.1493
1741111921743,1022.1516
1741111921763,1022.1741
1741111921804,1022.1907
1741111921843,1022.212
1741111921864,1022.2192
1741111921902,1022.25073
1741111921945,1022.22266
1741111921963,1022.25464
1741111922003,1022.3036
1741111922045,1022.29236
1741111922066,1022.27716
1741111922114,1022.2484
1741111922143,1022.2358
1741111922165,1022.23517
1741111922202,1022.2478
1741111922244,1022.2268
1741111922265,1022.2427
1741111922302,1022.22766
1741111922344,1022.2224
1741111922376,1022.226
1741111922402,1022.1858
1741111922444,1022.1637
1741111922463,1022.164
1741111922502,1022.1733
1741111922544,1022.20074
1741111922566,1022.20325
1741111922603,1022.18274
1741111922642,1022.1666
1741111922662,1022.2412
1741111922703,1022.22174
1741111922742,1022.2428
1741111922763,1022.30835
1741111922802,1022.301
1741111922841,1022.2774
1741111922863,1022.25525
1741111922908,1022.2374
1741111922943,1022.23145
1741111922963,1022.2189
1741111923003,1022.1921
1741111923043,1022.20026
1741111923061,1022.18256
1741111923104,1022.17615
1741111923141,1022.1749
1741111923161,1022.11035
1741111923206,1022.1343
1741111923242,1022.1393
1741111923271,1022.15436
1741111923301,1022.16296
1741111923343,1022.17737
1741111923361,1022.177
1741111923401,1022.15466
1741111923444,1022.2002
1741111923462,1022.2147
1741111923502,1022.30804
1741111923543,1022.33704
1741111923563,1022.31665
1741111923602,1022.2999
1741111923642,1022.2781
1741111923661,1022.2523
1741111923706,1022.26086
1741111923742,1022.23883
1741111923762,1022.1894
1741111923803,1022.2086
1741111923848,1022.198
1741111923862,1022.2048
1741111923902,1022.1836
1741111923943,1022.1436
1741111923960,1022.1574
1741111924002,1022.167
1741111924041,1022.164
1741111924063,1022.1677
1741111924101,1022.18195
1741111924142,1022.1725
1741111924164,1022.2075
1741111924200,1022.232
1741111924243,1022.2135
1741111924281,1022.25854
1741111924303,1022.2808
1741111924342,1022.26587
1741111924383,1022.2539
1741111924402,1022.2379
1741111924443,1022.2117
1741111924482,1022.2129
1741111924502,1022.20154
1741111924541,1022.1886
1741111924581,1022.19586
1741111924602,1022.2035
1741111924640,1022.22284
1741111924683,1022.19165
1741111924700,1022.1516
1741111924743,1022.15924
1741111924783,1022.1616
1741111924803,1022.1655
1741111924849,1022.1763
1741111924880,1022.18506
1741111924900,1022.1778
1741111924941,1022.228
1741111924980,1022.2299
1741111925001,1022.26086
1741111925041,1022.3029
1741111925085,1022.3148
1741111925106,1022.29895
1741111925140,1022.2728
1741111925186,1022.2388
1741111925205,1022.22284
1741111925239,1022.2128
1741111925298,1022.1905
1741111925301,1022.19727
1741111925340,1022.21045
1741111925381,1022.21173
1741111925402,1022.22125
1741111925441,1022.16754
1741111925481,1022.1433
1741111925508,1022.14307
1741111925540,1022.1474
1741111925582,1022.1526
1741111925603,1022.1562
1741111925641,1022.1537
1741111925684,1022.16455
1741111925699,1022.2438
1741111925740,1022.22894
1741111925783,1022.28015
1741111925800,1022.3041
1741111925842,1022.2974
1741111925883,1022.28235
1741111925901,1022.2512
1741111925946,1022.2378
1741111925983,1022.2228
1741111926005,1022.2204
1741111926052,1022.20215
1741111926079,1022.2087
1741111926099,1022.19916
1741111926149,1022.2123
1741111926181,1022.21454
1741111926199,1022.1666
1741111926241,1022.17145
1741111926279,1022.15625
1741111926300,1022.15173
1741111926339,1022.1499
1741111926381,1022.1615
1741111926402,1022.1635
1741111926441,1022.1629
1741111926481,1022.2264
1741111926503,1022.2032
1741111926539,1022.245
1741111926581,1022.30853
1741111926602,1022.2875
1741111926642,1022.26666
1741111926679,1022.2377
1741111926701,1022.22815
1741111926741,1022.2263
1741111926779,1022.2272
1741111926799,1022.1982
1741111926842,1022.215
1741111926880,1022.2057
1741111926903,1022.19714
1741111926938,1022.18414
1741111926980,1022.1584
1741111926999,1022.16144
1741111927041,1022.14307
1741111927079,1022.14655
1741111927099,1022.1455
1741111927139,1022.1588
1741111927179,1022.15436
1741111927201,1022.2073
1741111927243,1022.2488
1741111927281,1022.24133
1741111927301,1022.3362
1741111927340,1022.3407
1741111927385,1022.28955
1741111927403,1022.2698
1741111927442,1022.23267
1741111927479,1022.2082
1741111927499,1022.2064
1741111927549,1022.1928
1741111927578,1022.1925
1741111927598,1022.18414
1741111927644,1022.19855
1741111927679,1022.2045
1741111927706,1022.17035
1741111927738,1022.15594
1741111927779,1022.1496
1741111927801,1022.13104
1741111927843,1022.149
1741111927886,1022.1714
1741111927899,1022.1723
1741111927939,1022.20276
1741111927994,1022.22186
1741111928002,1022.2189
1741111928038,1022.2881
1741111928078,1022.2979
1741111928103,1022.266
1741111928143,1022.2401
1741111928179,1022.22144
1741111928199,1022.21185
1741111928243,1022.20026
1741111928279,1022.1921
1741111928298,1022.1996
1741111928337,1022.19543
1741111928379,1022.1908
1741111928399,1022.2083
1741111928439,1022.1975
1741111928480,1022.17804
1741111928499,1022.1732
1741111928538,1022.1536
1741111928579,1022.1339
1741111928604,1022.14185
1741111928642,1022.1501
1741111928677,1022.15765
1741111928698,1022.23047
1741111928739,1022.22205
1741111928779,1022.2969
1741111928797,1022.3853
1741111928841,1022.34607
1741111928884,1022.29767
1741111928900,1022.2558
1741111928941,1022.2248
1741111928983,1022.2143
1741111928997,1022.22156
1741111929039,1022.1977
1741111929079,1022.2183
1741111929098,1022.214
1741111929141,1022.21765
1741111929177,1022.235
1741111929198,1022.18146
1741111929242,1022.15686
1741111929278,1022.151
1741111929298,1022.13855
1741111929338,1022.1643
1741111929380,1022.17957
1741111929397,1022.1798
1741111929438,1022.1712
1741111929477,1022.2343
1741111929497,1022.21674
1741111929539,1022.2224
1741111929577,1022.2552
1741111929600,1022.24176
1741111929637,1022.2355
1741111929679,1022.22205
1741111929699,1022.1957
1741111929737,1022.18536
1741111929777,1022.20325
1741111929797,1022.1964
1741111929837,1022.1974
1741111929882,1022.20294
1741111929897,1022.2101
1741111929938,1022.2246
1741111929978,1022.1809
1741111929997,1022.1769
1741111930038,1022.1763
1741111930078,1022.1695
1741111930104,1022.179
1741111930137,1022.1908
1741111930178,1022.18774
1741111930202,1022.18286
1741111930237,1022.20386
1741111930278,1022.26044
1741111930301,1022.23254
1741111930337,1022.24475
1741111930378,1022.26904
1741111930399,1022.256
1741111930436,1022.2395
1741111930478,1022.2081
1741111930498,1022.1954
1741111930543,1022.1976
1741111930577,1022.19635
1741111930598,1022.1785
1741111930637,1022.2011
1741111930676,1022.2119
1741111930697,1022.19543
1741111930737,1022.2042
1741111930782,1022.17896
1741111930796,1022.1546
1741111930837,1022.1533
1741111930876,1022.15247
1741111930898,1022.1406
1741111930942,1022.165
1741111930981,1022.16614
1741111930997,1022.161
1741111931037,1022.2347
1741111931078,1022.2361
1741111931100,1022.24335
1741111931138,1022.2888
1741111931178,1022.2892
1741111931199,1022.26904
1741111931237,1022.2498
1741111931277,1022.2206
1741111931298,1022.2127
1741111931336,1022.21295
1741111931379,1022.19385
1741111931399,1022.1927
1741111931438,1022.1913
1741111931483,1022.1858
1741111931498,1022.21625
1741111931536,1022.2134
1741111931578,1022.1644
1741111931596,1022.1498
1741111931639,1022.14557
1741111931691,1022.14795
1741111931701,1022.1648
1741111931737,1022.1723
1741111931776,1022.1654
1741111931798,1022.232
1741111931839,1022.2207
1741111931878,1022.24097
1741111931896,1022.3019
1741111931938,1022.30273
1741111931977,1022.2693
1741111931998,1022.2484
1741111932036,1022.22516
1741111932078,1022.20056
1741111932096,1022.2122
1741111932138,1022.2078
1741111932177,1022.1977
1741111932196,1022.2217
1741111932236,1022.21875
1741111932277,1022.2167
1741111932298,1022.2095
1741111932336,1022.1754
1741111932377,1022.1629
1741111932402,1022.1655
1741111932447,1022.15704
1741111932475,1022.1685
1741111932496,1022.1796
1741111932538,1022.1801
1741111932578,1022.1729
1741111932596,1022.2328
1741111932636,1022.2239
1741111932676,1022.2189
1741111932702,1022.27057
1741111932736,1022.27844
1741111932777,1022.2589
1741111932796,1022.2387
1741111932836,1022.2159
1741111932878,1022.1964
1741111932898,1022.2042
1741111932937,1022.2042
1741111932977,1022.18896
1741111932997,1022.20844
1741111933035,1022.2055
1741111933078,1022.20825
1741111933098,1022.1979
1741111933135,1022.16583
1741111933177,1022.16016
1741111933198,1022.15674
1741111933237,1022.1467
1741111933275,1022.16144
1741111933295,1022.1762
1741111933335,1022.1777
1741111933379,1022.17206
1741111933396,1022.22723
1741111933445,1022.2126
1741111933477,1022.21924
1741111933495,1022.25305
1741111933535,1022.2608
1741111933586,1022.25464
1741111933603,1022.2461
1741111933636,1022.22833
1741111933676,1022.21655
1741111933696,1022.21155
1741111933735,1022.2106
1741111933778,1022.19543
1741111933794,1022.21204
1741111933836,1022.20416
1741111933876,1022.2114
1741111933906,1022.2197
1741111933940,1022.21655
1741111933976,1022.1993
1741111933997,1022.1641
1741111934035,1022.1613
1741111934075,1022.1616
1741111934096,1022.1526
1741111934136,1022.16516
1741111934174,1022.18005
1741111934196,1022.20746
1741111934235,1022.2721
1741111934282,1022.2441
1741111934295,1022.24066
1741111934339,1022.2319
1741111934378,1022.2346
1741111934396,1022.2284
1741111934434,1022.2173
1741111934476,1022.1914
1741111934498,1022.1781
1741111934535,1022.17377
1741111934581,1022.1778
1741111934597,1022.1895
1741111934636,1022.19543
1741111934676,1022.2102
1741111934696,1022.24426
1741111934734,1022.28613
1741111934775,1022.29846
1741111934795,1022.3029
1741111934834,1022.2737
1741111934876,1022.24243
1741111934903,1022.2154
1741111934935,1022.21155
1741111934976,1022.2152
1741111934996,1022.21484
1741111935036,1022.22107
1741111935078,1022.23895
1741111935095,1022.2286
1741111935142,1022.1704
1741111935175,1022.15216
1741111935195,1022.17004
1741111935236,1022.2268
1741111935275,1022.1764
1741111935302,1022.1093
1741111935335,1022.11975
1741111935378,1022.1486
1741111935394,1022.1769
1741111935439,1022.18317
1741111935474,1022.1895
1741111935496,1022.1934
1741111935536,1022.19275
1741111935581,1022.1898
1741111935601,1022.1929
1741111935637,1022.1918
1741111935676,1022.1946
1741111935695,1022.1984
1741111935734,1022.2015
1741111935775,1022.2042
1741111935796,1022.19476
1741111935834,1022.1841
1741111935875,1022.16876
1741111935895,1022.18677
1741111935942,1022.17145
1741111935975,1022.154
1741111935994,1022.1544
1741111936035,1022.1554
1741111936074,1022.14764
1741111936094,1022.1389
1741111936134,1022.1476
1741111936175,1022.1468
1741111936205,1022.15735
1741111936233,1022.157
1741111936273,1022.14655
1741111936294,1022.1467
1741111936342,1022.1459
1741111936374,1022.1518
1741111936394,1022.1601
1741111936435,1022.15344
1741111936475,1022.1526
1741111936495,1022.15857
1741111936534,1022.1579
1741111936577,1022.158
1741111936597,1022.1487
1741111936634,1022.1499
1741111936674,1022.1587
1741111936695,1022.1621
1741111936733,1022.1599
1741111936787,1022.15985
1741111936793,1022.15576
1741111936832,1022.1596
1741111936872,1022.16144
1741111936894,1022.16376
1741111936934,1022.1631
1741111936974,1022.1682
1741111936995,1022.16943
1741111937032,1022.1747
1741111937072,1022.1579
1741111937092,1022.1601
1741111937132,1022.16125
1741111937172,1022.166
1741111937192,1022.16766
1741111937232,1022.1858
1741111937273,1022.2009
1741111937292,1022.2046
1741111937332,1022.18604
1741111937372,1022.17914
1741111937393,1022.18945
1741111937432,1022.1792
1741111937472,1022.1662
1741111937492,1022.15753
1741111937532,1022.16614
1741111937572,1022.1593
1741111937592,1022.1553
1741111937632,1022.1507
1741111937672,1022.14874
1741111937713,1022.13416
1741111937756,1022.13495
1741111937784,1022.13324
1741111937822,1022.13965
1741111937840,1022.13995
1741111937872,1022.1485
1741111937892,1022.1603
1741111937933,1022.16345
1741111937972,1022.153
1741111937991,1022.15216
1741111938032,1022.1599
1741111938071,1022.1535
1741111938092,1022.15796
1741111938132,1022.1592
1741111938172,1022.15436
1741111938192,1022.15955
1741111938231,1022.1575
1741111938271,1022.1606
1741111938292,1022.1608
1741111938332,1022.14685
1741111938372,1022.1449
1741111938392,1022.146
1741111938433,1022.1479
1741111938473,1022.147
1741111938493,1022.14655
1741111938532,1022.1491
1741111938571,1022.147
1741111938593,1022.1443
1741111938631,1022.15564
1741111938672,1022.1746
