1741110891069,1020.95874
1741110891088,1021.72424
1741110891127,1021.987
1741110891147,1022.15155
1741110891187,1022.2431
1741110891227,1022.3075
1741110891270,1022.3662
1741110891288,1022.3774
1741110891327,1022.3828
1741110891368,1022.38477
1741110891388,1022.3865
1741110891431,1022.3834
1741110891449,1022.37744
1741110891490,1022.3713
1741110891528,1022.372
1741110891569,1022.3862
1741110891591,1022.38477
1741110891627,1022.3948
1741110891667,1022.399
1741110891687,1022.40063
1741110891728,1022.39813
1741110891767,1022.3938
1741110891787,1022.38965
1741110891827,1022.39954
1741110891867,1022.41406
1741110891889,1022.405
1741110891926,1022.3935
1741110891967,1022.3845
1741110891988,1022.3949
1741110892027,1022.4101
1741110892067,1022.41895
1741110892087,1022.42413
1741110892127,1022.44434
1741110892166,1022.4968
1741110892187,1022.5116
1741110892233,1022.4518
1741110892266,1022.4023
1741110892286,1022.3988
1741110892327,1022.43567
1741110892366,1022.45264
1741110892386,1022.4534
1741110892426,1022.45917
1741110892466,1022.4667
1741110892486,1022.4457
1741110892528,1022.4358
1741110892548,1022.46564
1741110892587,1022.469
1741110892627,1022.4518
1741110892666,1022.44116
1741110892687,1022.42926
1741110892807,1022.43726
1741110892827,1022.42505
1741110892868,1022.4235
1741110892887,1022.4302
1741110892926,1022.4251
1741110892973,1022.4227
1741110893045,1022.415
1741110893045,1022.37
1741110893066,1022.31116
1741110893121,1022.2617
1741110893129,1022.2745
1741110893168,1022.31134
1741110893209,1022.3563
1741110893234,1022.3937
1741110893270,1022.41034
1741110893307,1022.42554
1741110893328,1022.42413
1741110893368,1022.41766
1741110893418,1022.4103
1741110893430,1022.42065
1741110893468,1022.40155
1741110893509,1022.4009
1741110893535,1022.4647
1741110893583,1022.4568
1741110893606,1022.43494
1741110893626,1022.4226
1741110893673,1022.41833
1741110893708,1022.425
1741110893735,1022.44214
1741110893768,1022.4499
1741110893810,1022.45435
1741110893827,1022.46454
1741110893870,1022.473
1741110893908,1022.4844
1741110893929,1022.48596
1741110893968,1022.4796
1741110894006,1022.4609
1741110894027,1022.44836
1741110894078,1022.43555
1741110894108,1022.42554
1741110894128,1022.4121
1741110894168,1022.402
1741110894212,1022.4018
1741110894226,1022.40204
1741110894267,1022.4107
1741110894306,1022.432
1741110894325,1022.4312
1741110894374,1022.40656
1741110894408,1022.3919
1741110894432,1022.3982
1741110894468,1022.3942
1741110894506,1022.38916
1741110894527,1022.37616
1741110894572,1022.37744
1741110894609,1022.3905
1741110894627,1022.3978
1741110894667,1022.3965
1741110894713,1022.39154
1741110894731,1022.3937
1741110894766,1022.3999
1741110894812,1022.40454
1741110894826,1022.41125
1741110894870,1022.4221
1741110894908,1022.4282
1741110894930,1022.42163
1741110894966,1022.4176
1741110895006,1022.4077
1741110895028,1022.39294
1741110895066,1022.38904
1741110895107,1022.3866
1741110895136,1022.383
1741110895165,1022.38574
1741110895208,1022.3805
1741110895230,1022.37036
1741110895267,1022.335
1741110895308,1022.2995
1741110895328,1022.3315
1741110895365,1022.35266
1741110895406,1022.3788
1741110895432,1022.40857
1741110895468,1022.4271
1741110895513,1022.41925
1741110895527,1022.405
1741110895567,1022.3943
1741110895608,1022.4013
1741110895625,1022.38696
1741110895674,1022.36414
1741110895705,1022.35974
1741110895729,1022.3427
1741110895766,1022.3327
1741110895806,1022.3416
1741110895826,1022.34827
1741110895868,1022.3494
1741110895911,1022.3391
1741110895926,1022.3347
1741110895965,1022.3335
1741110896006,1022.3297
1741110896027,1022.3157
1741110896065,1022.3181
1741110896105,1022.3163
1741110896125,1022.3323
1741110896165,1022.3406
1741110896207,1022.3332
1741110896226,1022.3383
1741110896268,1022.3467
1741110896309,1022.3431
1741110896331,1022.33154
1741110896365,1022.33905
1741110896406,1022.3497
1741110896426,1022.3414
1741110896465,1022.32416
1741110896507,1022.3138
1741110896527,1022.30414
1741110896565,1022.304
1741110896608,1022.3002
1741110896631,1022.3077
1741110896666,1022.2972
1741110896707,1022.3043
1741110896727,1022.3022
1741110896766,1022.3006
1741110896805,1022.28815
1741110896827,1022.27704
1741110896864,1022.26965
1741110896910,1022.25073
1741110896926,1022.25574
1741110896965,1022.265
1741110897010,1022.28436
1741110897025,1022.30054
1741110897070,1022.3151
1741110897105,1022.3268
1741110897125,1022.33093
1741110897166,1022.32245
1741110897208,1022.31116
1741110897224,1022.30035
1741110897268,1022.2871
1741110897305,1022.2831
1741110897324,1022.275
1741110897365,1022.268
1741110897405,1022.25635
1741110897425,1022.26733
1741110897466,1022.26764
1741110897505,1022.2526
1741110897525,1022.2329
1741110897564,1022.23206
1741110897605,1022.22845
1741110897625,1022.22
1741110897664,1022.2351
1741110897704,1022.2407
1741110897725,1022.2388
1741110897774,1022.23596
1741110897805,1022.2429
1741110897825,1022.2481
1741110897867,1022.23773
1741110897905,1022.2322
1741110897925,1022.23376
1741110897966,1022.2418
1741110898005,1022.2461
1741110898025,1022.2396
1741110898065,1022.2384
1741110898105,1022.2393
1741110898124,1022.2368
1741110898169,1022.244
1741110898205,1022.246
1741110898224,1022.23584
1741110898264,1022.2267
1741110898308,1022.2263
1741110898324,1022.20795
1741110898364,1022.18555
1741110898410,1022.1856
1741110898424,1022.2075
1741110898465,1022.2232
1741110898504,1022.2451
1741110898525,1022.2558
1741110898566,1022.2606
1741110898605,1022.2634
1741110898624,1022.2689
1741110898665,1022.2697
1741110898707,1022.2552
1741110898730,1022.2498
1741110898764,1022.2337
1741110898805,1022.2148
1741110898825,1022.2097
1741110898865,1022.2027
1741110898906,1022.2047
1741110898928,1022.20825
1741110898964,1022.1996
1741110899004,1022.1951
1741110899024,1022.1651
1741110899065,1022.1563
1741110899104,1022.1702
1741110899125,1022.1666
1741110899164,1022.17236
1741110899210,1022.1817
1741110899223,1022.181
1741110899264,1022.17896
1741110899303,1022.1896
1741110899325,1022.1943
1741110899369,1022.18964
1741110899406,1022.1904
1741110899425,1022.1828
1741110899463,1022.20044
1741110899504,1022.2053
1741110899525,1022.21295
1741110899564,1022.2131
1741110899604,1022.19995
1741110899627,1022.1912
1741110899668,1022.1741
1741110899705,1022.18164
1741110899725,1022.1758
1741110899766,1022.1814
1741110899804,1022.1836
1741110899825,1022.18506
1741110899864,1022.17615
1741110899903,1022.1581
1741110899923,1022.13855
1741110899964,1022.13684
1741110900004,1022.14764
1741110900024,1022.1569
1741110900065,1022.163
1741110900103,1022.16754
1741110900123,1022.17914
1741110900164,1022.18536
1741110900208,1022.1807
1741110900222,1022.1827
1741110900264,1022.1905
1741110900305,1022.20557
1741110900324,1022.19336
1741110900366,1022.18677
1741110900402,1022.17523
1741110900427,1022.1649
1741110900464,1022.1606
1741110900503,1022.1559
1741110900524,1022.15265
1741110900564,1022.1604
1741110900604,1022.17145
1741110900625,1022.1507
1741110900664,1022.1224
1741110900703,1022.1317
1741110900724,1022.1398
1741110900764,1022.1306
1741110900809,1022.1216
1741110900823,1022.1209
1741110900866,1022.132
1741110900905,1022.1339
1741110900928,1022.13763
1741110900964,1022.13983
1741110901003,1022.1314
1741110901024,1022.13306
1741110901079,1022.14136
1741110901102,1022.1582
1741110901123,1022.15674
1741110901163,1022.16254
1741110901205,1022.1564
1741110901224,1022.1497
1741110901264,1022.1467
1741110901304,1022.15
1741110901323,1022.1533
1741110901364,1022.1491
1741110901404,1022.145
1741110901428,1022.1372
1741110901465,1022.1372
1741110901505,1022.1208
1741110901524,1022.13446
1741110901563,1022.14404
1741110901602,1022.1619
1741110901622,1022.14716
1741110901663,1022.1512
1741110901703,1022.15063
1741110901723,1022.14075
1741110901762,1022.1345
1741110901812,1022.1204
1741110901823,1022.11707
1741110901864,1022.1296
1741110901903,1022.1506
1741110901929,1022.1814
1741110901963,1022.20105
1741110902006,1022.21045
1741110902022,1022.2156
1741110902064,1022.21356
1741110902103,1022.20496
1741110902124,1022.2005
1741110902161,1022.20325
1741110902204,1022.20105
1741110902221,1022.18604
1741110902263,1022.1887
1741110902305,1022.1837
1741110902322,1022.17426
1741110902363,1022.1801
1741110902404,1022.18066
1741110902428,1022.19275
1741110902468,1022.188
1741110902509,1022.1748
1741110902521,1022.1654
1741110902562,1022.1729
1741110902601,1022.17194
1741110902621,1022.16223
1741110902662,1022.1622
1741110902702,1022.1576
1741110902722,1022.16077
1741110902769,1022.1708
1741110902804,1022.1771
1741110902823,1022.18567
1741110902861,1022.1905
1741110902911,1022.193
1741110902926,1022.1963
1741110902964,1022.1955
1741110903003,1022.20105
1741110903021,1022.20667
1741110903062,1022.2075
1741110903101,1022.2094
1741110903122,1022.2109
1741110903162,1022.1986
1741110903203,1022.19543
1741110903226,1022.18933
1741110903263,1022.1769
1741110903304,1022.18744
1741110903321,1022.1919
1741110903369,1022.1902
1741110903403,1022.1852
1741110903428,1022.1797
1741110903462,1022.1808
1741110903505,1022.1687
1741110903522,1022.1659
1741110903563,1022.1688
1741110903609,1022.16895
1741110903622,1022.1704
1741110903661,1022.17725
1741110903705,1022.1926
1741110903721,1022.21704
1741110903765,1022.2213
1741110903803,1022.22034
1741110903822,1022.21545
1741110903862,1022.21704
1741110903902,1022.2148
1741110903930,1022.2086
1741110903961,1022.2035
1741110904003,1022.1974
1741110904025,1022.19495
1741110904072,1022.1854
1741110904102,1022.1839
1741110904124,1022.1778
1741110904161,1022.17456
1741110904204,1022.1692
1741110904221,1022.1704
1741110904266,1022.16437
1741110904302,1022.17615
1741110904324,1022.1898
1741110904361,1022.1849
1741110904402,1022.1859
1741110904431,1022.20874
1741110904462,1022.19135
1741110904501,1022.18964
1741110904522,1022.1844
1741110904565,1022.1795
1741110904601,1022.1776
1741110904622,1022.1831
1741110904662,1022.19257
1741110904701,1022.1875
1741110904720,1022.1855
1741110904761,1022.18884
1741110904800,1022.18976
1741110904823,1022.1848
1741110904860,1022.18933
1741110904901,1022.1939
1741110904922,1022.19946
1741110904962,1022.2012
1741110905000,1022.2063
1741110905022,1022.1931
1741110905068,1022.1883
1741110905101,1022.1778
1741110905124,1022.1607
1741110905171,1022.15845
1741110905200,1022.1787
1741110905220,1022.19214
1741110905263,1022.1976
1741110905301,1022.2045
1741110905321,1022.2151
1741110905363,1022.22253
1741110905400,1022.21686
1741110905424,1022.2033
1741110905462,1022.1949
1741110905501,1022.19086
1741110905521,1022.18097
1741110905561,1022.1723
1741110905602,1022.1651
1741110905620,1022.1751
1741110905665,1022.17694
1741110905701,1022.1771
1741110905722,1022.1716
1741110905766,1022.1808
1741110905801,1022.18115
1741110905820,1022.18
1741110905863,1022.1824
1741110905905,1022.18414
1741110905921,1022.19275
1741110905968,1022.1959
1741110905999,1022.18994
1741110906020,1022.1837
1741110906073,1022.19415
1741110906100,1022.19257
1741110906123,1022.18256
1741110906174,1022.1925
1741110906204,1022.2035
1741110906220,1022.21094
1741110906265,1022.2137
1741110906300,1022.20825
1741110906322,1022.2024
1741110906362,1022.2073
1741110906400,1022.20953
1741110906420,1022.20496
1741110906461,1022.1996
1741110906501,1022.1927
1741110906522,1022.1945
1741110906561,1022.19104
1741110906601,1022.1891
1741110906620,1022.1815
1741110906661,1022.18384
1741110906700,1022.1923
1741110906720,1022.19354
1741110906759,1022.19116
1741110906801,1022.18414
1741110906821,1022.1821
1741110906860,1022.18713
1741110906903,1022.1946
1741110906920,1022.17993
1741110906961,1022.1498
1741110907009,1022.1443
1741110907019,1022.1457
1741110907062,1022.14954
1741110907100,1022.1572
1741110907120,1022.1848
1741110907162,1022.208
1741110907206,1022.21765
1741110907219,1022.21674
1741110907261,1022.21234
1741110907301,1022.2037
1741110907321,1022.20764
1741110907360,1022.2013
1741110907399,1022.1973
1741110907421,1022.1895
1741110907471,1022.1731
1741110907500,1022.1666
1741110907520,1022.15906
1741110907560,1022.1597
1741110907599,1022.1702
1741110907620,1022.18207
1741110907664,1022.1741
1741110907699,1022.1615
1741110907720,1022.1617
1741110907762,1022.1629
1741110907799,1022.1765
1741110907820,1022.1713
1741110907865,1022.1732
1741110907900,1022.16724
1741110907920,1022.1658
1741110907960,1022.15894
1741110908001,1022.15265
1741110908028,1022.15466
1741110908059,1022.13495
1741110908099,1022.1255
1741110908120,1022.1211
1741110908159,1022.1236
1741110908201,1022.12537
1741110908219,1022.13293
1741110908262,1022.1374
1741110908299,1022.1356
1741110908320,1022.1361
1741110908359,1022.141
1741110908400,1022.1508
1741110908422,1022.1595
1741110908459,1022.1606
1741110908499,1022.1615
1741110908520,1022.16504
1741110908559,1022.1511
1741110908603,1022.1451
1741110908619,1022.1413
1741110908660,1022.1246
1741110908703,1022.12024
1741110908719,1022.13745
1741110908760,1022.14075
1741110908799,1022.1486
1741110908819,1022.1488
1741110908860,1022.1404
1741110908898,1022.1355
1741110908918,1022.139
1741110908960,1022.1423
1741110909005,1022.13513
1741110909018,1022.121
1741110909067,1022.1239
1741110909100,1022.13245
1741110909121,1022.1333
1741110909158,1022.14343
1741110909198,1022.14154
1741110909221,1022.139
1741110909259,1022.15234
1741110909300,1022.15826
1741110909321,1022.1583
1741110909359,1022.1529
1741110909401,1022.15247
1741110909420,1022.1592
1741110909459,1022.1549
1741110909501,1022.15405
1741110909519,1022.1479
1741110909560,1022.1433
1741110909600,1022.1451
1741110909620,1022.1422
1741110909658,1022.125
1741110909699,1022.1268
1741110909721,1022.1294
1741110909759,1022.1287
1741110909802,1022.1261
1741110909819,1022.1232
1741110909858,1022.1372
1741110909899,1022.1261
1741110909921,1022.10944
1741110909958,1022.0939
1741110910000,1022.08453
1741110910022,1022.10614
1741110910062,1022.11096
1741110910099,1022.11505
1741110910119,1022.12415
1741110910158,1022.1272
1741110910198,1022.11743
1741110910219,1022.1171
1741110910259,1022.12146
1741110910300,1022.11316
1741110910319,1022.1054
1741110910359,1022.1057
1741110910400,1022.1133
1741110910422,1022.1133
1741110910458,1022.11975
1741110910505,1022.13354
1741110910519,1022.13184
1741110910558,1022.1304
1741110910598,1022.1239
1741110910620,1022.12976
1741110910663,1022.1268
1741110910698,1022.12524
1741110910719,1022.11884
1741110910757,1022.11755
1741110910799,1022.1146
1741110910819,1022.1179
1741110910859,1022.1069
1741110910898,1022.10547
1741110910918,1022.0913
1741110910959,1022.084
1741110911000,1022.0792
1741110911017,1022.0875
1741110911086,1022.1009
1741110911096,1022.1006
1741110911118,1022.10297
1741110911158,1022.11224
1741110911200,1022.11847
1741110911220,1022.1243
1741110911258,1022.1252
1741110911300,1022.1249
1741110911318,1022.12476
1741110911356,1022.1197
1741110911403,1022.1238
1741110911417,1022.11487
1741110911457,1022.1149
1741110911510,1022.11145
1741110911518,1022.1095
1741110911557,1022.10284
1741110911601,1022.0932
1741110911617,1022.0885
1741110911659,1022.08167
1741110911703,1022.0939
1741110911717,1022.0798
1741110911757,1022.0781
1741110911797,1022.0702
1741110911818,1022.0713
1741110911859,1022.05786
1741110911897,1022.05615
1741110911918,1022.05176
1741110911961,1022.044
1741110911998,1022.0442
1741110912023,1022.04626
1741110912058,1022.0521
1741110912100,1022.0565
1741110912119,1022.0607
1741110912157,1022.0668
1741110912199,1022.0794
1741110912220,1022.0698
1741110912260,1022.0581
1741110912296,1022.05457
1741110912319,1022.05115
1741110912360,1022.0517
1741110912399,1022.0572
1741110912418,1022.0604
1741110912458,1022.0621
1741110912497,1022.061
1741110912522,1022.0572
1741110912556,1022.04706
1741110912599,1022.04517
1741110912616,1022.0518
1741110912669,1022.0496
1741110912699,1022.04626
1741110912720,1022.04224
1741110912757,1022.0359
1741110912799,1022.042
1741110912816,1022.03503
1741110912858,1022.0326
1741110912896,1022.00934
1741110912916,1021.9933
1741110912958,1021.9969
1741110912996,1021.9994
1741110913017,1022.01227
1741110913058,1022.01697
1741110913097,1022.0253
1741110913128,1022.0417
1741110913160,1022.0496
1741110913200,1022.0608
1741110913216,1022.0541
1741110913259,1022.0428
1741110913297,1022.03955
1741110913318,1022.03253
1741110913360,1022.0268
1741110913397,1022.0134
1741110913419,1022.0071
1741110913458,1022.00946
1741110913496,1022.00964
1741110913528,1022.00543
1741110913556,1022.0105
1741110913597,1022.01215
1741110913617,1021.9866
1741110913657,1021.98065
1741110913696,1021.9828
1741110913716,1021.97955
1741110913762,1021.9731
1741110913795,1021.96893
1741110913816,1021.96344
1741110913859,1021.9555
1741110913898,1021.95593
1741110913918,1021.9585
1741110913956,1021.962
1741110913997,1021.9624
1741110914030,1021.9656
1741110914056,1021.95557
1741110914099,1021.9637
1741110914124,1021.9629
1741110914157,1021.9702
1741110914205,1021.9755
1741110914215,1021.97363
1741110914256,1021.96436
1741110914300,1021.9544
1741110914316,1021.96625
1741110914355,1021.97473
1741110914419,1021.97705
1741110914419,1021.9758
1741110914455,1021.9675
1741110914497,1021.9518
1741110914525,1021.9453
1741110914555,1021.9509
1741110914601,1021.9569
1741110914622,1021.9573
1741110914656,1021.9547
1741110914701,1021.947
1741110914736,1021.94653
1741110914758,1021.9427
1741110914805,1021.9309
1741110914816,1021.9282
1741110914856,1021.92566
1741110914895,1021.9319
1741110914936,1021.937
1741110914954,1021.9385
1741110914999,1021.94885
1741110915035,1021.971
1741110915062,1021.9811
1741110915095,1021.96967
1741110915116,1021.9578
1741110915159,1021.9581
1741110915195,1021.9597
1741110915236,1021.95044
1741110915256,1021.9455
1741110915295,1021.9432
1741110915336,1021.9445
1741110915356,1021.93713
1741110915395,1021.9305
1741110915419,1021.9187
1741110915458,1021.9169
1741110915495,1021.9089
1741110915535,1021.9088
1741110915555,1021.90356
1741110915598,1021.9065
1741110915638,1021.898
1741110915655,1021.90735
1741110915700,1021.91315
1741110915736,1021.90594
1741110915756,1021.8855
1741110915794,1021.87854
1741110915835,1021.8883
1741110915856,1021.8959
1741110915898,1021.9008
1741110915935,1021.9071
1741110915956,1021.8991
1741110915994,1021.89386
1741110916044,1021.8856
1741110916055,1021.9005
1741110916099,1021.8992
1741110916134,1021.9036
1741110916163,1021.911
1741110916197,1021.91815
1741110916234,1021.9031
1741110916262,1021.90094
1741110916296,1021.89545
1741110916336,1021.89795
1741110916356,1021.891
1741110916394,1021.8897
1741110916435,1021.8888
1741110916455,1021.9021
1741110916499,1021.8998
1741110916549,1021.8921
1741110916555,1021.8815
1741110916595,1021.8753
1741110916636,1021.8624
1741110916654,1021.86646
1741110916695,1021.8814
1741110916735,1021.88324
1741110916755,1021.89264
1741110916805,1021.90186
1741110916835,1021.90027
1741110916862,1021.90375
1741110916895,1021.9012
1741110916939,1021.89685
1741110916956,1021.8983
1741110916993,1021.89496
1741110917043,1021.8937
1741110917069,1021.8983
1741110917094,1021.89105
1741110917136,1021.8794
1741110917156,1021.8745
1741110917196,1021.87476
1741110917235,1021.8835
1741110917258,1021.88226
1741110917300,1021.8812
1741110917336,1021.88135
1741110917355,1021.8752
1741110917395,1021.87317
1741110917435,1021.8655
1741110917455,1021.8715
1741110917496,1021.86584
1741110917534,1021.84705
1741110917555,1021.84656
1741110917594,1021.8478
1741110917651,1021.8587
1741110917653,1021.86035
1741110917694,1021.8511
1741110917737,1021.8498
1741110917755,1021.8542
1741110917796,1021.8452
1741110917835,1021.85156
1741110917861,1021.8421
1741110917894,1021.8502
1741110917933,1021.84827
1741110917959,1021.8435
1741110917994,1021.83936
1741110918035,1021.84045
1741110918058,1021.8353
1741110918094,1021.8436
1741110918133,1021.84357
1741110918153,1021.8451
1741110918200,1021.8519
1741110918233,1021.8517
1741110918254,1021.85046
1741110918298,1021.84937
1741110918334,1021.8374
1741110918359,1021.8229
1741110918395,1021.8327
1741110918434,1021.8279
1741110918454,1021.83
1741110918494,1021.8362
1741110918533,1021.84875
1741110918555,1021.8556
1741110918593,1021.8537
1741110918650,1021.85284
1741110918653,1021.8473
1741110918693,1021.84314
1741110918740,1021.8439
1741110918754,1021.8453
1741110918794,1021.83545
1741110918836,1021.83936
1741110918853,1021.8329
1741110918895,1021.8302
1741110918934,1021.84064
1741110918953,1021.8464
1741110918994,1021.84705
1741110919034,1021.8484
1741110919053,1021.83954
1741110919094,1021.8391
1741110919139,1021.84424
1741110919153,1021.83734
1741110919193,1021.84064
1741110919235,1021.83997
1741110919253,1021.83844
1741110919294,1021.84326
1741110919334,1021.84973
1741110919353,1021.8516
1741110919394,1021.8562
1741110919433,1021.8573
1741110919456,1021.85785
1741110919494,1021.8563
1741110919533,1021.8585
1741110919554,1021.85974
1741110919594,1021.8568
1741110919632,1021.85315
1741110919653,1021.8509
1741110919701,1021.84735
1741110919732,1021.85065
1741110919753,1021.8524
1741110919795,1021.8455
1741110919832,1021.84314
1741110919854,1021.8503
1741110919895,1021.84766
1741110919932,1021.856
1741110919951,1021.846
1741110919993,1021.8458
1741110920033,1021.8487
1741110920052,1021.8595
1741110920093,1021.865
1741110920133,1021.8645
1741110920156,1021.86865
1741110920191,1021.8693
1741110920231,1021.8661
1741110920252,1021.8663
1741110920292,1021.8496
1741110920333,1021.85156
1741110920353,1021.83984
1741110920392,1021.8385
1741110920432,1021.8455
1741110920452,1021.83795
1741110920492,1021.8355
1741110920532,1021.8488
1741110920552,1021.8424
1741110920592,1021.8454
1741110920647,1021.8346
1741110920651,1021.8356
1741110920694,1021.83844
1741110920732,1021.8362
1741110920751,1021.8595
1741110920792,1021.8714
1741110920832,1021.8726
1741110920851,1021.8604
1741110920893,1021.8625
1741110920935,1021.8622
1741110920952,1021.87085
1741110920993,1021.8639
1741110921033,1021.8573
1741110921052,1021.85016
1741110921106,1021.8498
1741110921132,1021.85504
1741110921154,1021.8603
1741110921193,1021.84906
1741110921233,1021.84985
1741110921257,1021.84436
1741110921295,1021.83704
1741110921332,1021.8335
1741110921353,1021.8335
1741110921391,1021.8397
1741110921435,1021.83606
1741110921452,1021.8508
1741110921494,1021.86914
1741110921534,1021.8786
1741110921554,1021.8759
1741110921594,1021.86865
1741110921632,1021.8665
1741110921651,1021.8701
1741110921692,1021.8619
1741110921732,1021.8469
1741110921751,1021.83215
1741110921794,1021.838
1741110921831,1021.8407
1741110921853,1021.8414
1741110921892,1021.8483
1741110921936,1021.8531
1741110921951,1021.8491
1741110921991,1021.8501
1741110922033,1021.8524
1741110922051,1021.8537
1741110922092,1021.8436
1741110922131,1021.8363
1741110922166,1021.83594
1741110922192,1021.8427
1741110922231,1021.85046
1741110922252,1021.8481
1741110922293,1021.84296
1741110922331,1021.845
1741110922352,1021.84827
1741110922392,1021.84875
1741110922432,1021.851
1741110922453,1021.8444
1741110922491,1021.84143
1741110922532,1021.8424
1741110922552,1021.85333
1741110922595,1021.864
1741110922632,1021.8607
1741110922652,1021.8492
1741110922692,1021.83765
1741110922732,1021.8329
1741110922751,1021.8402
1741110922791,1021.8446
1741110922833,1021.841
1741110922851,1021.8452
1741110922894,1021.85675
1741110922934,1021.8678
1741110922951,1021.86475
1741110922991,1021.86755
1741110923032,1021.8568
1741110923053,1021.85376
1741110923091,1021.8436
1741110923138,1021.83997
1741110923151,1021.8323
1741110923191,1021.8315
1741110923231,1021.8299
1741110923251,1021.82837
1741110923293,1021.83563
1741110923331,1021.82666
1741110923353,1021.83203
1741110923394,1021.8341
1741110923431,1021.84174
1741110923451,1021.83167
1741110923490,1021.8247
1741110923532,1021.8319
1741110923550,1021.83997
1741110923592,1021.83954
1741110923633,1021.83716
1741110923650,1021.83545
1741110923691,1021.8438
1741110923730,1021.845
1741110923750,1021.85205
1741110923791,1021.85443
1741110923831,1021.8511
1741110923853,1021.848
1741110923890,1021.8504
1741110923931,1021.8595
1741110923952,1021.85474
1741110923993,1021.84357
1741110924032,1021.83124
1741110924054,1021.8311
1741110924094,1021.8324
1741110924132,1021.8472
1741110924151,1021.8412
1741110924191,1021.8512
1741110924230,1021.8627
1741110924252,1021.86975
1741110924292,1021.8676
1741110924334,1021.87476
1741110924359,1021.8655
1741110924390,1021.8571
1741110924431,1021.8409
1741110924452,1021.83203
1741110924491,1021.8318
1741110924539,1021.83466
1741110924557,1021.8389
1741110924591,1021.8429
1741110924631,1021.84045
1741110924651,1021.83936
1741110924690,1021.8341
1741110924733,1021.83966
1741110924751,1021.8463
1741110924792,1021.8404
1741110924832,1021.83685
1741110924850,1021.8436
1741110924892,1021.8542
1741110924932,1021.8463
1741110924949,1021.8335
1741110924991,1021.8312
1741110925031,1021.8367
1741110925053,1021.8363
1741110925099,1021.84937
1741110925131,1021.8462
1741110925151,1021.8426
1741110925190,1021.83795
1741110925232,1021.8265
1741110925251,1021.83057
1741110925290,1021.8301
1741110925331,1021.83026
1741110925350,1021.8309
1741110925391,1021.8273
1741110925429,1021.83295
1741110925450,1021.8433
1741110925490,1021.8496
1741110925531,1021.85565
1741110925550,1021.8667
1741110925593,1021.8651
1741110925629,1021.8625
1741110925651,1021.85535
1741110925695,1021.8544
1741110925731,1021.85004
1741110925755,1021.84515
1741110925790,1021.84766
1741110925835,1021.84717
1741110925854,1021.84216
1741110925889,1021.844
1741110925930,1021.85223
1741110925950,1021.85474
1741110925990,1021.8496
1741110926038,1021.84076
1741110926048,1021.8454
1741110926089,1021.8507
1741110926130,1021.8463
1741110926149,1021.8443
1741110926190,1021.8402
1741110926229,1021.83856
1741110926252,1021.8563
1741110926291,1021.83185
1741110926336,1021.8255
1741110926364,1021.83167
1741110926389,1021.8341
1741110926433,1021.8401
1741110926451,1021.83466
1741110926491,1021.82367
1741110926529,1021.82825
1741110926550,1021.8335
1741110926591,1021.831
1741110926630,1021.84045
1741110926650,1021.8418
1741110926692,1021.8391
1741110926729,1021.8328
1741110926750,1021.8307
1741110926792,1021.8253
1741110926829,1021.83655
1741110926852,1021.84454
1741110926889,1021.8407
1741110926930,1021.8405
1741110926950,1021.848
1741110926989,1021.8639
1741110927029,1021.8655
1741110927051,1021.85455
1741110927093,1021.84534
1741110927135,1021.84155
1741110927155,1021.8322
1741110927191,1021.8217
1741110927229,1021.81824
1741110927250,1021.82825
1741110927295,1021.8362
1741110927330,1021.83496
1741110927350,1021.8395
1741110927389,1021.83936
1741110927431,1021.8426
1741110927451,1021.8402
1741110927489,1021.8341
1741110927530,1021.82935
1741110927551,1021.83997
1741110927589,1021.84125
1741110927630,1021.84216
1741110927655,1021.8289
1741110927688,1021.828
1741110927730,1021.8427
1741110927749,1021.85266
1741110927789,1021.85803
1741110927838,1021.8525
1741110927849,1021.8446
1741110927890,1021.8407
1741110927931,1021.8429
1741110927960,1021.83795
1741110927989,1021.8445
1741110928031,1021.85205
1741110928051,1021.8528
1741110928090,1021.8501
1741110928129,1021.8416
1741110928150,1021.83405
1741110928189,1021.8294
1741110928229,1021.8318
1741110928250,1021.83453
1741110928289,1021.82806
1741110928330,1021.83655
1741110928347,1021.8467
1741110928390,1021.8501
1741110928430,1021.85565
1741110928449,1021.8617
1741110928488,1021.85913
1741110928529,1021.8432
1741110928548,1021.837
1741110928589,1021.83545
1741110928629,1021.83014
1741110928648,1021.8415
1741110928689,1021.8378
1741110928729,1021.8369
1741110928749,1021.8393
1741110928788,1021.837
1741110928828,1021.84125
1741110928851,1021.83795
1741110928891,1021.8304
1741110928927,1021.82556
1741110928950,1021.82605
1741110928989,1021.8307
1741110929031,1021.8456
1741110929048,1021.8467
1741110929089,1021.8384
1741110929129,1021.8328
1741110929147,1021.8308
1741110929187,1021.8323
1741110929228,1021.8341
1741110929248,1021.83813
1741110929288,1021.8421
1741110929329,1021.8301
1741110929351,1021.8355
1741110929389,1021.8344
1741110929429,1021.8362
1741110929446,1021.82666
1741110929488,1021.83374
1741110929527,1021.8367
1741110929547,1021.8407
1741110929590,1021.8453
1741110929630,1021.8488
1741110929649,1021.84186
1741110929688,1021.8476
1741110929733,1021.84485
1741110929748,1021.8532
1741110929788,1021.85364
1741110929838,1021.84564
1741110929848,1021.841
1741110929889,1021.8507
1741110929929,1021.84814
1741110929948,1021.8509
1741110929988,1021.8425
1741110930028,1021.8452
1741110930051,1021.84436
1741110930087,1021.8544
1741110930129,1021.85
1741110930149,1021.8352
1741110930188,1021.8365
1741110930229,1021.83435
1741110930249,1021.83093
1741110930290,1021.8282
1741110930328,1021.82117
1741110930347,1021.82153
1741110930386,1021.83154
1741110930427,1021.828
1741110930448,1021.8274
1741110930487,1021.83124
1741110930529,1021.82947
1741110930550,1021.8358
1741110930587,1021.8325
1741110930631,1021.8275
1741110930649,1021.83105
1741110930687,1021.8296
1741110930726,1021.8441
1741110930748,1021.85016
1741110930788,1021.83
1741110930827,1021.8312
1741110930846,1021.82336
1741110930890,1021.8153
1741110930928,1021.8291
1741110930947,1021.8336
1741110930989,1021.83484
1741110931026,1021.83716
1741110931048,1021.84503
1741110931086,1021.8523
1741110931126,1021.8568
1741110931153,1021.85095
1741110931188,1021.84534
1741110931231,1021.8474
1741110931246,1021.8314
1741110931290,1021.8268
1741110931326,1021.82776
1741110931349,1021.82935
1741110931393,1021.82654
1741110931426,1021.8256
1741110931447,1021.8271
1741110931485,1021.81976
1741110931526,1021.8292
1741110931547,1021.8345
1741110931588,1021.8305
1741110931631,1021.8236
1741110931647,1021.82404
1741110931688,1021.82654
1741110931731,1021.83356
1741110931750,1021.83435
1741110931786,1021.8219
1741110931826,1021.8256
1741110931847,1021.8288
1741110931889,1021.8357
1741110931928,1021.8429
1741110931948,1021.8497
1741110931986,1021.8415
1741110932028,1021.8365
1741110932046,1021.8379
1741110932090,1021.8439
1741110932130,1021.8479
1741110932152,1021.8419
1741110932185,1021.8418
1741110932225,1021.8397
1741110932246,1021.8257
1741110932288,1021.8235
1741110932325,1021.8191
1741110932345,1021.8157
1741110932387,1021.8313
1741110932429,1021.84143
1741110932446,1021.8533
1741110932485,1021.8471
1741110932525,1021.8448
1741110932547,1021.8457
1741110932588,1021.8418
1741110932625,1021.8287
1741110932645,1021.8242
1741110932689,1021.8283
1741110932725,1021.8253
1741110932746,1021.8284
1741110932788,1021.8241
1741110932828,1021.815
1741110932850,1021.8161
1741110932885,1021.8143
1741110932927,1021.8168
1741110932945,1021.8121
1741110933001,1021.80994
1741110933024,1021.82666
1741110933045,1021.8303
1741110933088,1021.81976
1741110933133,1021.8264
1741110933148,1021.8207
1741110933185,1021.82776
1741110933226,1021.82544
1741110933250,1021.8228
1741110933289,1021.81836
1741110933324,1021.8273
1741110933345,1021.82367
1741110933385,1021.8279
1741110933426,1021.82965
1741110933446,1021.8291
1741110933486,1021.8123
1741110933524,1021.80896
1741110933546,1021.7983
1741110933586,1021.8071
1741110933624,1021.81946
1741110933645,1021.8233
1741110933695,1021.83563
1741110933725,1021.84406
1741110933745,1021.85077
1741110933790,1021.85364
1741110933824,1021.8436
1741110933846,1021.8262
1741110933886,1021.83057
1741110933929,1021.8295
1741110933945,1021.8253
1741110933985,1021.8246
1741110934024,1021.8264
1741110934046,1021.8269
1741110934085,1021.8181
1741110934125,1021.81866
1741110934144,1021.825
1741110934185,1021.81775
1741110934224,1021.81323
1741110934244,1021.80994
1741110934286,1021.81226
1741110934329,1021.83075
1741110934345,1021.8361
1741110934386,1021.83014
1741110934425,1021.8242
1741110934445,1021.8119
1741110934485,1021.82025
1741110934524,1021.8269
1741110934546,1021.8269
1741110934590,1021.824
1741110934626,1021.83124
1741110934644,1021.8318
1741110934686,1021.8182
1741110934726,1021.81
1741110934746,1021.81323
1741110934786,1021.81445
1741110934824,1021.83044
1741110934844,1021.8282
1741110934884,1021.8284
1741110934929,1021.83594
1741110934950,1021.847
1741110934985,1021.8447
1741110935029,1021.8409
1741110935044,1021.83624
1741110935083,1021.8356
1741110935124,1021.83716
1741110935145,1021.8262
1741110935185,1021.8244
1741110935226,1021.8215
1741110935250,1021.8076
1741110935285,1021.80884
1741110935325,1021.8158
1741110935344,1021.8144
1741110935384,1021.80884
1741110935430,1021.8083
1741110935444,1021.81
1741110935489,1021.8048
1741110935524,1021.8073
1741110935545,1021.81476
1741110935584,1021.81396
1741110935632,1021.81134
1741110935651,1021.8171
1741110935687,1021.81537
1741110935730,1021.8225
1741110935745,1021.81726
1741110935785,1021.807
1741110935825,1021.8047
1741110935843,1021.81665
1741110935884,1021.80554
1741110935924,1021.81177
1741110935949,1021.8178
1741110935984,1021.8049
1741110936024,1021.8043
1741110936045,1021.81006
1741110936084,1021.81354
1741110936125,1021.8278
1741110936145,1021.8385
1741110936183,1021.8517
1741110936229,1021.8643
1741110936244,1021.87036
1741110936284,1021.8623
1741110936324,1021.8594
1741110936343,1021.8535
1741110936384,1021.84247
1741110936424,1021.8352
1741110936448,1021.83093
1741110936483,1021.8243
1741110936523,1021.82086
1741110936571,1021.8152
1741110936583,1021.8099
1741110936625,1021.8078
1741110936664,1021.80884
1741110936686,1021.79834
1741110936725,1021.7969
1741110936743,1021.80585
1741110936784,1021.7994
1741110936823,1021.79004
1741110936863,1021.7815
1741110936884,1021.7797
1741110936929,1021.7827
1741110936963,1021.7866
1741110936986,1021.7889
1741110937022,1021.79065
1741110937043,1021.79224
1741110937088,1021.80286
1741110937124,1021.7989
1741110937164,1021.80444
1741110937182,1021.8109
1741110937224,1021.81494
1741110937263,1021.81915
1741110937283,1021.81976
1741110937325,1021.80426
1741110937367,1021.792
1741110937382,1021.7986
1741110937424,1021.7902
1741110937464,1021.7893
1741110937484,1021.78503
1741110937523,1021.766
1741110937563,1021.76385
1741110937583,1021.7759
1741110937622,1021.7846
1741110937663,1021.7908
1741110937684,1021.80365
1741110937724,1021.80896
1741110937763,1021.8335
1741110937785,1021.8305
1741110937826,1021.8225
1741110937862,1021.81287
1741110937883,1021.7997
1741110937923,1021.7944
1741110937963,1021.7775
1741110937983,1021.7692
1741110938023,1021.76776
1741110938064,1021.75934
1741110938094,1021.7642
1741110938122,1021.7741
1741110938171,1021.76697
1741110938183,1021.7551
1741110938224,1021.73724
1741110938263,1021.73895
1741110938282,1021.7465
1741110938323,1021.7511
1741110938361,1021.7578
1741110938382,1021.74554
1741110938424,1021.74036
1741110938465,1021.7431
1741110938483,1021.75256
1741110938525,1021.7582
1741110938562,1021.7627
1741110938583,1021.76013
1741110938624,1021.7641
1741110938662,1021.76215
1741110938685,1021.7594
1741110938722,1021.7656
1741110938765,1021.766
1741110938785,1021.7633
1741110938824,1021.7594
1741110938864,1021.7574
1741110938882,1021.75195
1741110938926,1021.74084
1741110938964,1021.7318
1741110938983,1021.7274
1741110939022,1021.73816
1741110939067,1021.7473
1741110939082,1021.7606
1741110939127,1021.77527
1741110939162,1021.78613
1741110939186,1021.7876
1741110939221,1021.7828
1741110939262,1021.77264
1741110939282,1021.77203
1741110939323,1021.76465
1741110939364,1021.74146
1741110939384,1021.73816
1741110939422,1021.736
1741110939462,1021.7383
1741110939485,1021.7318
1741110939529,1021.72766
1741110939562,1021.7395
1741110939589,1021.71674
1741110939623,1021.7104
1741110939663,1021.7043
1741110939686,1021.70557
1741110939729,1021.7051
1741110939769,1021.70984
1741110939781,1021.7218
1741110939821,1021.7093
1741110939861,1021.7057
1741110939885,1021.71204
1741110939921,1021.72
1741110939962,1021.72546
1741110939982,1021.7289
1741110940029,1021.7302
1741110940061,1021.72217
1741110940082,1021.72156
1741110940133,1021.72186
1741110940161,1021.71936
1741110940192,1021.7279
1741110940221,1021.7263
1741110940263,1021.72516
1741110940285,1021.7186
1741110940323,1021.70557
1741110940363,1021.6927
1741110940385,1021.70215
1741110940423,1021.7096
1741110940464,1021.70764
1741110940480,1021.72833
1741110940526,1021.7522
1741110940563,1021.76086
1741110940581,1021.7559
1741110940621,1021.744
1741110940661,1021.73346
1741110940682,1021.73724
1741110940722,1021.74036
1741110940761,1021.73663
1741110940782,1021.7234
1741110940823,1021.7129
1741110940861,1021.70105
1741110940882,1021.6939
1741110940920,1021.68915
1741110940962,1021.6985
1741110940981,1021.6922
1741110941024,1021.6915
1741110941061,1021.68744
1741110941081,1021.68427
1741110941124,1021.6776
1741110941165,1021.6701
1741110941183,1021.6725
1741110941222,1021.6696
1741110941262,1021.676
1741110941280,1021.67847
1741110941322,1021.67474
1741110941366,1021.6825
1741110941382,1021.6816
1741110941425,1021.68005
1741110941462,1021.6798
1741110941481,1021.6924
1741110941529,1021.692
1741110941561,1021.694
1741110941581,1021.6871
1741110941621,1021.6843
1741110941661,1021.67883
1741110941683,1021.66907
1741110941720,1021.66376
1741110941763,1021.6608
1741110941784,1021.65985
1741110941825,1021.6511
1741110941861,1021.6548
1741110941881,1021.6622
1741110941924,1021.66644
1741110941961,1021.6811
1741110941983,1021.68097
1741110942027,1021.6867
1741110942060,1021.6904
1741110942080,1021.6808
1741110942136,1021.6775
1741110942160,1021.6741
1741110942181,1021.66846
1741110942220,1021.66626
1741110942260,1021.6591
1741110942280,1021.6472
1741110942321,1021.64014
1741110942370,1021.63043
1741110942380,1021.6375
1741110942420,1021.6347
1741110942462,1021.63855
1741110942479,1021.641
1741110942523,1021.6414
1741110942561,1021.63
1741110942584,1021.6222
1741110942620,1021.621
1741110942661,1021.62866
1741110942681,1021.62897
1741110942719,1021.6361
1741110942763,1021.64246
1741110942786,1021.63995
1741110942823,1021.6366
1741110942862,1021.6416
1741110942885,1021.64746
1741110942920,1021.6454
1741110942960,1021.64014
1741110942982,1021.6464
1741110943019,1021.638
1741110943064,1021.6351
1741110943083,1021.641
1741110943119,1021.6557
1741110943160,1021.6434
1741110943180,1021.636
1741110943221,1021.62854
1741110943271,1021.616
1741110943279,1021.6177
1741110943328,1021.63055
1741110943363,1021.6387
1741110943380,1021.6388
1741110943423,1021.6439
1741110943462,1021.65356
1741110943488,1021.66235
1741110943520,1021.661
1741110943562,1021.65717
1741110943588,1021.64795
1741110943631,1021.63904
1741110943660,1021.6365
1741110943679,1021.6341
1741110943721,1021.6323
1741110943759,1021.61865
1741110943781,1021.609
1741110943828,1021.60913
1741110943860,1021.6144
1741110943883,1021.6093
1741110943920,1021.6013
1741110943962,1021.58954
1741110943982,1021.592
1741110944022,1021.58606
1741110944059,1021.58527
1741110944080,1021.5836
1741110944122,1021.593
1741110944162,1021.60156
1741110944180,1021.59515
1741110944219,1021.5971
1741110944261,1021.5933
1741110944288,1021.5995
1741110944319,1021.59875
1741110944360,1021.61096
1741110944380,1021.6158
1741110944426,1021.6123
1741110944459,1021.6158
1741110944479,1021.5967
1741110944520,1021.599
1741110944561,1021.6058
1741110944581,1021.60095
1741110944622,1021.5948
1741110944661,1021.59174
1741110944689,1021.58636
1741110944719,1021.57153
1741110944760,1021.5636
1741110944779,1021.5688
1741110944819,1021.5639
1741110944861,1021.56274
1741110944880,1021.5821
1741110944920,1021.59436
1741110944959,1021.6068
1741110944979,1021.60614
1741110945021,1021.61255
1741110945061,1021.6041
1741110945080,1021.6001
1741110945118,1021.5922
1741110945161,1021.581
1741110945182,1021.5739
1741110945219,1021.56177
1741110945261,1021.56055
1741110945281,1021.5646
1741110945320,1021.5537
1741110945361,1021.5446
1741110945380,1021.55164
1741110945418,1021.56226
1741110945473,1021.5545
1741110945480,1021.5697
1741110945519,1021.5656
1741110945561,1021.57135
1741110945579,1021.58026
1741110945619,1021.5655
1741110945660,1021.56024
1741110945679,1021.56995
1741110945720,1021.57544
1741110945758,1021.5801
1741110945779,1021.58154
1741110945818,1021.57544
1741110945860,1021.5727
1741110945879,1021.57904
1741110945920,1021.57715
1741110945960,1021.5731
1741110945985,1021.58154
1741110946020,1021.5775
1741110946080,1021.5747
1741110946081,1021.57117
1741110946120,1021.57825
1741110946161,1021.5728
1741110946178,1021.5718
1741110946218,1021.5586
1741110946258,1021.5594
1741110946281,1021.585
1741110946318,1021.58295
1741110946361,1021.5879
1741110946381,1021.5908
1741110946429,1021.59094
1741110946459,1021.60144
1741110946479,1021.6083
1741110946518,1021.6069
1741110946559,1021.60767
1741110946578,1021.603
1741110946624,1021.60925
1741110946663,1021.5985
1741110946679,1021.60046
1741110946718,1021.59796
1741110946760,1021.606
1741110946780,1021.60144
1741110946819,1021.6049
1741110946865,1021.6091
1741110946878,1021.6081
1741110946919,1021.6161
1741110946957,1021.61597
1741110946979,1021.61395
1741110947023,1021.6249
1741110947058,1021.61597
1741110947083,1021.6257
1741110947118,1021.64044
1741110947161,1021.6367
1741110947177,1021.6408
1741110947218,1021.65857
1741110947261,1021.67334
1741110947278,1021.67554
1741110947320,1021.6692
1741110947360,1021.6787
1741110947379,1021.6769
1741110947419,1021.6864
1741110947458,1021.68616
1741110947489,1021.6847
1741110947518,1021.6853
1741110947557,1021.68243
1741110947577,1021.6888
1741110947619,1021.6947
1741110947660,1021.6826
1741110947679,1021.6925
1741110947718,1021.70044
1741110947759,1021.7041
1741110947777,1021.69556
1741110947820,1021.6867
1741110947858,1021.67053
1741110947878,1021.6707
1741110947923,1021.67505
1741110947962,1021.6848
1741110947979,1021.68176
1741110948018,1021.6792
1741110948062,1021.6848
1741110948077,1021.7094
1741110948121,1021.7322
1741110948156,1021.7483
1741110948184,1021.7442
1741110948219,1021.7296
1741110948261,1021.7259
1741110948277,1021.7232
1741110948318,1021.7266
1741110948363,1021.7237
1741110948378,1021.72485
1741110948418,1021.72046
1741110948469,1021.71893
1741110948477,1021.7179
1741110948517,1021.7174
1741110948569,1021.7167
1741110948579,1021.7123
1741110948617,1021.7034
1741110948657,1021.7107
1741110948677,1021.71484
1741110948717,1021.7119
1741110948757,1021.702
1741110948782,1021.69385
1741110948819,1021.6964
1741110948857,1021.69476
1741110948878,1021.6963
1741110948919,1021.6943
1741110948958,1021.6937
1741110948980,1021.69727
1741110949028,1021.69904
1741110949057,1021.6963
1741110949076,1021.6959
1741110949119,1021.7015
1741110949158,1021.7064
1741110949178,1021.70276
1741110949216,1021.7132
1741110949260,1021.7106
1741110949283,1021.7152
1741110949316,1021.7157
1741110949356,1021.7184
1741110949379,1021.71594
1741110949417,1021.72174
1741110949460,1021.7123
1741110949479,1021.7019
1741110949517,1021.7037
1741110949560,1021.7053
1741110949576,1021.7117
1741110949617,1021.71924
1741110949656,1021.7227
1741110949677,1021.7212
1741110949718,1021.71936
1741110949757,1021.7174
1741110949777,1021.7066
1741110949816,1021.702
1741110949864,1021.7127
1741110949875,1021.7213
1741110949917,1021.7208
1741110949955,1021.72076
1741110949976,1021.71533
1741110950018,1021.71967
1741110950056,1021.7244
1741110950077,1021.7147
1741110950117,1021.7131
1741110950156,1021.7024
1741110950182,1021.71094
1741110950217,1021.71
1741110950256,1021.703
1741110950278,1021.70514
1741110950319,1021.701
1741110950361,1021.6924
1741110950377,1021.6959
1741110950416,1021.6808
1741110950456,1021.681
1741110950484,1021.6763
1741110950518,1021.6759
1741110950559,1021.67145
1741110950578,1021.6586
1741110950620,1021.6539
1741110950665,1021.6569
1741110950675,1021.6639
1741110950715,1021.6642
1741110950754,1021.6645
1741110950775,1021.6658
1741110950817,1021.6677
1741110950855,1021.6753
1741110950875,1021.6852
1741110950915,1021.6881
1741110950956,1021.67737
1741110950976,1021.6804
1741110951019,1021.6798
1741110951055,1021.6776
1741110951076,1021.6847
1741110951115,1021.6882
1741110951156,1021.6765
1741110951175,1021.6804
1741110951216,1021.67975
1741110951255,1021.67834
1741110951274,1021.67163
1741110951314,1021.66626
1741110951374,1021.65594
1741110951375,1021.6621
1741110951418,1021.6726
1741110951462,1021.68854
1741110951480,1021.67847
1741110951516,1021.68353
1741110951556,1021.6948
1741110951577,1021.6987
1741110951617,1021.7028
1741110951655,1021.68665
1741110951674,1021.6807
1741110951717,1021.68225
1741110951761,1021.67944
1741110951775,1021.66895
1741110951817,1021.6659
1741110951855,1021.66895
1741110951876,1021.6642
1741110951914,1021.64264
1741110951955,1021.63513
1741110951980,1021.6391
1741110952015,1021.6383
1741110952064,1021.6372
1741110952077,1021.63165
1741110952120,1021.6322
1741110952156,1021.6223
1741110952175,1021.61115
1741110952215,1021.61597
1741110952255,1021.61615
1741110952278,1021.61774
1741110952314,1021.6134
1741110952359,1021.60986
1741110952375,1021.6175
1741110952416,1021.6334
1741110952456,1021.6358
1741110952476,1021.6305
1741110952515,1021.6325
1741110952560,1021.63434
1741110952576,1021.6376
1741110952615,1021.6342
1741110952661,1021.63495
1741110952675,1021.6283
1741110952715,1021.6308
1741110952755,1021.6291
1741110952784,1021.623
1741110952815,1021.62366
1741110952856,1021.6262
1741110952874,1021.6166
1741110952915,1021.60736
1741110952955,1021.6034
1741110952975,1021.6172
1741110953015,1021.61285
1741110953057,1021.6109
1741110953077,1021.61285
1741110953114,1021.6175
1741110953159,1021.6221
1741110953175,1021.62256
1741110953215,1021.6248
1741110953264,1021.621
1741110953274,1021.62695
1741110953318,1021.6107
1741110953355,1021.5991
1741110953376,1021.58594
1741110953416,1021.57983
1741110953454,1021.57336
1741110953483,1021.5643
1741110953515,1021.568
1741110953556,1021.5697
1741110953574,1021.56274
1741110953626,1021.5545
1741110953655,1021.5519
1741110953675,1021.54865
1741110953728,1021.5456
1741110953754,1021.5476
1741110953775,1021.5402
1741110953816,1021.54584
1741110953853,1021.5422
1741110953874,1021.5509
1741110953916,1021.55743
1741110953956,1021.55676
1741110953973,1021.55664
1741110954013,1021.5575
1741110954060,1021.5476
1741110954074,1021.54565
1741110954124,1021.55524
1741110954154,1021.55347
1741110954178,1021.5347
1741110954215,1021.53613
1741110954261,1021.5311
1741110954273,1021.525
1741110954314,1021.5236
1741110954355,1021.51587
1741110954376,1021.5056
1741110954413,1021.4978
1741110954454,1021.48676
1741110954475,1021.48676
1741110954514,1021.4994
1741110954553,1021.5134
1741110954575,1021.5106
1741110954613,1021.513
1741110954659,1021.51135
1741110954673,1021.51636
1741110954714,1021.52106
1741110954756,1021.5068
1741110954776,1021.50244
1741110954814,1021.5004
1741110954854,1021.49774
1741110954873,1021.4944
1741110954914,1021.49506
1741110954955,1021.4933
1741110954973,1021.4762
1741110955016,1021.47595
1741110955056,1021.47314
1741110955074,1021.4655
1741110955113,1021.45917
1741110955154,1021.45044
1741110955177,1021.4382
1741110955214,1021.43494
1741110955254,1021.44794
1741110955273,1021.44006
1741110955316,1021.4361
1741110955353,1021.4392
1741110955374,1021.44714
1741110955416,1021.4337
1741110955454,1021.4254
1741110955474,1021.417
1741110955516,1021.40765
1741110955554,1021.40765
1741110955573,1021.4031
1741110955615,1021.406
1741110955653,1021.40546
1741110955674,1021.414
1741110955717,1021.42377
1741110955754,1021.4235
1741110955772,1021.42645
1741110955816,1021.42804
1741110955854,1021.426
1741110955884,1021.42566
1741110955912,1021.40686
1741110955954,1021.40186
1741110955974,1021.406
1741110956012,1021.3977
1741110956053,1021.3953
1741110956079,1021.3889
1741110956113,1021.3674
1741110956156,1021.3678
1741110956172,1021.3696
1741110956220,1021.3808
1741110956253,1021.4088
1741110956273,1021.4175
1741110956314,1021.427
1741110956353,1021.4282
1741110956372,1021.428
1741110956414,1021.4177
1741110956468,1021.4192
1741110956473,1021.40894
1741110956514,1021.3943
1741110956552,1021.3888
1741110956575,1021.3903
1741110956612,1021.3874
1741110956653,1021.3816
1741110956672,1021.37976
1741110956713,1021.3715
1741110956753,1021.3627
1741110956774,1021.352
1741110956815,1021.35376
1741110956853,1021.3552
1741110956879,1021.36194
1741110956912,1021.3569
1741110956954,1021.3536
1741110956975,1021.34973
1741110957012,1021.3488
1741110957052,1021.35315
1741110957073,1021.3519
1741110957112,1021.34644
1741110957153,1021.3466
1741110957172,1021.3316
1741110957211,1021.3252
1741110957253,1021.3149
1741110957279,1021.3147
1741110957312,1021.3247
1741110957361,1021.32275
1741110957373,1021.32544
1741110957413,1021.3307
1741110957453,1021.3351
1741110957471,1021.33856
1741110957513,1021.3449
1741110957551,1021.3399
1741110957572,1021.333
1741110957620,1021.3342
1741110957654,1021.3325
1741110957673,1021.3345
1741110957712,1021.3315
1741110957752,1021.33203
1741110957773,1021.3296
1741110957812,1021.3238
1741110957852,1021.3163
1741110957871,1021.32275
1741110957913,1021.32684
1741110957951,1021.3147
1741110957972,1021.312
1741110958012,1021.3313
1741110958052,1021.35516
1741110958080,1021.3511
1741110958112,1021.3455
1741110958150,1021.35565
1741110958172,1021.3489
1741110958213,1021.3517
1741110958251,1021.3407
1741110958271,1021.33105
1741110958313,1021.3347
1741110958353,1021.32874
1741110958371,1021.32446
1741110958413,1021.3262
1741110958452,1021.31775
1741110958492,1021.3135
1741110958512,1021.3207
1741110958551,1021.3196
1741110958594,1021.30804
1741110958611,1021.2976
1741110958653,1021.3032
1741110958693,1021.3059
1741110958711,1021.2975
1741110958755,1021.29065
1741110958792,1021.29254
1741110958812,1021.3158
1741110958855,1021.3152
1741110958892,1021.31006
1741110958913,1021.3152
1741110958953,1021.31525
1741110958992,1021.3164
1741110959011,1021.3198
1741110959054,1021.3297
1741110959091,1021.3259
1741110959112,1021.3294
1741110959152,1021.34406
1741110959192,1021.3402
1741110959213,1021.32983
1741110959266,1021.3229
1741110959290,1021.31213
1741110959312,1021.3053
1741110959351,1021.29755
1741110959392,1021.29065
1741110959412,1021.29315
1741110959450,1021.3089
1741110959492,1021.3058
1741110959515,1021.31775
1741110959552,1021.3314
1741110959590,1021.3424
1741110959611,1021.3364
1741110959650,1021.329
1741110959691,1021.33386
1741110959710,1021.32806
1741110959752,1021.3219
1741110959791,1021.3189
1741110959810,1021.3234
1741110959852,1021.3265
1741110959900,1021.3224
1741110959911,1021.3145
1741110959953,1021.3159
1741110959990,1021.31647
1741110960013,1021.3043
1741110960056,1021.2977
1741110960091,1021.2948
1741110960110,1021.2916
1741110960151,1021.3014
1741110960191,1021.30634
1741110960210,1021.3397
1741110960251,1021.32855
1741110960295,1021.3162
1741110960313,1021.31647
1741110960352,1021.31506
1741110960390,1021.32416
1741110960412,1021.32263
1741110960450,1021.3247
1741110960491,1021.3304
1741110960511,1021.3346
1741110960549,1021.3197
1741110960591,1021.3022
1741110960616,1021.28485
1741110960652,1021.28723
1741110960692,1021.30023
1741110960711,1021.3043
1741110960751,1021.3104
1741110960792,1021.33545
1741110960813,1021.3519
1741110960850,1021.3457
1741110960891,1021.3351
1741110960916,1021.3211
1741110960950,1021.3197
1741110960990,1021.3263
1741110961011,1021.31537
1741110961051,1021.3089
1741110961089,1021.3021
1741110961114,1021.3031
1741110961151,1021.30804
1741110961191,1021.3015
1741110961210,1021.2848
1741110961250,1021.2966
1741110961291,1021.3216
1741110961315,1021.3102
1741110961350,1021.2943
1741110961392,1021.2908
1741110961410,1021.30316
1741110961450,1021.3298
1741110961489,1021.3195
1741110961513,1021.3127
1741110961551,1021.31226
1741110961592,1021.3144
1741110961610,1021.3209
1741110961650,1021.3162
1741110961689,1021.3163
1741110961710,1021.3058
1741110961750,1021.30536
1741110961790,1021.31537
1741110961811,1021.2916
1741110961851,1021.2786
1741110961890,1021.26685
1741110961911,1021.276
1741110961953,1021.28894
1741110961990,1021.29126
1741110962010,1021.31213
1741110962050,1021.332
1741110962089,1021.33075
1741110962111,1021.3296
1741110962151,1021.3253
1741110962189,1021.3259
1741110962211,1021.3087
1741110962254,1021.3076
1741110962291,1021.29395
1741110962310,1021.28815
1741110962350,1021.3016
1741110962390,1021.30145
1741110962412,1021.3083
1741110962450,1021.3131
1741110962488,1021.3191
1741110962508,1021.3223
1741110962549,1021.32
1741110962592,1021.3149
1741110962615,1021.31726
1741110962652,1021.3238
1741110962689,1021.3401
1741110962712,1021.34784
1741110962752,1021.3206
1741110962789,1021.31494
1741110962811,1021.3169
1741110962850,1021.3085
1741110962895,1021.31714
1741110962910,1021.32166
1741110962949,1021.32245
1741110962991,1021.3295
1741110963009,1021.3293
1741110963048,1021.32776
1741110963094,1021.32654
1741110963110,1021.3275
1741110963149,1021.3187
1741110963197,1021.3021
1741110963210,1021.2965
1741110963249,1021.28906
1741110963295,1021.3042
1741110963310,1021.30035
1741110963353,1021.30597
1741110963390,1021.3164
1741110963412,1021.3395
1741110963451,1021.3374
1741110963490,1021.33154
1741110963508,1021.33746
1741110963550,1021.3303
1741110963590,1021.3208
1741110963610,1021.3119
1741110963653,1021.31195
1741110963689,1021.3145
1741110963711,1021.326
1741110963749,1021.3237
1741110963790,1021.3171
1741110963809,1021.3145
1741110963854,1021.3098
1741110963891,1021.3186
1741110963910,1021.32556
1741110963951,1021.3147
1741110963991,1021.307
1741110964009,1021.3072
1741110964050,1021.31885
1741110964089,1021.3292
1741110964110,1021.31177
1741110964153,1021.301
1741110964190,1021.31256
1741110964211,1021.32104
1741110964250,1021.3279
1741110964289,1021.328
1741110964312,1021.3232
1741110964349,1021.33966
1741110964391,1021.3463
1741110964411,1021.339
1741110964456,1021.3348
1741110964490,1021.32715
1741110964509,1021.30774
1741110964549,1021.3013
1741110964590,1021.3008
1741110964609,1021.2981
1741110964648,1021.309
1741110964690,1021.30634
1741110964708,1021.323
1741110964763,1021.34686
1741110964788,1021.3535
1741110964810,1021.3476
1741110964850,1021.333
1741110964888,1021.32904
1741110964909,1021.3134
1741110964950,1021.3055
1741110964988,1021.30676
1741110965018,1021.3091
1741110965048,1021.31647
1741110965090,1021.32263
1741110965112,1021.3251
1741110965148,1021.3165
1741110965190,1021.31226
1741110965214,1021.3287
1741110965249,1021.3224
1741110965289,1021.3069
1741110965308,1021.3096
1741110965349,1021.3156
1741110965390,1021.3213
1741110965410,1021.334
1741110965450,1021.3086
1741110965488,1021.2938
1741110965511,1021.30786
1741110965550,1021.31195
1741110965596,1021.31934
1741110965609,1021.3225
1741110965647,1021.3221
1741110965690,1021.335
1741110965709,1021.3406
1741110965749,1021.33435
1741110965788,1021.3179
1741110965819,1021.2945
1741110965848,1021.2975
1741110965888,1021.2938
1741110965911,1021.3101
1741110965950,1021.31433
1741110965989,1021.32745
1741110966007,1021.33386
1741110966048,1021.34937
1741110966088,1021.3585
1741110966109,1021.3473
1741110966147,1021.3259
1741110966190,1021.3185
1741110966206,1021.3153
1741110966249,1021.31586
1741110966287,1021.319
1741110966311,1021.3185
1741110966348,1021.32227
1741110966387,1021.3147
1741110966410,1021.30914
1741110966448,1021.3098
1741110966487,1021.3088
1741110966511,1021.3068
1741110966552,1021.3182
1741110966588,1021.33606
1741110966609,1021.34607
1741110966648,1021.33307
1741110966687,1021.32404
1741110966711,1021.3177
1741110966748,1021.32
1741110966786,1021.31274
1741110966807,1021.3153
1741110966849,1021.3245
1741110966887,1021.31854
1741110966909,1021.32825
1741110966948,1021.3406
1741110966987,1021.3359
1741110967008,1021.32965
1741110967046,1021.30493
1741110967092,1021.29205
1741110967107,1021.28815
1741110967146,1021.2944
1741110967189,1021.3021
1741110967206,1021.3006
1741110967250,1021.3212
1741110967289,1021.3379
1741110967310,1021.34766
1741110967355,1021.3454
1741110967386,1021.34393
1741110967410,1021.3267
1741110967446,1021.32263
1741110967487,1021.3129
1741110967508,1021.30695
1741110967546,1021.303
1741110967587,1021.3126
1741110967618,1021.3198
1741110967649,1021.3148
1741110967687,1021.3075
1741110967707,1021.3157
1741110967746,1021.3145
1741110967787,1021.31323
1741110967809,1021.31714
1741110967846,1021.3147
1741110967890,1021.3169
1741110967915,1021.3294
1741110967945,1021.3438
1741110968003,1021.3337
1741110968008,1021.298
1741110968045,1021.2993
1741110968107,1021.3119
1741110968108,1021.31445
1741110968146,1021.32245
1741110968187,1021.3143
1741110968207,1021.3192
1741110968254,1021.3262
1741110968286,1021.3255
1741110968312,1021.3312
1741110968347,1021.32996
1741110968386,1021.318
1741110968408,1021.3192
1741110968448,1021.31177
1741110968486,1021.2995
1741110968506,1021.2909
1741110968557,1021.3107
1741110968585,1021.3142
1741110968606,1021.31714
1741110968646,1021.3343
1741110968686,1021.36523
1741110968705,1021.3721
1741110968748,1021.35767
1741110968790,1021.34973
1741110968807,1021.33563
1741110968846,1021.3166
1741110968903,1021.305
1741110968906,1021.296
1741110968956,1021.2903
1741110968986,1021.30347
1741110969006,1021.3047
1741110969046,1021.30896
1741110969092,1021.3082
1741110969107,1021.3092
1741110969145,1021.3042
1741110969186,1021.31635
1741110969213,1021.3066
1741110969246,1021.3286
1741110969286,1021.3303
1741110969311,1021.3082
1741110969347,1021.3126
1741110969385,1021.3149
1741110969406,1021.3186
1741110969445,1021.32495
1741110969486,1021.3294
1741110969506,1021.31934
1741110969547,1021.3103
1741110969585,1021.3216
1741110969606,1021.3273
1741110969646,1021.3298
1741110969688,1021.3173
1741110969706,1021.3128
1741110969745,1021.302
1741110969785,1021.2972
1741110969805,1021.3036
1741110969851,1021.29926
1741110969886,1021.30084
1741110969910,1021.3179
1741110969944,1021.3268
1741110969986,1021.35565
1741110970005,1021.35126
1741110970046,1021.3394
1741110970088,1021.33826
1741110970105,1021.32715
1741110970146,1021.32227
1741110970197,1021.3234
1741110970205,1021.3169
1741110970246,1021.3179
1741110970286,1021.31915
1741110970310,1021.3281
1741110970345,1021.3151
1741110970384,1021.31476
1741110970406,1021.32214
1741110970446,1021.32306
1741110970485,1021.31067
1741110970506,1021.3124
1741110970545,1021.3257
1741110970589,1021.32513
1741110970603,1021.30963
1741110970646,1021.31195
1741110970685,1021.3164
1741110970705,1021.3185
1741110970745,1021.3224
1741110970785,1021.3246
1741110970806,1021.31946
1741110970845,1021.3139
1741110970891,1021.31805
1741110970904,1021.3289
1741110970946,1021.32446
1741110970984,1021.3086
1741110971006,1021.2938
1741110971051,1021.29034
1741110971086,1021.2994
1741110971103,1021.31854
1741110971144,1021.31274
1741110971184,1021.3277
1741110971204,1021.3296
1741110971244,1021.34863
1741110971284,1021.3428
1741110971306,1021.33044
1741110971348,1021.3237
1741110971389,1021.31604
1741110971408,1021.3048
1741110971444,1021.3085
1741110971485,1021.3116
1741110971503,1021.3163
1741110971544,1021.3195
1741110971584,1021.32074
1741110971606,1021.3194
1741110971645,1021.3217
1741110971683,1021.3201
1741110971704,1021.307
1741110971745,1021.3106
1741110971785,1021.3173
1741110971804,1021.324
1741110971849,1021.32715
1741110971885,1021.32666
1741110971904,1021.31213
1741110971944,1021.29016
1741110971986,1021.2908
1741110972003,1021.3068
1741110972055,1021.3281
1741110972089,1021.3386
1741110972104,1021.3328
1741110972148,1021.3372
1741110972184,1021.3318
1741110972204,1021.326
1741110972246,1021.31714
1741110972284,1021.3
1741110972304,1021.289
1741110972345,1021.28284
1741110972385,1021.2908
1741110972404,1021.29614
1741110972445,1021.30273
1741110972484,1021.322
1741110972504,1021.3338
1741110972543,1021.34015
1741110972584,1021.33875
1741110972604,1021.3265
1741110972653,1021.3162
1741110972683,1021.315
1741110972704,1021.31445
1741110972745,1021.30225
1741110972788,1021.2977
1741110972806,1021.29285
1741110972844,1021.303
1741110972884,1021.31116
1741110972904,1021.3165
1741110972946,1021.3263
1741110972984,1021.3236
1741110973010,1021.31323
1741110973044,1021.31104
1741110973088,1021.3134
1741110973102,1021.3244
1741110973144,1021.3301
1741110973185,1021.3466
1741110973204,1021.32465
1741110973243,1021.3167
1741110973285,1021.32086
1741110973309,1021.319
1741110973343,1021.3315
1741110973385,1021.3396
1741110973405,1021.32965
1741110973444,1021.32837
1741110973483,1021.3259
1741110973504,1021.31866
1741110973544,1021.31976
1741110973590,1021.31616
1741110973609,1021.3189
1741110973644,1021.3047
1741110973688,1021.31226
1741110973703,1021.3176
1741110973744,1021.3265
1741110973785,1021.3218
1741110973803,1021.31775
1741110973845,1021.3458
1741110973890,1021.3449
1741110973906,1021.3479
1741110973945,1021.33264
1741110973985,1021.3275
1741110974005,1021.3233
1741110974046,1021.3216
1741110974083,1021.32526
1741110974102,1021.3146
1741110974143,1021.30786
1741110974183,1021.31177
1741110974208,1021.31366
1741110974243,1021.3154
1741110974288,1021.31476
1741110974302,1021.3065
1741110974344,1021.30804
1741110974382,1021.30896
1741110974402,1021.31934
1741110974453,1021.32
1741110974482,1021.30865
1741110974506,1021.28314
1741110974545,1021.2798
1741110974583,1021.3002
1741110974603,1021.3184
1741110974644,1021.3203
1741110974689,1021.32227
1741110974702,1021.3203
1741110974749,1021.3126
1741110974783,1021.3092
1741110974811,1021.30133
1741110974842,1021.2908
1741110974882,1021.2813
1741110974903,1021.29944
1741110974948,1021.3193
1741110974983,1021.31934
1741110975009,1021.3213
1741110975042,1021.35974
1741110975083,1021.3709
1741110975105,1021.35803
1741110975142,1021.35114
1741110975185,1021.345
1741110975209,1021.3253
1741110975243,1021.32056
1741110975282,1021.30334
1741110975302,1021.3082
1741110975346,1021.3049
1741110975385,1021.307
1741110975402,1021.3141
1741110975445,1021.3165
1741110975482,1021.31946
1741110975502,1021.31604
1741110975550,1021.31775
1741110975588,1021.3107
1741110975603,1021.3096
1741110975643,1021.3269
1741110975683,1021.3456
1741110975703,1021.3656
1741110975744,1021.3639
1741110975790,1021.35547
1741110975803,1021.35016
1741110975841,1021.35
1741110975883,1021.34436
1741110975911,1021.3337
1741110975941,1021.32227
1741110975981,1021.31555
1741110976005,1021.3062
1741110976042,1021.3144
1741110976089,1021.3156
1741110976107,1021.3183
1741110976142,1021.30597
1741110976182,1021.2856
1741110976202,1021.2793
1741110976242,1021.2864
1741110976283,1021.30536
1741110976302,1021.303
1741110976346,1021.3098
1741110976382,1021.3462
1741110976402,1021.3543
1741110976442,1021.34424
1741110976482,1021.34045
1741110976505,1021.3334
1741110976545,1021.32654
1741110976585,1021.3211
1741110976600,1021.3085
1741110976642,1021.30896
1741110976682,1021.30676
1741110976705,1021.30096
1741110976742,1021.2925
1741110976781,1021.30225
1741110976802,1021.30176
1741110976845,1021.2753
1741110976883,1021.2844
1741110976904,1021.28125
1741110976941,1021.2731
1741110976982,1021.2733
1741110977005,1021.27673
1741110977040,1021.2788
1741110977081,1021.27356
1741110977114,1021.26086
1741110977142,1021.26807
1741110977183,1021.2809
1741110977201,1021.29
1741110977248,1021.2762
1741110977282,1021.2804
1741110977305,1021.2843
1741110977343,1021.27826
1741110977388,1021.2748
1741110977400,1021.2772
1741110977442,1021.27057
1741110977482,1021.2613
1741110977504,1021.2588
1741110977541,1021.281
1741110977582,1021.29474
1741110977604,1021.2931
1741110977641,1021.2832
1741110977681,1021.28796
1741110977700,1021.2988
1741110977740,1021.30554
1741110977781,1021.3016
1741110977804,1021.29694
1741110977843,1021.2921
1741110977880,1021.28284
1741110977901,1021.2638
1741110977945,1021.23956
1741110977981,1021.2379
1741110978002,1021.2431
1741110978042,1021.2429
1741110978084,1021.2503
1741110978101,1021.2589
1741110978141,1021.25446
1741110978180,1021.25336
1741110978203,1021.2443
1741110978240,1021.2358
1741110978281,1021.23755
1741110978308,1021.2451
1741110978343,1021.2501
1741110978383,1021.2461
1741110978411,1021.24506
1741110978441,1021.2352
1741110978484,1021.23755
1741110978502,1021.24817
1741110978541,1021.2546
1741110978585,1021.254
1741110978600,1021.24963
1741110978642,1021.2308
1741110978681,1021.2355
1741110978703,1021.2403
1741110978740,1021.2355
1741110978780,1021.2471
1741110978801,1021.24567
1741110978842,1021.2422
1741110978884,1021.23535
1741110978904,1021.2416
1741110978940,1021.2384
1741110978981,1021.2477
1741110979005,1021.24945
1741110979042,1021.25073
1741110979080,1021.256
1741110979100,1021.25964
1741110979141,1021.26965
1741110979179,1021.2757
1741110979200,1021.2752
1741110979243,1021.2657
1741110979288,1021.2505
1741110979300,1021.23566
1741110979339,1021.2251
1741110979380,1021.2163
1741110979402,1021.2085
1741110979440,1021.21045
1741110979479,1021.2067
1741110979501,1021.2177
1741110979540,1021.20886
1741110979579,1021.2123
1741110979600,1021.2061
1741110979640,1021.2057
1741110979679,1021.1999
1741110979700,1021.2082
1741110979740,1021.2042
1741110979780,1021.2081
1741110979800,1021.20483
1741110979841,1021.2154
1741110979880,1021.21155
1741110979901,1021.1987
1741110979940,1021.20325
1741110979981,1021.20465
1741110980001,1021.20337
1741110980046,1021.2091
1741110980080,1021.2053
1741110980103,1021.2012
1741110980139,1021.19507
1741110980180,1021.19995
1741110980220,1021.2168
1741110980239,1021.2193
1741110980279,1021.21796
1741110980319,1021.2163
1741110980340,1021.21014
1741110980385,1021.1883
1741110980421,1021.1753
1741110980440,1021.1905
1741110980479,1021.20276
1741110980521,1021.19727
1741110980540,1021.2046
1741110980579,1021.2151
1741110980619,1021.23224
1741110980639,1021.239
1741110980682,1021.23584
1741110980720,1021.24164
1741110980740,1021.22906
1741110980790,1021.2212
1741110980819,1021.2238
1741110980840,1021.2102
1741110980879,1021.1897
1741110980928,1021.18005
1741110980945,1021.17004
1741110980981,1021.17114
1741110981020,1021.16846
1741110981040,1021.1654
1741110981079,1021.17004
1741110981120,1021.17285
1741110981140,1021.1658
1741110981179,1021.16925
1741110981219,1021.18335
1741110981242,1021.1638
1741110981289,1021.1647
1741110981320,1021.1701
1741110981346,1021.1645
1741110981379,1021.1648
1741110981419,1021.1575
1741110981438,1021.16113
1741110981480,1021.1692
1741110981519,1021.1706
1741110981539,1021.1682
1741110981579,1021.1671
1741110981619,1021.16833
1741110981638,1021.1757
1741110981678,1021.1712
1741110981720,1021.165
1741110981739,1021.164
1741110981778,1021.15784
1741110981819,1021.156
1741110981839,1021.1747
1741110981879,1021.18066
1741110981924,1021.1789
1741110981938,1021.1644
1741110981980,1021.1573
1741110982019,1021.14795
1741110982051,1021.1442
1741110982079,1021.16064
1741110982120,1021.1814
1741110982145,1021.1773
1741110982180,1021.18677
1741110982219,1021.1923
1741110982239,1021.1999
1741110982279,1021.20306
1741110982319,1021.20026
1741110982339,1021.1931
1741110982380,1021.1828
1741110982419,1021.1652
1741110982444,1021.16345
1741110982481,1021.167
1741110982519,1021.1583
1741110982538,1021.14465
1741110982584,1021.132
1741110982620,1021.1332
1741110982643,1021.1305
1741110982678,1021.13745
1741110982721,1021.1257
1741110982739,1021.12646
1741110982780,1021.1298
1741110982825,1021.1235
1741110982838,1021.1183
1741110982880,1021.11694
1741110982920,1021.1174
1741110982939,1021.1255
1741110982977,1021.12665
1741110983019,1021.1291
1741110983041,1021.12695
1741110983078,1021.1222
1741110983119,1021.1265
1741110983138,1021.1398
1741110983178,1021.1416
1741110983221,1021.1443
1741110983238,1021.1472
1741110983279,1021.1327
1741110983318,1021.1349
1741110983338,1021.1229
1741110983380,1021.1245
1741110983423,1021.1218
1741110983437,1021.127
1741110983482,1021.1205
1741110983525,1021.1293
1741110983537,1021.1224
1741110983579,1021.1117
1741110983618,1021.1057
1741110983637,1021.1073
1741110983688,1021.12256
1741110983718,1021.1425
1741110983738,1021.1572
1741110983781,1021.16925
1741110983828,1021.16595
1741110983839,1021.1729
1741110983882,1021.1588
1741110983918,1021.15576
1741110983939,1021.1511
1741110983977,1021.1426
1741110984024,1021.13684
1741110984040,1021.11896
1741110984079,1021.10736
1741110984130,1021.10156
1741110984138,1021.0962
1741110984178,1021.09753
1741110984218,1021.08813
1741110984238,1021.09717
1741110984278,1021.0917
1741110984339,1021.0942
1741110984339,1021.0913
1741110984378,1021.10535
1741110984419,1021.0921
1741110984439,1021.08325
1741110984477,1021.0689
1741110984517,1021.0617
1741110984538,1021.0743
1741110984577,1021.0752
1741110984621,1021.0676
1741110984638,1021.0603
1741110984684,1021.07574
1741110984717,1021.09094
1741110984740,1021.09894
1741110984776,1021.0962
1741110984818,1021.08545
1741110984839,1021.0873
1741110984877,1021.0786
1741110984919,1021.0802
1741110984937,1021.0827
1741110984977,1021.08344
1741110985018,1021.08905
1741110985041,1021.0941
1741110985078,1021.08954
1741110985119,1021.09155
1741110985139,1021.07446
1741110985183,1021.0571
1741110985218,1021.0487
1741110985239,1021.0606
1741110985278,1021.0746
1741110985321,1021.074
1741110985339,1021.0908
1741110985378,1021.115
1741110985422,1021.12085
1741110985437,1021.1164
1741110985476,1021.11035
1741110985531,1021.10547
1741110985536,1021.09814
1741110985577,1021.087
1741110985618,1021.0811
1741110985645,1021.07416
1741110985676,1021.0784
1741110985718,1021.0789
1741110985744,1021.08453
1741110985776,1021.0829
1741110985834,1021.0762
1741110985848,1021.06915
1741110985878,1021.06665
1741110985919,1021.07477
1741110985938,1021.08624
1741110985976,1021.0918
1741110986019,1021.0869
1741110986036,1021.08655
1741110986084,1021.08813
1741110986118,1021.0986
1741110986137,1021.0811
1741110986176,1021.0844
1741110986215,1021.0929
1741110986237,1021.1086
1741110986277,1021.11096
1741110986317,1021.1116
1741110986337,1021.1033
1741110986378,1021.0986
1741110986417,1021.09564
1741110986438,1021.10114
1741110986476,1021.1014
1741110986517,1021.10785
1741110986535,1021.1056
1741110986577,1021.1007
1741110986616,1021.09863
1741110986635,1021.10986
1741110986676,1021.1035
1741110986718,1021.10876
1741110986739,1021.1038
1741110986777,1021.08276
1741110986815,1021.0678
1741110986835,1021.06146
1741110986879,1021.0818
1741110986915,1021.08154
1741110986944,1021.0763
1741110986975,1021.07666
1741110987016,1021.0882
1741110987036,1021.0971
1741110987082,1021.1012
1741110987116,1021.1019
1741110987136,1021.09863
1741110987177,1021.11237
1741110987215,1021.11383
1741110987236,1021.10944
1741110987276,1021.0939
1741110987315,1021.08563
1741110987335,1021.08307
1741110987376,1021.0747
1741110987416,1021.06494
1741110987435,1021.05994
1741110987477,1021.0641
1741110987515,1021.0732
1741110987536,1021.07153
1741110987579,1021.0626
1741110987616,1021.0703
1741110987636,1021.0763
1741110987684,1021.0734
1741110987722,1021.0835
1741110987739,1021.0817
1741110987776,1021.0606
1741110987820,1021.05286
1741110987836,1021.0445
1741110987877,1021.04144
1741110987916,1021.03235
1741110987936,1021.0354
1741110987975,1021.02747
1741110988016,1021.0356
1741110988036,1021.0507
1741110988075,1021.06226
1741110988116,1021.0696
1741110988135,1021.07355
1741110988180,1021.061
1741110988216,1021.057
1741110988236,1021.0543
1741110988274,1021.0528
1741110988319,1021.0528
1741110988335,1021.05164
1741110988375,1021.058
1741110988416,1021.0641
1741110988435,1021.0503
1741110988477,1021.0303
1741110988520,1021.0181
1741110988536,1021.01794
1741110988575,1021.0376
1741110988615,1021.06006
1741110988635,1021.0827
1741110988681,1021.09106
1741110988716,1021.093
1741110988736,1021.08765
1741110988787,1021.07184
1741110988814,1021.06525
1741110988834,1021.0565
1741110988874,1021.04895
1741110988914,1021.0347
1741110988935,1021.03076
1741110988977,1021.03
1741110989016,1021.0222
1741110989035,1021.013
1741110989089,1021.00903
1741110989116,1021.012
1741110989136,1021.02234
1741110989174,1021.0231
1741110989216,1021.02295
1741110989235,1021.0166
1741110989275,1021.01465
1741110989314,1021.0119
1741110989334,1021.00696
1741110989378,1021.00433
1741110989415,1020.9887
1741110989435,1020.996
1741110989474,1020.99
1741110989516,1020.9965
1741110989535,1021.00806
1741110989575,1021.0138
1741110989615,1021.0299
1741110989634,1021.03485
1741110989675,1021.0283
1741110989717,1021.01807
1741110989737,1021.00586
1741110989775,1021.00616
1741110989820,1021.0008
1741110989833,1021.00256
1741110989875,1021.004
1741110989920,1021.00104
1741110989934,1020.9998
1741110989975,1020.991
1741110990018,1020.97986
1741110990034,1020.99915
1741110990076,1021.0098
1741110990118,1021.0147
1741110990137,1021.03
1741110990173,1021.04376
1741110990214,1021.04254
1741110990234,1021.0458
1741110990274,1021.0461
1741110990334,1021.04535
1741110990336,1021.0432
1741110990373,1021.0311
1741110990415,1021.022
1741110990435,1021.00354
1741110990473,1020.9961
1741110990513,1020.9981
1741110990540,1020.9884
1741110990575,1020.99066
1741110990614,1020.98566
1741110990633,1020.98505
1741110990673,1020.98206
1741110990714,1020.98865
1741110990734,1020.99695
1741110990774,1020.9984
1741110990814,1020.99786
1741110990841,1020.9972
1741110990882,1020.99695
1741110990914,1021.0068
1741110990935,1021.00415
1741110990973,1021.01245
1741110991014,1021.00854
1741110991034,1021.009
1741110991075,1021.00757
1741110991116,1021.0209
1741110991134,1021.0343
1741110991191,1021.0403
1741110991213,1021.04785
1741110991235,1021.0421
1741110991277,1021.03345
1741110991319,1021.0401
1741110991337,1021.0426
1741110991373,1021.0307
1741110991416,1021.03094
1741110991433,1021.03625
1741110991474,1021.0369
1741110991515,1021.0261
1741110991534,1021.0261
1741110991573,1021.0298
1741110991613,1021.0389
1741110991639,1021.0531
1741110991674,1021.067
1741110991713,1021.0735
1741110991734,1021.0677
1741110991774,1021.07465
1741110991815,1021.07666
1741110991833,1021.0738
1741110991872,1021.0773
1741110991915,1021.06573
1741110991938,1021.0734
1741110991972,1021.0641
1741110992015,1021.0508
1741110992036,1021.0409
1741110992076,1021.03186
1741110992114,1021.0317
1741110992136,1021.04407
1741110992176,1021.0393
1741110992215,1021.0372
1741110992239,1021.03577
1741110992272,1021.0406
1741110992314,1021.0444
1741110992333,1021.0254
1741110992375,1021.02875
1741110992414,1021.0189
1741110992432,1021.0212
1741110992473,1021.0305
1741110992513,1021.03375
1741110992536,1021.0424
1741110992575,1021.0387
1741110992614,1021.0397
1741110992639,1021.04645
1741110992673,1021.061
1741110992729,1021.0595
1741110992732,1021.05743
1741110992775,1021.04626
1741110992826,1021.03455
1741110992832,1021.03564
1741110992877,1021.041
1741110992913,1021.03534
1741110992932,1021.04016
1741110992972,1021.0458
1741110993013,1021.0578
1741110993034,1021.0499
1741110993072,1021.0477
1741110993115,1021.0309
1741110993134,1021.01697
1741110993174,1021.0244
1741110993213,1021.033
1741110993234,1021.03687
1741110993273,1021.0507
1741110993313,1021.0512
1741110993334,1021.06573
1741110993374,1021.0782
1741110993412,1021.08777
1741110993431,1021.07733
1741110993473,1021.0756
1741110993513,1021.0658
1741110993533,1021.0595
1741110993572,1021.05804
1741110993614,1021.05444
1741110993633,1021.0404
1741110993675,1021.03986
1741110993712,1021.0314
1741110993733,1021.02374
1741110993772,1021.0257
1741110993814,1021.0308
1741110993839,1021.0313
1741110993872,1021.01776
1741110993912,1021.01337
1741110993940,1021.02344
1741110993974,1021.02686
1741110994015,1021.01587
1741110994032,1020.99664
1741110994075,1020.987
1741110994112,1020.9959
1741110994133,1021.0119
1741110994173,1021.0162
1741110994213,1021.0159
1741110994245,1021.0023
1741110994271,1021.0071
1741110994312,1021.0137
1741110994332,1021.0191
1741110994371,1021.0165
1741110994411,1021.00946
1741110994451,1021.0095
1741110994471,1020.9955
1741110994513,1020.9803
1741110994535,1020.98395
1741110994572,1020.9907
1741110994614,1020.9805
1741110994634,1020.9857
1741110994672,1020.99426
1741110994712,1020.9934
1741110994733,1020.99866
1741110994771,1021.0001
1741110994813,1020.9885
1741110994838,1020.9721
1741110994871,1020.96497
1741110994915,1020.9617
1741110994934,1020.9746
1741110994979,1020.9772
1741110995014,1020.98035
1741110995036,1020.9979
1741110995072,1021.0155
1741110995112,1021.02356
1741110995133,1021.0156
1741110995176,1021.01776
1741110995211,1021.0128
1741110995231,1020.9999
1741110995276,1020.99414
1741110995312,1020.9845
1741110995335,1020.96356
1741110995371,1020.94995
1741110995412,1020.944
1741110995431,1020.9432
1741110995470,1020.9345
1741110995514,1020.93646
1741110995533,1020.94214
1741110995587,1020.9391
1741110995612,1020.9498
1741110995632,1020.9509
1741110995673,1020.9461
1741110995712,1020.95264
1741110995732,1020.94885
1741110995771,1020.93805
1741110995811,1020.9369
1741110995833,1020.9265
1741110995873,1020.9225
1741110995921,1020.91754
1741110995932,1020.9274
1741110995971,1020.9209
1741110996012,1020.91547
1741110996032,1020.92035
1741110996072,1020.92255
1741110996112,1020.9375
1741110996135,1020.9527
1741110996173,1020.95294
1741110996214,1020.9558
1741110996231,1020.95215
1741110996270,1020.9541
1741110996312,1020.9514
1741110996332,1020.9481
1741110996371,1020.9555
1741110996413,1020.9644
1741110996433,1020.96497
1741110996475,1020.9571
1741110996512,1020.94995
1741110996535,1020.9407
1741110996572,1020.9312
1741110996611,1020.9391
1741110996632,1020.9633
1741110996670,1020.9675
1741110996711,1020.97375
1741110996731,1020.97144
1741110996771,1020.9827
1741110996810,1020.9926
1741110996830,1020.9858
1741110996871,1020.98016
1741110996910,1020.97656
1741110996930,1020.97205
1741110996970,1020.9698
1741110997011,1020.9688
1741110997031,1020.96765
1741110997072,1020.9617
1741110997111,1020.95734
1741110997132,1020.9652
1741110997170,1020.97906
1741110997212,1020.9791
1741110997232,1020.99097
1741110997274,1020.98425
1741110997314,1020.9808
1741110997338,1020.9757
1741110997370,1020.98627
1741110997412,1020.984
1741110997430,1020.9896
1741110997471,1020.9911
1741110997514,1020.9922
1741110997534,1020.9891
1741110997570,1020.9936
1741110997612,1020.98505
1741110997631,1020.9746
1741110997669,1020.9928
1741110997710,1020.996
1741110997729,1020.99194
1741110997770,1020.99164
1741110997811,1020.99506
1741110997831,1020.9881
1741110997870,1020.99146
1741110997910,1020.98834
1741110997933,1020.97406
1741110997987,1020.9728
1741110998010,1020.9801
1741110998031,1020.9999
1741110998070,1021.0037
1741110998109,1020.9962
1741110998129,1020.9945
1741110998173,1020.9953
1741110998212,1021.01013
1741110998232,1021.02344
1741110998270,1021.0204
1741110998310,1021.00757
1741110998339,1020.997
1741110998369,1020.9951
1741110998411,1020.9833
1741110998436,1020.9911
1741110998475,1020.9857
1741110998511,1020.97906
1741110998541,1020.9789
1741110998570,1020.99384
1741110998612,1020.99603
1741110998629,1020.99756
1741110998673,1020.9928
1741110998713,1020.9946
1741110998730,1021.0047
1741110998771,1020.99756
1741110998810,1021.00366
1741110998829,1021.01917
1741110998870,1021.03125
1741110998911,1021.0387
1741110998930,1021.03186
1741110998970,1021.01
1741110999012,1020.99164
1741110999035,1020.977
1741110999072,1021.00494
1741110999109,1021.0047
1741110999132,1021.01715
1741110999171,1021.01715
1741110999220,1021.0089
1741110999229,1021.01227
1741110999271,1021.0036
1741110999312,1020.99756
1741110999329,1020.9943
1741110999371,1020.9915
1741110999412,1021.00824
1741110999430,1021.0388
1741110999474,1021.01434
1741110999510,1021.0146
1741110999532,1021.02313
1741110999570,1021.0444
1741110999612,1021.0543
1741110999648,1021.04333
1741110999669,1021.0438
1741110999713,1021.03375
1741110999732,1021.01843
1741110999770,1021.0084
1741110999810,1021.0047
1741110999831,1020.9944
1741110999869,1020.9817
1741110999911,1020.9863
1741110999930,1020.99725
1741110999969,1020.9992
1741111000010,1020.994
1741111000033,1020.994
1741111000073,1020.9862
1741111000111,1020.98883
1741111000130,1020.98254
1741111000170,1021.00085
1741111000208,1021.0186
1741111000229,1021.0025
1741111000269,1020.99585
1741111000312,1021.0006
1741111000330,1021.0067
1741111000371,1021.01306
1741111000408,1021.0124
1741111000430,1021.0081
1741111000470,1021.00244
1741111000512,1021.00934
1741111000536,1021.01294
1741111000571,1020.99963
1741111000611,1020.9924
1741111000633,1020.9889
1741111000670,1020.9822
1741111000708,1020.98364
1741111000729,1021.0164
1741111000769,1021.004
1741111000814,1020.9862
1741111000829,1020.99963
1741111000869,1021.03906
1741111000910,1021.05206
1741111000929,1021.0629
1741111000969,1021.0548
1741111001009,1021.0396
1741111001032,1021.0369
1741111001069,1021.02515
1741111001109,1021.0119
1741111001138,1020.996
1741111001168,1021.0024
1741111001210,1021.0004
1741111001230,1020.9898
1741111001277,1020.99756
1741111001307,1020.9928
1741111001328,1021.00476
1741111001369,1021.0068
1741111001410,1021.0078
1741111001430,1021.0018
1741111001468,1021.0218
1741111001511,1021.0169
1741111001528,1021.0093
1741111001570,1020.9826
1741111001608,1020.9821
1741111001628,1020.98096
1741111001671,1020.98804
1741111001708,1020.9911
1741111001727,1020.98975
1741111001770,1020.9849
1741111001812,1020.9888
1741111001832,1020.9978
1741111001870,1021.0121
1741111001908,1021.0188
1741111001930,1021.00195
1741111001973,1020.99176
1741111002007,1020.9783
1741111002046,1020.99023
1741111002068,1021.0281
1741111002107,1021.03467
1741111002147,1021.01294
1741111002166,1021.01416
1741111002206,1021.0329
1741111002248,1021.0493
1741111002269,1021.05396
1741111002308,1021.0565
1741111002349,1021.04926
1741111002369,1021.0397
1741111002407,1021.02924
1741111002448,1021.022
1741111002469,1021.0164
1741111002507,1021.02
1741111002549,1021.02185
1741111002568,1021.0095
1741111002609,1021.0111
1741111002647,1021.0189
1741111002670,1021.01263
1741111002711,1021.0148
1741111002746,1021.0156
1741111002766,1021.0133
1741111002806,1021.022
1741111002846,1021.0232
1741111002867,1021.0258
1741111002918,1021.03265
1741111002946,1021.03
1741111002971,1021.00854
1741111003008,1021.00024
1741111003048,1020.9967
1741111003068,1021.00543
1741111003109,1021.0138
1741111003148,1021.0131
1741111003168,1021.00146
1741111003211,1021.0041
1741111003260,1021.01056
1741111003268,1021.0113
1741111003309,1021.0123
1741111003334,1021.0071
1741111003366,1021.00433
1741111003413,1020.99
1741111003448,1020.981
1741111003467,1020.9928
1741111003510,1021.0199
1741111003548,1021.01685
1741111003568,1021.02563
1741111003610,1021.0329
1741111003646,1021.06476
1741111003667,1021.06696
1741111003713,1021.0497
1741111003746,1021.03687
1741111003767,1021.03174
1741111003809,1021.03455
1741111003848,1021.00934
1741111003867,1021.0011
1741111003909,1021.00287
1741111003948,1020.9984
1741111003970,1021.0061
1741111004007,1021.00946
1741111004049,1021.0117
1741111004066,1021.006
1741111004115,1021.00793
1741111004149,1021.01355
1741111004170,1021.0106
1741111004206,1021.0177
1741111004247,1021.02246
1741111004268,1021.01984
1741111004307,1021.0293
1741111004349,1021.0179
1741111004365,1020.9917
1741111004408,1020.9886
1741111004449,1020.9921
1741111004468,1020.99963
1741111004507,1020.99927
1741111004546,1021.00397
1741111004567,1020.9879
1741111004606,1020.99475
1741111004647,1021.0072
1741111004689,1021.00726
1741111004705,1021.0026
1741111004749,1020.98584
1741111004773,1020.99133
1741111004806,1021.0254
1741111004846,1021.0108
1741111004869,1020.9995
1741111004909,1021.0113
1741111004955,1021.0366
1741111004969,1021.04944
1741111005013,1021.0468
1741111005046,1021.03955
1741111005067,1021.0329
1741111005105,1021.015
1741111005148,1020.9896
1741111005167,1020.9857
1741111005212,1020.991
1741111005246,1020.9918
1741111005265,1020.9916
1741111005309,1020.9883
1741111005353,1020.9793
1741111005370,1020.9718
1741111005405,1020.9685
1741111005447,1020.984
1741111005469,1020.9901
1741111005509,1020.9796
1741111005545,1020.984
1741111005569,1020.99304
1741111005605,1020.99664
1741111005648,1020.98694
1741111005666,1020.9813
1741111005706,1020.9719
1741111005746,1020.97437
1741111005765,1020.99054
1741111005809,1020.9904
1741111005845,1020.9769
1741111005866,1020.98
1741111005905,1020.9847
1741111005948,1020.9988
1741111005970,1020.9863
1741111006006,1020.9825
1741111006045,1020.96533
1741111006066,1020.95496
1741111006109,1020.9591
1741111006145,1020.96136
1741111006165,1020.98706
1741111006211,1020.98505
1741111006245,1020.97345
1741111006289,1020.989
1741111006304,1020.9996
1741111006344,1020.9979
1741111006368,1020.9935
1741111006409,1020.9794
1741111006449,1020.9721
1741111006464,1020.9637
1741111006508,1020.9608
1741111006548,1020.9535
1741111006570,1020.9441
1741111006606,1020.9436
1741111006648,1020.9445
1741111006671,1020.94366
1741111006706,1020.9419
1741111006746,1020.94995
1741111006765,1020.96027
1741111006813,1020.9595
1741111006845,1020.96185
1741111006864,1020.9591
1741111006905,1020.9526
1741111006954,1020.9522
1741111006976,1020.96155
1741111007004,1020.9541
1741111007046,1020.93066
1741111007066,1020.92017
1741111007106,1020.92804
1741111007145,1020.9387
1741111007167,1020.9478
1741111007209,1020.9536
1741111007245,1020.95624
1741111007271,1020.9513
1741111007304,1020.9515
1741111007345,1020.94995
1741111007365,1020.94977
1741111007421,1020.9317
1741111007444,1020.93286
1741111007464,1020.92316
1741111007504,1020.91
1741111007548,1020.9335
1741111007564,1020.937
1741111007603,1020.9415
1741111007645,1020.94934
1741111007670,1020.9818
1741111007706,1020.99036
1741111007746,1020.9898
1741111007764,1020.96094
1741111007806,1020.95605
1741111007845,1020.9513
1741111007866,1020.93744
1741111007917,1020.9326
1741111007944,1020.93176
1741111007973,1020.93445
1741111008008,1020.9348
1741111008045,1020.93134
1741111008066,1020.94116
1741111008104,1020.9316
1741111008143,1020.9282
1741111008164,1020.92633
1741111008205,1020.93054
1741111008245,1020.93445
1741111008264,1020.9401
1741111008309,1020.94556
1741111008345,1020.9459
1741111008366,1020.95013
1741111008404,1020.91327
1741111008445,1020.90436
1741111008466,1020.9053
1741111008504,1020.9164
1741111008544,1020.9297
1741111008566,1020.93304
1741111008609,1020.9254
1741111008645,1020.9186
1741111008664,1020.92834
1741111008703,1020.93054
1741111008743,1020.9347
1741111008769,1020.9333
1741111008804,1020.9176
1741111008845,1020.90094
1741111008865,1020.9037
1741111008906,1020.9279
1741111008944,1020.92377
1741111008965,1020.935
1741111009008,1020.9596
1741111009044,1020.9581
1741111009070,1020.95734
1741111009106,1020.9509
1741111009143,1020.94977
1741111009164,1020.9431
1741111009203,1020.93585
1741111009253,1020.9183
1741111009266,1020.90936
1741111009306,1020.9055
1741111009343,1020.9121
1741111009364,1020.92194
1741111009404,1020.91797
1741111009442,1020.90796
1741111009465,1020.9148
1741111009504,1020.93396
1741111009545,1020.9359
1741111009566,1020.93066
1741111009609,1020.9289
1741111009644,1020.9239
1741111009669,1020.9363
1741111009704,1020.92444
1741111009749,1020.92004
1741111009764,1020.92365
1741111009809,1020.91943
1741111009843,1020.9192
1741111009863,1020.91406
1741111009904,1020.9154
1741111009942,1020.90784
1741111009964,1020.9142
1741111010003,1020.9101
1741111010044,1020.9049
1741111010065,1020.9059
1741111010104,1020.9037
1741111010145,1020.90656
1741111010166,1020.9009
1741111010203,1020.9171
1741111010243,1020.92676
1741111010263,1020.92426
1741111010304,1020.9464
1741111010355,1020.96564
1741111010364,1020.95935
1741111010403,1020.9583
1741111010443,1020.9469
1741111010464,1020.9394
1741111010504,1020.93207
1741111010543,1020.9217
1741111010562,1020.9134
1741111010609,1020.914
1741111010642,1020.9088
1741111010664,1020.9083
1741111010702,1020.9009
1741111010749,1020.897
1741111010762,1020.8976
1741111010811,1020.89465
1741111010843,1020.895
1741111010866,1020.90094
1741111010905,1020.9079
1741111010952,1020.91693
1741111010963,1020.92194
1741111011002,1020.9241
1741111011044,1020.9297
1741111011063,1020.92255
1741111011104,1020.9149
1741111011145,1020.9063
1741111011165,1020.9026
1741111011212,1020.9003
1741111011243,1020.9051
1741111011265,1020.90497
1741111011304,1020.8999
1741111011347,1020.89734
1741111011368,1020.911
1741111011403,1020.8894
1741111011443,1020.87524
1741111011463,1020.8769
1741111011502,1020.90295
1741111011543,1020.91
1741111011561,1020.91626
1741111011604,1020.9353
1741111011645,1020.93005
1741111011662,1020.908
1741111011702,1020.91565
1741111011742,1020.9282
1741111011764,1020.9144
1741111011802,1020.89746
1741111011844,1020.8915
1741111011864,1020.8964
1741111011908,1020.8825
1741111011943,1020.90234
1741111011962,1020.899
1741111012006,1020.8999
1741111012048,1020.9147
1741111012061,1020.9178
1741111012101,1020.9165
1741111012141,1020.9602
1741111012164,1021.0107
1741111012203,1020.984
1741111012242,1020.9634
1741111012261,1020.9402
1741111012302,1020.91675
1741111012342,1020.9065
1741111012362,1020.89307
1741111012401,1020.8889
1741111012442,1020.8729
1741111012464,1020.87305
1741111012508,1020.8588
1741111012546,1020.8577
1741111012561,1020.8738
1741111012603,1020.83167
1741111012643,1020.8965
1741111012661,1020.9264
1741111012701,1020.89233
1741111012750,1020.8729
1741111012772,1020.86694
1741111012802,1020.85974
1741111012841,1020.8613
1741111012873,1020.84094
1741111012901,1020.8353
1741111012942,1020.84863
1741111012989,1020.86896
1741111013001,1020.8788
1741111013042,1020.8902
1741111013065,1020.8873
1741111013107,1020.88885
1741111013143,1020.89453
1741111013163,1020.88696
1741111013209,1020.8838
1741111013245,1020.88525
1741111013265,1020.8802
1741111013301,1020.88635
1741111013360,1020.8804
1741111013362,1020.87726
1741111013406,1020.8716
1741111013441,1020.8697
1741111013465,1020.8729
1741111013501,1020.88696
1741111013543,1020.88403
1741111013574,1020.88257
1741111013601,1020.88904
1741111013643,1020.8844
1741111013662,1020.8826
1741111013700,1020.8867
1741111013751,1020.8813
1741111013773,1020.88794
1741111013807,1020.895
1741111013842,1020.8948
1741111013860,1020.8934
1741111013900,1020.89307
1741111013940,1020.8973
1741111013961,1020.9029
1741111014000,1020.9001
1741111014039,1020.9075
1741111014059,1020.9144
1741111014102,1020.9145
1741111014139,1020.9417
1741111014159,1020.9465
1741111014199,1020.9588
1741111014239,1020.9533
1741111014260,1020.9458
1741111014300,1020.9351
1741111014339,1020.9205
1741111014359,1020.92114
1741111014399,1020.922
1741111014439,1020.93066
1741111014459,1020.9268
1741111014500,1020.9409
1741111014539,1020.93616
1741111014559,1020.9331
1741111014601,1020.93524
1741111014640,1020.93774
1741111014659,1020.9453
1741111014718,1020.9463
1741111014740,1020.9431
1741111014759,1020.9448
1741111014826,1020.94946
1741111014839,1020.94727
1741111014859,1020.9473
1741111014899,1020.9454
1741111014940,1020.95526
1741111014959,1020.95416
1741111015001,1020.95264
1741111015039,1020.953
1741111015059,1020.9563
1741111015100,1020.95087
1741111015140,1020.94867
1741111015159,1020.95245
1741111015199,1020.9533
1741111015239,1020.95593
1741111015259,1020.9581
1741111015300,1020.955
1741111015339,1020.96045
1741111015359,1020.9629
1741111015400,1020.958
1741111015438,1020.962
1741111015459,1020.9708
1741111015499,1020.9807
