1741109527130,1021.9568
1741109527131,1022.08746
1741109527132,1022.1492
1741109527154,1022.1935
1741109527178,1022.1824
1741109527232,1022.18677
1741109527271,1022.17456
1741109527277,1022.1828
1741109527317,1022.2133
1741109527357,1022.1858
1741109527378,1022.1888
1741109527417,1022.1886
1741109527457,1022.187
1741109527478,1022.1936
1741109527517,1022.1963
1741109527558,1022.1977
1741109527576,1022.19104
1741109527616,1022.2012
1741109527656,1022.2054
1741109527676,1022.2112
1741109527721,1022.2108
1741109527756,1022.2032
1741109527776,1022.21075
1741109527819,1022.21
1741109527857,1022.2209
1741109527877,1022.22046
1741109527918,1022.22815
1741109527957,1022.2179
1741109527977,1022.2111
1741109528019,1022.2166
1741109528057,1022.2241
1741109528079,1022.2194
1741109528118,1022.21826
1741109528159,1022.23004
1741109528178,1022.23395
1741109528219,1022.23114
1741109528259,1022.22455
1741109528277,1022.234
1741109528318,1022.23346
1741109528358,1022.22473
1741109528378,1022.2211
1741109528419,1022.2208
1741109528456,1022.2228
1741109528477,1022.22925
1741109528519,1022.22363
1741109528559,1022.2125
1741109528578,1022.2174
1741109528618,1022.21497
1741109528658,1022.2152
1741109528678,1022.2188
1741109528717,1022.2224
1741109528758,1022.2163
1741109528777,1022.2179
1741109528816,1022.2157
1741109528858,1022.2152
1741109528878,1022.2133
1741109528917,1022.21594
1741109528958,1022.2146
1741109528977,1022.22174
1741109529017,1022.2277
1741109529057,1022.2307
1741109529077,1022.22925
1741109529117,1022.2274
1741109529176,1022.2342
1741109529179,1022.2353
1741109529217,1022.2273
1741109529257,1022.2179
1741109529278,1022.2191
1741109529316,1022.2166
1741109529357,1022.2055
1741109529375,1022.20245
1741109529420,1022.19073
1741109529457,1022.18396
1741109529477,1022.1793
1741109529516,1022.1774
1741109529555,1022.16785
1741109529575,1022.16296
1741109529617,1022.1582
1741109529655,1022.1603
1741109529679,1022.1645
1741109529718,1022.16724
1741109529757,1022.16595
1741109529778,1022.17664
1741109529816,1022.18115
1741109529855,1022.1925
1741109529876,1022.1997
1741109529917,1022.21405
1741109529957,1022.214
1741109529976,1022.21265
1741109530017,1022.2006
1741109530062,1022.19806
1741109530076,1022.1721
1741109530117,1022.187
1741109530156,1022.20654
1741109530180,1022.23206
1741109530217,1022.2512
1741109530257,1022.2373
1741109530277,1022.27203
1741109530316,1022.2778
1741109530356,1022.26434
1741109530383,1022.2576
1741109530416,1022.2498
1741109530457,1022.2502
1741109530476,1022.2517
1741109530517,1022.2522
1741109530556,1022.2544
1741109530575,1022.25946
1741109530615,1022.2553
1741109530656,1022.2544
1741109530676,1022.2495
1741109530717,1022.2524
1741109530757,1022.2499
1741109530776,1022.265
1741109530815,1022.27057
1741109530855,1022.2752
1741109530875,1022.2782
1741109530917,1022.27795
1741109530958,1022.28015
1741109530977,1022.2725
1741109531016,1022.26917
1741109531058,1022.26575
1741109531076,1022.27277
1741109531116,1022.27686
1741109531157,1022.2852
1741109531177,1022.2861
1741109531217,1022.2835
1741109531258,1022.28174
1741109531277,1022.2784
1741109531315,1022.2813
1741109531355,1022.2751
1741109531375,1022.2724
1741109531416,1022.27637
1741109531456,1022.2705
1741109531477,1022.2715
1741109531517,1022.2764
1741109531558,1022.2787
1741109531578,1022.27386
1741109531617,1022.27734
1741109531655,1022.27936
1741109531676,1022.2827
1741109531717,1022.2881
1741109531757,1022.2838
1741109531776,1022.2807
1741109531814,1022.274
1741109531856,1022.2827
1741109531875,1022.2936
1741109531916,1022.2919
1741109531956,1022.28436
1741109531975,1022.2825
1741109532014,1022.2833
1741109532056,1022.29114
1741109532074,1022.28937
1741109532115,1022.2845
1741109532157,1022.28534
1741109532175,1022.28094
1741109532215,1022.2748
1741109532255,1022.2743
1741109532277,1022.28186
1741109532320,1022.28516
1741109532355,1022.2797
1741109532376,1022.27277
1741109532416,1022.2739
1741109532458,1022.2741
1741109532475,1022.2738
1741109532514,1022.27014
1741109532555,1022.2677
1741109532574,1022.27356
1741109532614,1022.2789
1741109532655,1022.28516
1741109532675,1022.2847
1741109532715,1022.2746
1741109532757,1022.27386
1741109532778,1022.2733
1741109532814,1022.27386
1741109532854,1022.276
1741109532874,1022.2823
1741109532914,1022.29517
1741109532954,1022.28467
1741109532975,1022.27686
1741109533015,1022.2647
1741109533054,1022.2629
1741109533075,1022.2593
1741109533114,1022.2582
1741109533156,1022.2609
1741109533174,1022.2689
1741109533216,1022.26526
1741109533255,1022.26514
1741109533275,1022.26
1741109533316,1022.25793
1741109533355,1022.2667
1741109533376,1022.2651
1741109533414,1022.26746
1741109533454,1022.2637
1741109533475,1022.2597
1741109533514,1022.26166
1741109533555,1022.2653
1741109533576,1022.2628
1741109533615,1022.27264
1741109533662,1022.2698
1741109533676,1022.2655
1741109533714,1022.26227
1741109533755,1022.2606
1741109533778,1022.2699
1741109533813,1022.26404
1741109533853,1022.2577
1741109533874,1022.2609
1741109533917,1022.2669
1741109533954,1022.26184
1741109533974,1022.2666
1741109534014,1022.26117
1741109534054,1022.2626
1741109534076,1022.272
1741109534114,1022.2724
1741109534153,1022.2632
1741109534176,1022.26794
1741109534214,1022.2656
1741109534253,1022.25964
1741109534274,1022.2525
1741109534318,1022.25397
1741109534353,1022.25964
1741109534375,1022.2627
1741109534414,1022.26263
1741109534453,1022.25555
1741109534475,1022.25757
1741109534515,1022.2611
1741109534554,1022.2577
1741109534575,1022.2557
1741109534614,1022.26355
1741109534656,1022.26587
1741109534675,1022.257
1741109534713,1022.2565
1741109534754,1022.2545
1741109534774,1022.2548
1741109534813,1022.2419
1741109534853,1022.244
1741109534873,1022.24756
1741109534914,1022.25354
1741109534954,1022.2494
1741109534975,1022.2479
1741109535014,1022.2469
1741109535053,1022.25006
1741109535073,1022.2586
1741109535113,1022.25946
1741109535153,1022.25415
1741109535174,1022.244
1741109535214,1022.2404
1741109535253,1022.24347
1741109535276,1022.25586
1741109535319,1022.25574
1741109535352,1022.24805
1741109535374,1022.24225
1741109535416,1022.2495
1741109535453,1022.2531
1741109535474,1022.2459
1741109535514,1022.24243
1741109535553,1022.233
1741109535573,1022.2367
1741109535613,1022.23737
1741109535653,1022.2376
1741109535674,1022.2279
1741109535713,1022.21936
1741109535753,1022.22253
1741109535774,1022.2262
1741109535816,1022.2263
1741109535852,1022.22046
1741109535873,1022.2104
1741109535915,1022.2072
1741109535952,1022.2091
1741109535973,1022.2124
1741109536013,1022.2047
1741109536053,1022.2028
1741109536073,1022.2026
1741109536114,1022.2073
1741109536153,1022.2067
1741109536176,1022.2058
1741109536213,1022.20953
1741109536253,1022.2111
1741109536273,1022.21277
1741109536314,1022.2117
1741109536352,1022.21106
1741109536372,1022.2093
1741109536414,1022.2008
1741109536454,1022.1991
1741109536474,1022.18854
1741109536514,1022.1912
1741109536553,1022.1921
1741109536573,1022.18915
1741109536614,1022.1829
1741109536652,1022.1771
1741109536672,1022.18616
1741109536713,1022.1798
1741109536752,1022.175
1741109536772,1022.1766
1741109536815,1022.1741
1741109536852,1022.1754
1741109536873,1022.1725
1741109536913,1022.16656
1741109536952,1022.1665
1741109536972,1022.15826
1741109537012,1022.15173
1741109537054,1022.1528
1741109537075,1022.14844
1741109537114,1022.1431
1741109537152,1022.13684
1741109537173,1022.1354
1741109537213,1022.1294
1741109537253,1022.13306
1741109537273,1022.1292
1741109537314,1022.1291
1741109537351,1022.1216
1741109537372,1022.1205
1741109537414,1022.1212
1741109537453,1022.11554
1741109537472,1022.1186
1741109537512,1022.1133
1741109537552,1022.1124
1741109537572,1022.1025
1741109537612,1022.10583
1741109537652,1022.10046
1741109537672,1022.10046
1741109537712,1022.10376
1741109537753,1022.10345
1741109537773,1022.0989
1741109537816,1022.0945
1741109537851,1022.0961
1741109537871,1022.0947
1741109537912,1022.0991
1741109537951,1022.08856
1741109537972,1022.0937
1741109538013,1022.0974
1741109538052,1022.08575
1741109538072,1022.09143
1741109538112,1022.0969
1741109538152,1022.08813
1741109538172,1022.089
1741109538212,1022.0807
1741109538251,1022.07605
1741109538271,1022.073
1741109538316,1022.0801
1741109538351,1022.07294
1741109538371,1022.0697
1741109538411,1022.0659
1741109538452,1022.0644
1741109538471,1022.0658
1741109538512,1022.0659
1741109538554,1022.05804
1741109538573,1022.0522
1741109538613,1022.0508
1741109538654,1022.0467
1741109538674,1022.0538
1741109538711,1022.0509
1741109538752,1022.054
1741109538771,1022.049
1741109538812,1022.0442
1741109538852,1022.0422
1741109538871,1022.0361
1741109538911,1022.0369
1741109538951,1022.0353
1741109538973,1022.03296
1741109539011,1022.0383
1741109539052,1022.0282
1741109539071,1022.02374
1741109539114,1022.02344
1741109539153,1022.02466
1741109539172,1022.03125
1741109539212,1022.02747
1741109539253,1022.0358
1741109539272,1022.02686
1741109539313,1022.02673
1741109539351,1022.028
1741109539370,1022.02496
1741109539410,1022.0187
1741109539451,1022.0188
1741109539472,1022.014
1741109539511,1022.0128
1741109539554,1022.0214
1741109539571,1022.0144
1741109539611,1022.01294
1741109539652,1022.0203
1741109539671,1022.0145
1741109539711,1022.01965
1741109539754,1022.01984
1741109539775,1022.0165
1741109539811,1022.0143
1741109539851,1022.0137
1741109539871,1022.0143
1741109539914,1022.0091
1741109539953,1022.003
1741109539971,1021.9933
1741109540010,1021.9967
1741109540051,1022.0048
1741109540071,1022.01337
1741109540112,1022.0028
1741109540152,1022.00323
1741109540172,1022.01025
1741109540212,1022.021
1741109540251,1022.02026
1741109540272,1022.0152
1741109540311,1022.0115
1741109540351,1022.01385
1741109540370,1022.0172
1741109540411,1022.0114
1741109540452,1022.0145
1741109540471,1022.00555
1741109540511,1022.00616
1741109540551,1022.0095
1741109540572,1022.01807
1741109540611,1022.01495
1741109540652,1022.019
1741109540671,1022.0138
1741109540711,1022.01044
1741109540751,1022.0213
1741109540772,1022.0191
1741109540812,1022.0072
1741109540850,1022.0117
1741109540870,1022.00793
1741109540910,1022.0062
1741109540950,1022.0032
1741109540970,1022.00995
1741109541011,1022.0106
1741109541052,1022.00165
1741109541072,1021.99963
1741109541110,1022.0123
1741109541152,1022.01935
1741109541171,1022.02734
1741109541212,1022.0319
1741109541254,1022.0235
1741109541271,1022.0138
1741109541311,1022.01245
1741109541350,1022.01044
1741109541370,1022.0119
1741109541411,1022.0096
1741109541450,1022.0171
1741109541470,1022.013
1741109541511,1022.0166
1741109541550,1022.01556
1741109541570,1022.0227
1741109541611,1022.02313
1741109541650,1022.0164
1741109541670,1022.022
1741109541711,1022.01373
1741109541750,1022.0138
1741109541771,1022.0143
1741109541812,1022.01697
1741109541851,1022.0101
1741109541869,1022.00183
1741109541910,1022.00525
1741109541950,1022.0005
1741109541970,1021.99963
1741109542013,1021.99994
1741109542051,1021.9973
1741109542070,1021.9925
1741109542109,1021.99414
1741109542151,1021.98926
1741109542171,1021.9985
1741109542211,1022.0
1741109542250,1022.0055
1741109542270,1022.01215
1741109542309,1022.001
1741109542349,1022.0001
1741109542370,1022.0056
1741109542409,1022.0016
1741109542449,1021.9992
1741109542470,1022.00464
1741109542511,1022.00085
1741109542550,1021.99854
1741109542571,1021.9962
1741109542611,1021.98816
1741109542650,1021.99036
1741109542670,1021.9935
1741109542710,1021.9959
1741109542750,1021.995
1741109542770,1022.0054
1741109542810,1022.0062
1741109542849,1021.9937
1741109542869,1022.0011
1741109542909,1021.9989
1741109542949,1021.99756
1741109542971,1022.00415
1741109543015,1021.99316
1741109543050,1021.98914
1741109543070,1021.9949
1741109543112,1021.9924
1741109543151,1021.9877
1741109543169,1021.99335
1741109543210,1021.9937
1741109543248,1021.9968
1741109543269,1021.9922
1741109543310,1021.99316
1741109543348,1022.003
1741109543369,1021.99133
1741109543412,1021.9941
1741109543449,1021.9963
1741109543471,1021.99304
1741109543510,1021.99097
1741109543551,1021.9967
1741109543570,1021.9983
1741109543611,1021.9951
1741109543649,1022.00073
1741109543670,1021.99854
1741109543709,1022.0044
1741109543750,1022.0017
1741109543770,1022.0019
1741109543812,1021.99744
1741109543849,1022.0015
1741109543868,1021.998
1741109543909,1021.99664
1741109543951,1022.00024
1741109543970,1022.0028
1741109544012,1022.0032
1741109544049,1022.0014
1741109544071,1022.00214
1741109544109,1022.0009
1741109544150,1022.0033
1741109544169,1022.00226
1741109544209,1022.0039
1741109544250,1022.0055
1741109544269,1022.00934
1741109544310,1022.0136
1741109544353,1022.0097
1741109544368,1022.00336
1741109544409,1022.00525
1741109544451,1022.00946
1741109544469,1022.0135
1741109544511,1022.02264
1741109544551,1022.0212
1741109544569,1022.02124
1741109544610,1022.02264
1741109544649,1022.022
1741109544669,1022.0158
1741109544709,1022.00964
1741109544750,1022.01953
1741109544770,1022.0209
1741109544808,1022.02576
1741109544848,1022.0358
1741109544869,1022.03406
1741109544908,1022.0378
1741109544950,1022.0405
1741109544971,1022.0371
1741109545009,1022.03687
1741109545050,1022.0356
1741109545069,1022.03357
1741109545109,1022.04834
1741109545149,1022.05164
1741109545169,1022.058
1741109545208,1022.05493
1741109545249,1022.05023
1741109545268,1022.0605
1741109545310,1022.068
1741109545349,1022.06323
1741109545367,1022.0659
1741109545408,1022.0644
1741109545454,1022.0665
1741109545470,1022.0618
1741109545509,1022.0584
1741109545548,1022.0613
1741109545568,1022.0705
1741109545607,1022.0749
1741109545650,1022.07196
1741109545668,1022.0664
1741109545709,1022.07275
1741109545749,1022.0658
1741109545769,1022.0674
1741109545813,1022.07227
1741109545849,1022.05896
1741109545867,1022.062
1741109545907,1022.0645
1741109545948,1022.05756
1741109545969,1022.0565
1741109546008,1022.05634
1741109546049,1022.0536
1741109546068,1022.051
1741109546107,1022.0426
1741109546149,1022.0524
1741109546169,1022.05304
1741109546210,1022.051
1741109546248,1022.0547
1741109546269,1022.0598
1741109546309,1022.06006
1741109546349,1022.05884
1741109546367,1022.05396
1741109546408,1022.0541
1741109546450,1022.0524
1741109546468,1022.0521
1741109546508,1022.05334
1741109546549,1022.051
1741109546567,1022.04004
1741109546609,1022.05096
1741109546648,1022.04663
1741109546668,1022.048
1741109546708,1022.0559
1741109546750,1022.0555
1741109546768,1022.0613
1741109546810,1022.0576
1741109546849,1022.0607
1741109546870,1022.0576
1741109546906,1022.0617
1741109546949,1022.06195
1741109546969,1022.0572
1741109547008,1022.06177
1741109547048,1022.06067
1741109547067,1022.05054
1741109547107,1022.04755
1741109547147,1022.05133
1741109547168,1022.0534
1741109547207,1022.0548
1741109547249,1022.0569
1741109547266,1022.04834
1741109547307,1022.04724
1741109547348,1022.0552
1741109547367,1022.0581
1741109547406,1022.05835
1741109547446,1022.05786
1741109547469,1022.0614
1741109547507,1022.0596
1741109547548,1022.0565
1741109547566,1022.0578
1741109547607,1022.05725
1741109547646,1022.0581
1741109547667,1022.0615
1741109547708,1022.0632
1741109547749,1022.06305
1741109547767,1022.05334
1741109547809,1022.0535
1741109547848,1022.0574
1741109547866,1022.0593
1741109547906,1022.05786
1741109547946,1022.0661
1741109547969,1022.0659
1741109548007,1022.0655
1741109548047,1022.06226
1741109548069,1022.0693
1741109548108,1022.0613
1741109548148,1022.0584
1741109548169,1022.055
1741109548206,1022.05054
1741109548247,1022.0432
1741109548266,1022.0447
1741109548306,1022.0504
1741109548349,1022.05615
1741109548369,1022.05884
1741109548406,1022.05426
1741109548450,1022.06055
1741109548472,1022.0586
1741109548506,1022.0581
1741109548546,1022.05115
1741109548567,1022.0525
1741109548607,1022.054
1741109548650,1022.06177
1741109548666,1022.0637
1741109548708,1022.05853
1741109548747,1022.05475
1741109548768,1022.05396
1741109548806,1022.05426
1741109548851,1022.05664
1741109548885,1022.0615
1741109548905,1022.0567
1741109548945,1022.0614
1741109548967,1022.0637
1741109549007,1022.06757
1741109549045,1022.0618
1741109549088,1022.063
1741109549106,1022.0789
1741109549146,1022.07764
1741109549187,1022.0664
1741109549207,1022.0656
1741109549246,1022.0744
1741109549288,1022.07544
1741109549307,1022.0729
1741109549347,1022.0736
1741109549385,1022.06665
1741109549405,1022.0648
1741109549446,1022.07153
1741109549488,1022.0714
1741109549505,1022.07446
1741109549546,1022.07574
1741109549586,1022.0753
1741109549607,1022.0674
1741109549646,1022.0642
1741109549686,1022.0685
1741109549706,1022.0788
1741109549749,1022.0769
1741109549784,1022.0664
1741109549806,1022.0636
1741109549846,1022.0716
1741109549885,1022.0769
1741109549905,1022.07117
1741109549945,1022.078
1741109549985,1022.07184
1741109550005,1022.0607
1741109550047,1022.0554
1741109550085,1022.05206
1741109550105,1022.05347
1741109550145,1022.0568
1741109550186,1022.0624
1741109550206,1022.0573
1741109550246,1022.0563
1741109550286,1022.0582
1741109550305,1022.0681
1741109550347,1022.0694
1741109550386,1022.06915
1741109550404,1022.07196
1741109550445,1022.0729
1741109550488,1022.06604
1741109550505,1022.06757
1741109550545,1022.06213
1741109550587,1022.0679
1741109550606,1022.0596
1741109550645,1022.0558
1741109550686,1022.04926
1741109550706,1022.04553
1741109550748,1022.0397
1741109550785,1022.0321
1741109550806,1022.01483
1741109550845,1022.01404
1741109550885,1022.02026
1741109550904,1022.01807
1741109550944,1022.0083
1741109550985,1021.9999
1741109551004,1022.0029
1741109551044,1021.9962
1741109551084,1021.99677
1741109551104,1021.9911
1741109551146,1021.99426
1741109551186,1022.0
1741109551207,1021.9988
1741109551246,1021.99304
1741109551286,1022.0008
1741109551304,1021.9995
1741109551348,1022.00214
1741109551385,1022.00793
1741109551404,1022.0012
1741109551444,1022.00696
1741109551491,1022.00867
1741109551504,1022.01086
1741109551544,1022.00256
1741109551585,1021.996
1741109551608,1022.0001
1741109551644,1021.9936
1741109551684,1021.9948
1741109551708,1021.9957
1741109551745,1021.9959
1741109551785,1022.0033
1741109551804,1022.00195
1741109551845,1022.00793
1741109551884,1022.0004
1741109551904,1022.0031
1741109551945,1021.9969
1741109551988,1021.9984
1741109552008,1022.00385
1741109552046,1022.007
1741109552087,1022.01013
1741109552105,1022.0023
1741109552144,1022.0024
1741109552186,1021.99976
1741109552204,1022.00146
1741109552245,1021.9978
1741109552285,1022.0062
1741109552316,1022.0102
1741109552344,1022.0028
1741109552384,1022.0079
1741109552403,1022.00574
1741109552444,1022.00195
1741109552484,1021.99646
1741109552505,1022.0055
1741109552546,1022.0003
1741109552584,1022.0011
1741109552605,1021.9978
1741109552645,1021.98706
1741109552684,1021.9863
1741109552704,1021.9864
1741109552744,1021.99
1741109552786,1021.99115
1741109552804,1021.99805
1741109552844,1021.9971
1741109552884,1021.999
1741109552903,1022.0031
1741109552943,1022.0028
1741109552984,1022.00183
1741109553003,1022.00793
1741109553044,1022.0062
1741109553090,1022.0061
1741109553105,1021.999
1741109553145,1021.997
1741109553183,1021.99854
1741109553203,1022.00366
1741109553244,1021.9945
1741109553284,1022.00433
1741109553303,1022.0111
1741109553344,1021.9952
1741109553389,1021.99414
1741109553403,1021.9911
1741109553444,1021.9979
1741109553484,1021.99786
1741109553503,1021.9935
1741109553543,1021.9987
1741109553586,1021.9979
1741109553605,1021.99176
1741109553645,1021.99207
1741109553683,1021.994
1741109553706,1021.9994
1741109553745,1022.0061
1741109553784,1022.0058
1741109553803,1022.0019
1741109553848,1021.9963
1741109553882,1022.00037
1741109553902,1022.0067
1741109553943,1022.00775
1741109553985,1022.00073
1741109554004,1022.00195
1741109554043,1022.00653
1741109554085,1022.01166
1741109554103,1022.01135
1741109554143,1022.0122
1741109554184,1022.01154
1741109554204,1022.01117
1741109554243,1022.0044
1741109554288,1022.0096
1741109554303,1022.0151
1741109554345,1022.0143
1741109554384,1022.01685
1741109554403,1022.01166
1741109554442,1022.0151
1741109554485,1022.0148
1741109554502,1022.0006
1741109554543,1022.0023
1741109554583,1021.99927
1741109554604,1021.9953
1741109554643,1022.0054
1741109554683,1022.0066
1741109554703,1022.00824
1741109554742,1021.9942
1741109554782,1021.9905
1741109554802,1021.99414
1741109554843,1021.9978
1741109554883,1021.9994
1741109554903,1022.0083
1741109554942,1022.00397
1741109554985,1022.00037
1741109555003,1022.0031
1741109555044,1022.0056
1741109555082,1022.0073
1741109555103,1022.00574
1741109555143,1022.00323
1741109555184,1021.9995
1741109555202,1021.9957
1741109555243,1022.0005
1741109555282,1021.99054
1741109555304,1021.9925
1741109555345,1021.9982
1741109555382,1022.0042
1741109555404,1022.0061
1741109555442,1022.0126
1741109555483,1022.00824
1741109555505,1022.0071
1741109555546,1022.00726
1741109555582,1022.0067
1741109555605,1022.0133
1741109555644,1022.0063
1741109555683,1021.999
1741109555704,1021.9967
1741109555747,1021.9966
1741109555785,1021.99725
1741109555802,1021.9936
1741109555842,1021.99475
1741109555884,1022.0047
1741109555901,1022.0069
1741109555941,1022.0054
1741109555982,1022.00757
1741109556002,1022.01135
1741109556042,1022.0078
1741109556086,1022.0056
1741109556102,1022.0104
1741109556142,1022.01746
1741109556183,1022.0136
1741109556203,1022.0176
1741109556243,1022.012
1741109556281,1022.0079
1741109556302,1022.00903
1741109556343,1022.0133
1741109556381,1022.006
1741109556402,1022.0006
1741109556442,1022.0048
1741109556485,1022.0079
1741109556504,1022.0064
1741109556542,1022.00226
1741109556584,1022.0104
1741109556604,1022.00586
1741109556642,1021.99634
1741109556683,1022.00507
1741109556703,1021.99854
1741109556743,1021.996
1741109556782,1021.9979
1741109556802,1022.00604
1741109556843,1022.0138
1741109556881,1022.0283
1741109556900,1022.01624
1741109556941,1022.01404
1741109556983,1022.0102
1741109557006,1022.0094
1741109557042,1022.0062
1741109557084,1022.0027
1741109557101,1022.0117
1741109557141,1022.00653
1741109557182,1022.0105
1741109557203,1022.00946
1741109557242,1022.0048
1741109557281,1022.00287
1741109557301,1021.99915
1741109557341,1022.0005
1741109557382,1021.9969
1741109557403,1021.9989
1741109557440,1022.0162
1741109557484,1022.0242
1741109557501,1022.0193
1741109557541,1022.0207
1741109557583,1022.02124
1741109557601,1022.0186
1741109557642,1022.0095
1741109557683,1022.00586
1741109557702,1022.0097
1741109557741,1022.01715
1741109557781,1022.01587
1741109557801,1022.02106
1741109557849,1022.01404
1741109557883,1022.01086
1741109557902,1022.0093
1741109557941,1022.00665
1741109557982,1022.0047
1741109558003,1022.0111
1741109558041,1022.0061
1741109558081,1022.0098
1741109558101,1022.0018
1741109558141,1022.00806
1741109558182,1022.01746
1741109558203,1022.0124
1741109558242,1022.0092
1741109558281,1022.0221
1741109558301,1022.0169
1741109558346,1022.0171
1741109558380,1022.0173
1741109558399,1022.0217
1741109558440,1022.0176
1741109558482,1022.0158
1741109558501,1022.01886
1741109558542,1022.0163
1741109558582,1022.0177
1741109558602,1022.01263
1741109558646,1022.0054
1741109558682,1022.0025
1741109558702,1022.0071
1741109558741,1022.0028
1741109558781,1022.00385
1741109558801,1022.01514
1741109558842,1022.01965
1741109558882,1022.0145
1741109558901,1022.0116
1741109558939,1022.01746
1741109558981,1022.00824
1741109559001,1022.00226
1741109559042,1022.0016
1741109559080,1022.0043
1741109559101,1022.0176
1741109559142,1022.0164
1741109559180,1022.0146
1741109559205,1022.01013
1741109559240,1022.0126
1741109559282,1022.0138
1741109559302,1022.01196
1741109559341,1022.0126
1741109559381,1022.01385
1741109559404,1022.0105
1741109559439,1022.01807
1741109559482,1022.0235
1741109559500,1022.0176
1741109559540,1022.01135
1741109559581,1022.01324
1741109559600,1022.00653
1741109559641,1022.0079
1741109559680,1022.011
1741109559700,1022.0049
1741109559739,1022.0055
1741109559787,1022.0079
1741109559799,1022.0146
1741109559841,1022.0199
1741109559879,1022.01526
1741109559906,1022.0187
1741109559940,1022.0141
1741109559980,1022.0136
1741109560001,1022.0264
1741109560040,1022.022
1741109560080,1022.02344
1741109560102,1022.0229
1741109560141,1022.01953
1741109560179,1022.02405
1741109560202,1022.025
1741109560244,1022.0287
1741109560281,1022.0343
1741109560300,1022.0244
1741109560339,1022.0258
1741109560380,1022.01917
1741109560409,1022.0208
1741109560439,1022.0154
1741109560479,1022.0181
1741109560502,1022.01556
1741109560540,1022.01746
1741109560580,1022.0205
1741109560600,1022.01807
1741109560642,1022.0175
1741109560680,1022.02026
1741109560700,1022.01746
1741109560741,1022.0119
1741109560780,1022.01733
1741109560799,1022.0224
1741109560840,1022.016
1741109560880,1022.0209
1741109560904,1022.0147
1741109560939,1022.0182
1741109560979,1022.01587
1741109560999,1022.01556
1741109561039,1022.0165
1741109561082,1022.0138
1741109561101,1022.01605
1741109561140,1022.0163
1741109561180,1022.0165
1741109561201,1022.0219
1741109561240,1022.01746
1741109561282,1022.01636
1741109561303,1022.0178
1741109561340,1022.02527
1741109561378,1022.029
1741109561401,1022.0231
1741109561439,1022.02734
1741109561478,1022.03143
1741109561505,1022.0321
1741109561539,1022.02576
1741109561582,1022.0164
1741109561600,1022.0133
1741109561641,1022.01166
1741109561682,1022.01025
1741109561702,1022.0093
1741109561739,1022.01135
1741109561780,1022.0161
1741109561799,1022.02026
1741109561839,1022.0231
1741109561880,1022.0241
1741109561900,1022.0182
1741109561943,1022.0255
1741109561978,1022.02484
1741109562000,1022.0219
1741109562039,1022.0294
1741109562079,1022.0201
1741109562101,1022.0134
1741109562140,1022.0211
1741109562179,1022.0188
1741109562199,1022.02234
1741109562239,1022.0321
1741109562280,1022.0327
1741109562300,1022.03125
1741109562339,1022.0283
1741109562381,1022.03125
1741109562402,1022.04144
1741109562438,1022.0421
1741109562478,1022.04517
1741109562498,1022.0431
1741109562539,1022.0552
1741109562580,1022.0569
1741109562601,1022.0589
1741109562639,1022.0558
1741109562680,1022.0596
1741109562698,1022.061
1741109562739,1022.0629
1741109562781,1022.06824
1741109562801,1022.0806
1741109562838,1022.0862
1741109562881,1022.1002
1741109562900,1022.1054
1741109562938,1022.0965
1741109562980,1022.1017
1741109562999,1022.0937
1741109563037,1022.0957
1741109563081,1022.0977
1741109563100,1022.0991
1741109563139,1022.1072
1741109563179,1022.1036
1741109563200,1022.10645
1741109563238,1022.1166
1741109563279,1022.1219
1741109563299,1022.11707
1741109563339,1022.1204
1741109563381,1022.1211
1741109563399,1022.12726
1741109563439,1022.1306
1741109563480,1022.1315
1741109563499,1022.1269
1741109563538,1022.12683
1741109563579,1022.1201
1741109563600,1022.1217
1741109563639,1022.12115
1741109563680,1022.12024
1741109563698,1022.12146
1741109563739,1022.1209
1741109563779,1022.12604
1741109563798,1022.1242
1741109563838,1022.1247
1741109563879,1022.1299
1741109563901,1022.1293
1741109563938,1022.12476
1741109563977,1022.1242
1741109563996,1022.1244
1741109564041,1022.1312
1741109564079,1022.1313
1741109564098,1022.13416
1741109564137,1022.1377
1741109564178,1022.1396
1741109564198,1022.1537
1741109564238,1022.1536
1741109564277,1022.15186
1741109564297,1022.14685
1741109564338,1022.147
1741109564379,1022.1546
1741109564398,1022.15906
1741109564437,1022.16797
1741109564477,1022.1606
1741109564497,1022.15564
1741109564538,1022.1631
1741109564577,1022.1611
1741109564597,1022.1547
1741109564637,1022.1631
1741109564681,1022.1671
1741109564698,1022.16534
1741109564738,1022.1752
1741109564778,1022.1832
1741109564798,1022.1808
1741109564837,1022.17975
1741109564876,1022.1765
1741109564897,1022.1811
1741109564938,1022.1924
1741109564977,1022.17883
1741109564997,1022.17847
1741109565037,1022.17804
1741109565076,1022.17096
1741109565096,1022.17834
1741109565139,1022.17554
1741109565177,1022.16974
1741109565198,1022.1876
1741109565238,1022.1922
1741109565278,1022.19885
1741109565296,1022.19574
1741109565337,1022.1963
1741109565377,1022.1947
1741109565397,1022.18414
1741109565436,1022.17535
1741109565476,1022.17896
1741109565496,1022.1836
1741109565536,1022.1865
1741109565582,1022.1935
1741109565598,1022.1909
1741109565637,1022.1869
1741109565677,1022.1817
1741109565697,1022.1798
1741109565737,1022.183
1741109565778,1022.1808
1741109565797,1022.1782
1741109565837,1022.1778
1741109565878,1022.17896
1741109565898,1022.17834
1741109565936,1022.1709
1741109565976,1022.1792
1741109565996,1022.1773
1741109566035,1022.1769
1741109566075,1022.1753
1741109566098,1022.17896
1741109566137,1022.1723
1741109566176,1022.1748
1741109566197,1022.174
1741109566237,1022.1689
1741109566276,1022.1679
1741109566298,1022.1727
1741109566340,1022.1732
1741109566378,1022.17596
1741109566396,1022.173
1741109566436,1022.17395
1741109566476,1022.1755
1741109566497,1022.17334
1741109566536,1022.17444
1741109566576,1022.17456
1741109566597,1022.1793
1741109566636,1022.17285
1741109566676,1022.1789
1741109566696,1022.19226
1741109566739,1022.18915
1741109566776,1022.1867
1741109566799,1022.1852
1741109566840,1022.177
1741109566876,1022.1859
1741109566898,1022.1886
1741109566935,1022.18787
1741109566976,1022.19275
1741109566996,1022.196
1741109567036,1022.1905
1741109567077,1022.1896
1741109567097,1022.1908
1741109567135,1022.1993
1741109567176,1022.204
1741109567196,1022.21027
1741109567236,1022.1972
1741109567276,1022.2021
1741109567297,1022.21313
1741109567337,1022.2078
1741109567376,1022.1978
1741109567396,1022.1972
1741109567436,1022.19385
1741109567475,1022.2004
1741109567496,1022.2152
1741109567540,1022.2072
1741109567576,1022.2068
1741109567596,1022.2105
1741109567636,1022.2046
1741109567678,1022.1998
1741109567697,1022.19214
1741109567736,1022.1927
1741109567775,1022.2003
1741109567795,1022.20654
1741109567835,1022.2059
1741109567875,1022.2065
1741109567899,1022.2
1741109567935,1022.20215
1741109567975,1022.1987
1741109567995,1022.2075
1741109568035,1022.21375
1741109568075,1022.2175
1741109568096,1022.2163
1741109568138,1022.2114
1741109568178,1022.21423
1741109568196,1022.217
1741109568236,1022.2195
1741109568277,1022.22577
1741109568296,1022.2235
1741109568336,1022.21735
1741109568375,1022.22253
1741109568394,1022.2228
1741109568435,1022.2235
1741109568474,1022.2206
1741109568495,1022.2201
1741109568535,1022.22314
1741109568575,1022.22156
1741109568596,1022.23035
1741109568635,1022.2373
1741109568675,1022.24243
1741109568695,1022.2345
1741109568735,1022.22327
1741109568776,1022.23035
1741109568795,1022.236
1741109568835,1022.24274
1741109568875,1022.2365
1741109568894,1022.2304
1741109568936,1022.23486
1741109568974,1022.23267
1741109568994,1022.24097
1741109569041,1022.23694
1741109569074,1022.2293
1741109569095,1022.2288
1741109569134,1022.22754
1741109569175,1022.2244
1741109569195,1022.2313
1741109569235,1022.228
1741109569274,1022.22327
1741109569295,1022.2279
1741109569339,1022.23737
1741109569374,1022.2427
1741109569395,1022.2422
1741109569435,1022.24915
1741109569474,1022.2421
1741109569494,1022.2451
1741109569536,1022.24536
1741109569574,1022.23456
1741109569595,1022.22833
1741109569635,1022.2345
1741109569675,1022.235
1741109569695,1022.2257
1741109569736,1022.23566
1741109569784,1022.2389
1741109569795,1022.24414
1741109569834,1022.2438
1741109569875,1022.24744
1741109569895,1022.25775
1741109569934,1022.2539
1741109569974,1022.2467
1741109569995,1022.2535
1741109570034,1022.25476
1741109570074,1022.249
1741109570095,1022.25073
1741109570135,1022.2572
1741109570175,1022.25464
1741109570197,1022.2408
1741109570235,1022.24304
1741109570276,1022.2378
1741109570297,1022.233
1741109570336,1022.23975
1741109570376,1022.23645
1741109570394,1022.2324
1741109570435,1022.2498
1741109570474,1022.2533
1741109570493,1022.2529
1741109570534,1022.253
1741109570575,1022.25854
1741109570597,1022.2543
1741109570634,1022.24005
1741109570676,1022.23584
1741109570714,1022.2429
1741109570734,1022.24786
1741109570774,1022.262
1741109570815,1022.25244
1741109570834,1022.24445
1741109570875,1022.2512
1741109570894,1022.24927
1741109570934,1022.24615
1741109570973,1022.25134
1741109571014,1022.2549
1741109571037,1022.2628
1741109571073,1022.26154
1741109571114,1022.25073
1741109571134,1022.25616
1741109571175,1022.2514
1741109571195,1022.2544
1741109571233,1022.24866
1741109571274,1022.24677
1741109571328,1022.25586
1741109571334,1022.25885
1741109571375,1022.2542
1741109571414,1022.2513
1741109571438,1022.25354
1741109571473,1022.25336
1741109571514,1022.27
1741109571534,1022.27545
1741109571574,1022.263
1741109571614,1022.264
1741109571635,1022.2659
1741109571674,1022.2606
1741109571713,1022.25977
1741109571734,1022.262
1741109571774,1022.26166
1741109571814,1022.2675
1741109571834,1022.26746
1741109571876,1022.26843
1741109571913,1022.2555
1741109571936,1022.2637
1741109571972,1022.2599
1741109572013,1022.26733
1741109572033,1022.2595
1741109572073,1022.25995
1741109572114,1022.266
1741109572133,1022.2568
1741109572173,1022.25116
1741109572213,1022.25165
1741109572234,1022.2482
1741109572274,1022.2442
1741109572315,1022.2444
1741109572340,1022.24677
1741109572374,1022.24646
1741109572395,1022.2448
1741109572433,1022.24243
1741109572473,1022.24036
1741109572513,1022.2414
1741109572533,1022.24817
1741109572572,1022.2453
1741109572614,1022.25214
1741109572633,1022.2506
1741109572673,1022.24677
1741109572714,1022.2472
1741109572732,1022.2505
1741109572773,1022.2462
1741109572813,1022.2413
1741109572834,1022.24194
1741109572874,1022.23773
1741109572915,1022.23413
1741109572934,1022.2355
1741109572973,1022.24304
1741109573013,1022.24365
1741109573033,1022.23376
1741109573073,1022.2361
1741109573118,1022.235
1741109573133,1022.23224
1741109573174,1022.22754
1741109573213,1022.22644
1741109573233,1022.2246
1741109573277,1022.2143
1741109573313,1022.2137
1741109573332,1022.21045
1741109573373,1022.2074
1741109573413,1022.21063
1741109573432,1022.21045
1741109573476,1022.2108
1741109573512,1022.2138
1741109573532,1022.2103
1741109573573,1022.21606
1741109573613,1022.212
1741109573633,1022.2009
1741109573672,1022.1998
1741109573713,1022.19574
1741109573734,1022.18915
1741109573773,1022.194
1741109573814,1022.1862
1741109573832,1022.1909
1741109573874,1022.19324
1741109573913,1022.189
1741109573933,1022.1935
1741109573972,1022.1887
1741109574012,1022.18384
1741109574032,1022.18243
1741109574073,1022.18335
1741109574114,1022.18097
1741109574138,1022.17487
1741109574172,1022.17413
1741109574212,1022.18365
1741109574232,1022.1832
1741109574273,1022.1811
1741109574313,1022.1666
1741109574332,1022.1684
1741109574372,1022.17474
1741109574413,1022.1705
1741109574432,1022.1621
1741109574474,1022.16595
1741109574512,1022.15607
1741109574532,1022.15247
1741109574572,1022.1529
1741109574612,1022.14825
1741109574633,1022.15125
1741109574674,1022.15753
1741109574713,1022.1552
1741109574733,1022.1487
1741109574773,1022.1465
1741109574813,1022.15796
1741109574833,1022.151
1741109574871,1022.1543
1741109574912,1022.146
1741109574932,1022.1495
1741109574973,1022.1431
1741109575011,1022.14813
1741109575033,1022.1471
1741109575071,1022.1427
1741109575113,1022.12634
1741109575132,1022.1267
1741109575171,1022.1336
1741109575212,1022.13025
1741109575232,1022.12854
1741109575273,1022.1235
1741109575312,1022.11957
1741109575333,1022.1294
1741109575371,1022.13196
1741109575412,1022.14014
1741109575432,1022.13574
1741109575472,1022.1293
1741109575511,1022.133
1741109575531,1022.12506
1741109575571,1022.1238
1741109575613,1022.11536
1741109575632,1022.1198
1741109575670,1022.12476
1741109575712,1022.1229
1741109575731,1022.11365
1741109575772,1022.1163
1741109575812,1022.1137
1741109575831,1022.10925
1741109575871,1022.10175
1741109575913,1022.10803
1741109575932,1022.1073
1741109575971,1022.11053
1741109576012,1022.109
1741109576031,1022.1098
1741109576070,1022.1072
1741109576111,1022.09845
1741109576131,1022.0944
1741109576172,1022.08905
1741109576213,1022.0905
1741109576231,1022.08417
1741109576271,1022.0908
1741109576313,1022.0859
1741109576331,1022.0886
1741109576371,1022.09644
1741109576414,1022.10693
1741109576432,1022.1066
1741109576476,1022.10474
1741109576510,1022.1042
1741109576530,1022.1052
1741109576581,1022.1
1741109576611,1022.10095
1741109576631,1022.0925
1741109576671,1022.0879
1741109576711,1022.0973
1741109576732,1022.1035
1741109576773,1022.1001
1741109576811,1022.0973
1741109576832,1022.10126
1741109576871,1022.09705
1741109576911,1022.09503
1741109576930,1022.0979
1741109576975,1022.092
1741109577010,1022.0939
1741109577031,1022.0953
1741109577074,1022.08813
1741109577110,1022.0952
1741109577132,1022.09534
1741109577170,1022.10284
1741109577212,1022.0866
1741109577231,1022.07806
1741109577273,1022.0901
1741109577312,1022.09875
1741109577331,1022.0944
1741109577372,1022.0874
1741109577412,1022.09686
1741109577434,1022.1015
1741109577471,1022.097
1741109577509,1022.09375
1741109577530,1022.094
1741109577580,1022.1014
1741109577611,1022.098
1741109577630,1022.0914
1741109577672,1022.0836
1741109577711,1022.0944
1741109577730,1022.0966
1741109577770,1022.0909
1741109577809,1022.08984
1741109577829,1022.0891
1741109577870,1022.08105
1741109577909,1022.0748
1741109577930,1022.0775
1741109577970,1022.0811
1741109578010,1022.0803
1741109578029,1022.0841
1741109578069,1022.0856
1741109578110,1022.0955
1741109578130,1022.0977
1741109578172,1022.09436
1741109578210,1022.0946
1741109578231,1022.09204
1741109578270,1022.0932
1741109578311,1022.092
1741109578330,1022.09155
1741109578370,1022.0856
1741109578410,1022.0794
1741109578431,1022.07404
1741109578469,1022.07806
1741109578509,1022.08405
1741109578530,1022.0841
1741109578570,1022.08777
1741109578610,1022.0834
1741109578630,1022.08655
1741109578672,1022.08997
1741109578712,1022.0958
1741109578730,1022.0858
1741109578769,1022.09357
1741109578810,1022.0985
1741109578830,1022.09924
1741109578871,1022.0841
1741109578911,1022.0861
1741109578930,1022.0839
1741109578974,1022.08856
1741109579009,1022.0869
1741109579029,1022.0799
1741109579069,1022.07764
1741109579110,1022.0869
1741109579130,1022.0967
1741109579170,1022.09143
1741109579211,1022.094
1741109579230,1022.09094
1741109579270,1022.09265
1741109579309,1022.1003
1741109579329,1022.09424
1741109579370,1022.08887
1741109579410,1022.0894
1741109579430,1022.0868
1741109579471,1022.0775
1741109579509,1022.0778
1741109579530,1022.0877
1741109579570,1022.09186
1741109579609,1022.1006
1741109579629,1022.0883
1741109579670,1022.0773
1741109579711,1022.07434
1741109579730,1022.08044
1741109579772,1022.0786
1741109579810,1022.0804
1741109579829,1022.09094
1741109579870,1022.085
1741109579912,1022.0879
1741109579930,1022.08997
1741109579970,1022.0917
1741109580010,1022.10077
1741109580028,1022.0972
1741109580069,1022.0948
1741109580109,1022.10205
1741109580132,1022.1039
1741109580170,1022.10486
1741109580209,1022.11
1741109580229,1022.1078
1741109580271,1022.1088
1741109580309,1022.09906
1741109580330,1022.09705
1741109580370,1022.09906
1741109580410,1022.09906
1741109580429,1022.0946
1741109580474,1022.095
1741109580509,1022.08545
1741109580528,1022.09125
1741109580569,1022.08356
1741109580610,1022.08276
1741109580629,1022.08215
1741109580672,1022.0847
1741109580709,1022.0905
1741109580729,1022.09827
1741109580772,1022.08887
1741109580810,1022.0803
1741109580829,1022.0826
1741109580869,1022.0878
1741109580909,1022.0832
1741109580930,1022.088
1741109580968,1022.08276
1741109581008,1022.08997
1741109581027,1022.0863
1741109581069,1022.08264
1741109581108,1022.08734
1741109581128,1022.08875
1741109581169,1022.0881
1741109581210,1022.09973
1741109581230,1022.0952
1741109581269,1022.0885
1741109581310,1022.0829
1741109581330,1022.08
1741109581369,1022.0864
1741109581408,1022.0835
1741109581428,1022.08905
1741109581469,1022.0868
1741109581507,1022.0895
1741109581528,1022.0881
1741109581570,1022.0915
1741109581610,1022.0936
1741109581629,1022.08856
1741109581671,1022.0863
1741109581710,1022.0832
1741109581728,1022.0891
1741109581768,1022.0842
1741109581809,1022.0841
1741109581829,1022.074
1741109581868,1022.08624
1741109581908,1022.09143
1741109581928,1022.0942
1741109581968,1022.09216
1741109582007,1022.0985
1741109582030,1022.1026
1741109582067,1022.09827
1741109582109,1022.0964
1741109582128,1022.0925
1741109582167,1022.1007
1741109582208,1022.0951
1741109582230,1022.0991
1741109582269,1022.1002
1741109582309,1022.08923
1741109582330,1022.0871
1741109582368,1022.0979
1741109582408,1022.1018
1741109582430,1022.0934
1741109582469,1022.098
1741109582507,1022.088
1741109582527,1022.0901
1741109582567,1022.0884
1741109582608,1022.09155
1741109582630,1022.09326
1741109582669,1022.09814
1741109582708,1022.0917
1741109582728,1022.09393
1741109582768,1022.09656
1741109582806,1022.09326
1741109582827,1022.09326
1741109582868,1022.0992
1741109582909,1022.0994
1741109582928,1022.0902
1741109582968,1022.0858
1741109583006,1022.08386
1741109583027,1022.0803
1741109583067,1022.0836
1741109583106,1022.094
1741109583126,1022.09265
1741109583169,1022.08136
1741109583207,1022.08356
1741109583229,1022.0857
1741109583268,1022.08374
1741109583308,1022.08417
1741109583326,1022.0895
1741109583367,1022.0791
1741109583410,1022.08813
1741109583428,1022.0821
1741109583470,1022.0939
1741109583509,1022.08826
1741109583529,1022.08075
1741109583566,1022.089
1741109583609,1022.08765
1741109583627,1022.0959
1741109583669,1022.0949
1741109583707,1022.09875
1741109583726,1022.0867
1741109583767,1022.0933
1741109583808,1022.08496
1741109583826,1022.08276
1741109583868,1022.0804
1741109583906,1022.0797
1741109583930,1022.0714
1741109583966,1022.07465
1741109584011,1022.08026
1741109584025,1022.0834
1741109584066,1022.08215
1741109584108,1022.07697
1741109584126,1022.0813
1741109584166,1022.08594
1741109584208,1022.081
1741109584229,1022.0767
1741109584267,1022.08154
1741109584306,1022.07495
1741109584326,1022.0735
1741109584368,1022.0748
1741109584407,1022.07635
1741109584426,1022.0725
1741109584466,1022.0688
1741109584514,1022.0659
1741109584527,1022.0764
1741109584566,1022.0746
1741109584609,1022.0736
1741109584626,1022.0786
1741109584666,1022.0833
1741109584707,1022.0911
1741109584728,1022.0991
1741109584767,1022.0886
1741109584806,1022.08704
1741109584826,1022.0827
1741109584869,1022.0812
1741109584906,1022.0846
1741109584928,1022.0898
1741109584966,1022.0903
1741109585006,1022.0846
1741109585025,1022.09
1741109585067,1022.0913
1741109585110,1022.0878
1741109585127,1022.08405
1741109585167,1022.08417
1741109585205,1022.0867
1741109585226,1022.09045
1741109585269,1022.0948
1741109585306,1022.08673
1741109585326,1022.0824
1741109585366,1022.08484
1741109585406,1022.0823
1741109585425,1022.0801
1741109585466,1022.07855
1741109585511,1022.0749
1741109585530,1022.06555
1741109585565,1022.07605
1741109585606,1022.0786
1741109585626,1022.0851
1741109585666,1022.08374
1741109585706,1022.0836
1741109585730,1022.08545
1741109585765,1022.0831
1741109585806,1022.0748
1741109585828,1022.0791
1741109585867,1022.0734
1741109585908,1022.0758
1741109585929,1022.0858
1741109585968,1022.08923
1741109586008,1022.09106
1741109586026,1022.0833
1741109586065,1022.0966
1741109586108,1022.0874
1741109586125,1022.0864
1741109586166,1022.07825
1741109586205,1022.07404
1741109586227,1022.0696
1741109586267,1022.0697
1741109586306,1022.06573
1741109586326,1022.0679
1741109586365,1022.07605
1741109586406,1022.0874
1741109586428,1022.09064
1741109586465,1022.09753
1741109586514,1022.0873
1741109586527,1022.0785
1741109586565,1022.07886
1741109586609,1022.0804
1741109586628,1022.07367
1741109586665,1022.0735
1741109586706,1022.0673
1741109586726,1022.06274
1741109586767,1022.075
1741109586806,1022.08704
1741109586826,1022.0887
1741109586865,1022.0847
1741109586906,1022.07837
1741109586926,1022.0835
1741109586966,1022.07935
1741109587012,1022.0828
1741109587026,1022.08655
1741109587064,1022.09106
1741109587110,1022.0877
1741109587125,1022.0912
1741109587166,1022.0794
1741109587205,1022.07745
1741109587228,1022.0819
1741109587267,1022.0785
1741109587306,1022.0798
1741109587326,1022.08307
1741109587366,1022.0848
1741109587408,1022.0794
1741109587426,1022.0725
1741109587466,1022.0786
1741109587511,1022.08636
1741109587525,1022.0873
1741109587564,1022.0873
1741109587605,1022.08307
1741109587626,1022.0864
1741109587667,1022.07983
1741109587707,1022.0745
1741109587725,1022.0806
1741109587771,1022.0757
1741109587805,1022.0742
1741109587826,1022.07654
1741109587865,1022.07904
1741109587908,1022.0812
1741109587924,1022.0841
1741109587967,1022.08026
1741109588004,1022.0796
1741109588025,1022.07825
1741109588064,1022.0749
1741109588104,1022.07117
1741109588125,1022.06757
1741109588169,1022.072
1741109588206,1022.07996
1741109588225,1022.07104
1741109588266,1022.0717
1741109588306,1022.07104
1741109588325,1022.0822
1741109588365,1022.0753
1741109588405,1022.0852
1741109588426,1022.0782
1741109588467,1022.0814
1741109588503,1022.07794
1741109588525,1022.08606
1741109588564,1022.0834
1741109588606,1022.08545
1741109588624,1022.08936
1741109588664,1022.0863
1741109588704,1022.1014
1741109588725,1022.095
1741109588764,1022.0958
1741109588803,1022.1036
1741109588825,1022.10754
1741109588864,1022.1131
1741109588906,1022.10815
1741109588923,1022.112
1741109588965,1022.1187
1741109589012,1022.1166
1741109589030,1022.1171
1741109589063,1022.1378
1741109589110,1022.13873
1741109589124,1022.14703
1741109589164,1022.14856
1741109589206,1022.1555
1741109589225,1022.1588
1741109589266,1022.1533
1741109589305,1022.1678
1741109589323,1022.17706
1741109589365,1022.1896
1741109589404,1022.1869
1741109589425,1022.1891
1741109589466,1022.1764
1741109589505,1022.1835
1741109589524,1022.1981
1741109589563,1022.20685
1741109589605,1022.21405
1741109589624,1022.2146
1741109589664,1022.21704
1741109589706,1022.22595
1741109589724,1022.2323
1741109589766,1022.2266
1741109589803,1022.23987
1741109589824,1022.2503
1741109589864,1022.23944
1741109589903,1022.2451
1741109589923,1022.2448
1741109589965,1022.2544
1741109590003,1022.2563
1741109590023,1022.2532
1741109590063,1022.25793
1741109590103,1022.26715
1741109590124,1022.27954
1741109590163,1022.27966
1741109590203,1022.28
1741109590223,1022.27527
1741109590270,1022.27563
1741109590303,1022.28424
1741109590323,1022.29047
1741109590364,1022.2854
1741109590405,1022.28674
1741109590424,1022.2842
1741109590464,1022.29407
1741109590503,1022.29565
1741109590523,1022.2929
1741109590562,1022.2991
1741109590609,1022.2999
1741109590625,1022.30035
1741109590663,1022.2976
1741109590704,1022.29755
1741109590723,1022.2992
1741109590763,1022.29724
1741109590804,1022.30096
1741109590824,1022.2952
1741109590864,1022.3004
1741109590903,1022.304
1741109590928,1022.2969
1741109590964,1022.292
1741109591005,1022.28986
1741109591023,1022.2913
1741109591063,1022.29065
1741109591102,1022.29065
1741109591125,1022.28955
1741109591162,1022.29004
1741109591204,1022.28564
1741109591222,1022.2805
1741109591263,1022.2744
1741109591303,1022.28217
1741109591323,1022.27924
1741109591362,1022.27313
1741109591406,1022.28
1741109591423,1022.2944
1741109591463,1022.30237
1741109591503,1022.28644
1741109591522,1022.28076
1741109591562,1022.2788
1741109591603,1022.27026
1741109591623,1022.27155
1741109591664,1022.27374
1741109591702,1022.27014
1741109591723,1022.2635
1741109591763,1022.2534
1741109591804,1022.2536
1741109591823,1022.26263
1741109591864,1022.2534
1741109591903,1022.26184
1741109591923,1022.2689
1741109591963,1022.2697
1741109592002,1022.26544
1741109592026,1022.27
1741109592061,1022.26154
1741109592102,1022.2518
1741109592123,1022.251
1741109592164,1022.2405
1741109592205,1022.2438
1741109592224,1022.2499
1741109592263,1022.2456
1741109592301,1022.2424
1741109592324,1022.2356
1741109592362,1022.2391
1741109592402,1022.23486
1741109592422,1022.2283
1741109592464,1022.2301
1741109592503,1022.2257
1741109592523,1022.2212
1741109592561,1022.2166
1741109592602,1022.21173
1741109592649,1022.21655
1741109592661,1022.2177
1741109592702,1022.2133
1741109592743,1022.2114
1741109592762,1022.20984
1741109592803,1022.2107
1741109592822,1022.2141
1741109592862,1022.2202
1741109592902,1022.212
1741109592942,1022.2068
1741109592961,1022.208
1741109593004,1022.2063
1741109593041,1022.206
1741109593060,1022.20056
1741109593101,1022.19934
1741109593143,1022.1848
1741109593162,1022.1851
1741109593203,1022.18146
1741109593242,1022.1819
1741109593262,1022.17834
1741109593305,1022.1756
1741109593342,1022.17944
1741109593362,1022.1813
1741109593402,1022.1771
1741109593443,1022.17017
1741109593462,1022.1666
1741109593503,1022.16956
1741109593543,1022.16846
1741109593560,1022.1668
1741109593600,1022.1606
1741109593641,1022.16846
1741109593661,1022.1669
1741109593703,1022.16534
1741109593743,1022.1665
1741109593761,1022.1687
1741109593802,1022.1787
1741109593844,1022.17944
1741109593862,1022.1743
1741109593902,1022.16626
1741109593942,1022.1579
1741109593963,1022.1569
1741109594003,1022.15063
1741109594042,1022.1487
1741109594061,1022.14496
1741109594100,1022.1445
1741109594140,1022.14636
1741109594160,1022.13965
1741109594203,1022.14716
1741109594243,1022.15
1741109594261,1022.1523
1741109594302,1022.15015
1741109594343,1022.1415
1741109594363,1022.1446
1741109594401,1022.1406
1741109594441,1022.13983
1741109594461,1022.1314
1741109594502,1022.1411
1741109594540,1022.1477
1741109594560,1022.13666
1741109594601,1022.1347
1741109594643,1022.13306
1741109594661,1022.1318
1741109594701,1022.1289
1741109594742,1022.1338
1741109594762,1022.13696
1741109594801,1022.1342
1741109594841,1022.1305
1741109594863,1022.12506
1741109594901,1022.1232
1741109594941,1022.1218
1741109594960,1022.11456
1741109595001,1022.1207
1741109595044,1022.1153
1741109595059,1022.1193
1741109595100,1022.1189
1741109595142,1022.11523
1741109595161,1022.1135
1741109595203,1022.1129
1741109595241,1022.10913
1741109595262,1022.11053
1741109595300,1022.11725
1741109595340,1022.12537
1741109595361,1022.1181
1741109595401,1022.1188
1741109595442,1022.11707
1741109595462,1022.11584
1741109595501,1022.12085
1741109595551,1022.1216
1741109595560,1022.1168
1741109595601,1022.1107
1741109595642,1022.1067
1741109595661,1022.10547
1741109595701,1022.10254
1741109595742,1022.10645
1741109595760,1022.1071
1741109595802,1022.1068
1741109595840,1022.09375
1741109595861,1022.09564
1741109595900,1022.0977
1741109595940,1022.09827
1741109595962,1022.0956
1741109596002,1022.091
1741109596041,1022.08905
1741109596060,1022.0867
1741109596100,1022.0795
1741109596145,1022.07684
1741109596159,1022.08746
1741109596200,1022.0923
1741109596241,1022.09607
1741109596261,1022.09766
1741109596302,1022.10425
1741109596342,1022.1025
1741109596360,1022.09924
1741109596400,1022.0973
1741109596440,1022.09546
1741109596460,1022.0838
1741109596499,1022.079
1741109596545,1022.0845
1741109596559,1022.08374
1741109596599,1022.08044
1741109596641,1022.08527
1741109596659,1022.0836
1741109596700,1022.07184
1741109596740,1022.08527
1741109596760,1022.09235
1741109596803,1022.0963
1741109596840,1022.0908
1741109596861,1022.0968
1741109596902,1022.08875
1741109596941,1022.0818
1741109596960,1022.08514
1741109597001,1022.08527
1741109597040,1022.0842
1741109597060,1022.0779
1741109597098,1022.0826
1741109597139,1022.0914
1741109597160,1022.09393
1741109597201,1022.0939
1741109597240,1022.0962
1741109597262,1022.0901
1741109597301,1022.08234
1741109597339,1022.0831
1741109597360,1022.08234
1741109597400,1022.07495
1741109597439,1022.08
1741109597460,1022.0679
1741109597501,1022.0726
1741109597541,1022.0776
1741109597559,1022.0771
1741109597600,1022.0781
1741109597640,1022.07574
1741109597659,1022.07153
1741109597704,1022.07544
1741109597743,1022.0759
1741109597759,1022.0769
1741109597800,1022.0766
1741109597840,1022.0724
1741109597859,1022.07556
1741109597903,1022.0697
1741109597941,1022.06213
1741109597959,1022.06714
1741109598000,1022.0732
1741109598042,1022.0697
1741109598064,1022.0739
1741109598098,1022.07214
1741109598140,1022.06287
1741109598162,1022.0746
1741109598202,1022.07007
1741109598239,1022.07086
1741109598260,1022.06445
1741109598302,1022.06616
1741109598340,1022.0667
1741109598359,1022.0696
1741109598400,1022.07214
1741109598439,1022.0803
1741109598459,1022.0786
1741109598500,1022.0774
1741109598542,1022.08466
1741109598569,1022.0831
1741109598598,1022.0785
1741109598640,1022.0797
1741109598659,1022.0771
1741109598700,1022.0789
1741109598739,1022.07697
1741109598759,1022.08124
1741109598800,1022.07477
1741109598844,1022.07477
1741109598860,1022.0873
1741109598901,1022.0777
1741109598940,1022.06934
1741109598960,1022.0596
1741109599001,1022.0675
1741109599041,1022.0731
1741109599072,1022.0714
1741109599098,1022.07404
1741109599138,1022.06885
1741109599168,1022.0708
1741109599198,1022.0656
1741109599239,1022.0613
1741109599260,1022.0755
1741109599299,1022.078
1741109599340,1022.0708
1741109599361,1022.07214
1741109599402,1022.0639
1741109599438,1022.0612
1741109599458,1022.0655
1741109599497,1022.06354
1741109599539,1022.0613
1741109599560,1022.0583
1741109599597,1022.05975
1741109599638,1022.06354
1741109599658,1022.06006
1741109599698,1022.06177
1741109599739,1022.06
1741109599758,1022.06116
1741109599798,1022.0578
1741109599842,1022.0675
1741109599861,1022.06793
1741109599899,1022.0597
1741109599939,1022.0558
1741109599959,1022.0541
1741109600003,1022.0421
1741109600039,1022.0498
1741109600062,1022.05994
1741109600097,1022.0554
1741109600139,1022.0635
1741109600160,1022.06177
1741109600198,1022.0626
1741109600239,1022.0622
1741109600260,1022.0623
1741109600301,1022.06824
1741109600338,1022.065
1741109600359,1022.062
1741109600397,1022.0572
1741109600438,1022.06177
1741109600459,1022.06506
1741109600500,1022.0722
1741109600537,1022.067
1741109600557,1022.06384
1741109600598,1022.06494
1741109600637,1022.0603
1741109600660,1022.061
1741109600697,1022.06775
1741109600737,1022.061
1741109600758,1022.065
1741109600800,1022.06714
1741109600837,1022.0694
1741109600858,1022.06793
1741109600898,1022.06696
1741109600938,1022.06433
1741109600958,1022.0605
1741109600999,1022.05884
1741109601038,1022.05646
1741109601058,1022.0654
1741109601097,1022.0622
1741109601142,1022.06604
1741109601160,1022.0648
1741109601196,1022.0641
1741109601238,1022.0671
1741109601260,1022.07056
1741109601301,1022.0667
1741109601336,1022.05756
1741109601356,1022.05743
1741109601397,1022.05383
1741109601437,1022.0522
1741109601457,1022.0563
1741109601498,1022.06055
1741109601538,1022.0677
1741109601556,1022.06696
1741109601596,1022.06354
1741109601637,1022.06335
1741109601656,1022.0636
1741109601697,1022.0703
1741109601738,1022.0714
1741109601764,1022.06415
1741109601801,1022.068
1741109601837,1022.06635
1741109601857,1022.0653
1741109601897,1022.0625
1741109601939,1022.0714
1741109601957,1022.06744
1741109601998,1022.0689
1741109602037,1022.0702
1741109602057,1022.0639
1741109602097,1022.0622
1741109602136,1022.0717
1741109602158,1022.0729
1741109602196,1022.0752
1741109602236,1022.07635
1741109602257,1022.07086
1741109602297,1022.06744
1741109602337,1022.06305
1741109602358,1022.06635
1741109602396,1022.07117
1741109602436,1022.0771
1741109602456,1022.07764
1741109602498,1022.071
1741109602537,1022.0698
1741109602559,1022.0718
1741109602596,1022.0731
1741109602636,1022.0753
1741109602670,1022.077
1741109602696,1022.0723
1741109602738,1022.0675
1741109602756,1022.0605
1741109602797,1022.0631
1741109602837,1022.0638
1741109602857,1022.06604
1741109602899,1022.06525
1741109602937,1022.0576
1741109602957,1022.0607
1741109602996,1022.0631
1741109603036,1022.0599
1741109603056,1022.0609
1741109603096,1022.0681
1741109603136,1022.0733
1741109603155,1022.0762
1741109603197,1022.0792
1741109603237,1022.07635
1741109603256,1022.07166
1741109603299,1022.0714
1741109603335,1022.0667
1741109603356,1022.05835
1741109603397,1022.0571
1741109603436,1022.06104
1741109603456,1022.0653
1741109603497,1022.068
1741109603536,1022.06616
1741109603558,1022.0694
1741109603596,1022.06494
1741109603636,1022.06256
1741109603655,1022.06525
1741109603696,1022.0679
1741109603737,1022.05774
1741109603756,1022.0574
1741109603796,1022.05457
1741109603835,1022.0608
1741109603855,1022.0571
1741109603896,1022.0609
1741109603935,1022.06177
1741109603958,1022.0634
1741109603998,1022.05994
1741109604035,1022.053
1741109604056,1022.0537
1741109604095,1022.0608
1741109604135,1022.0609
1741109604157,1022.0548
1741109604195,1022.05615
1741109604236,1022.0607
1741109604255,1022.06616
1741109604298,1022.0648
1741109604336,1022.0602
1741109604356,1022.0613
1741109604397,1022.0636
1741109604435,1022.06714
1741109604455,1022.06464
1741109604495,1022.06445
1741109604536,1022.06305
1741109604555,1022.05884
1741109604594,1022.05493
1741109604635,1022.0611
1741109604655,1022.0601
1741109604697,1022.06476
1741109604735,1022.06396
1741109604757,1022.0592
1741109604796,1022.0637
1741109604835,1022.0709
1741109604857,1022.07367
1741109604896,1022.0713
1741109604937,1022.0722
1741109604955,1022.0604
1741109604996,1022.0665
1741109605035,1022.066
1741109605055,1022.0691
1741109605094,1022.0662
1741109605135,1022.06604
1741109605154,1022.07605
1741109605196,1022.0706
1741109605237,1022.0703
1741109605255,1022.06854
1741109605295,1022.08154
1741109605335,1022.0797
1741109605357,1022.08203
1741109605395,1022.0912
1741109605435,1022.0937
1741109605455,1022.0938
1741109605495,1022.098
1741109605536,1022.10376
1741109605555,1022.10626
1741109605594,1022.09973
1741109605634,1022.1014
1741109605654,1022.1028
1741109605694,1022.1116
1741109605735,1022.1196
1741109605756,1022.1245
1741109605797,1022.1274
1741109605836,1022.13055
1741109605856,1022.13025
1741109605896,1022.13556
1741109605936,1022.1363
1741109605954,1022.1375
1741109605995,1022.1373
1741109606035,1022.14014
1741109606055,1022.14777
1741109606094,1022.15594
1741109606135,1022.1575
1741109606155,1022.1534
1741109606194,1022.1666
1741109606235,1022.1698
1741109606256,1022.1705
1741109606297,1022.17175
1741109606334,1022.1794
1741109606355,1022.1825
1741109606394,1022.1894
1741109606436,1022.1936
1741109606455,1022.1964
1741109606494,1022.1884
1741109606535,1022.1976
1741109606555,1022.1987
1741109606593,1022.2008
1741109606634,1022.2042
1741109606654,1022.2068
1741109606693,1022.2067
1741109606734,1022.2036
1741109606755,1022.2037
1741109606795,1022.20544
1741109606834,1022.20844
1741109606855,1022.20593
1741109606894,1022.20996
1741109606934,1022.20593
1741109606954,1022.2113
1741109606995,1022.21533
1741109607034,1022.21
1741109607055,1022.21313
1741109607096,1022.2198
1741109607133,1022.21924
1741109607154,1022.2204
1741109607196,1022.2261
1741109607233,1022.22974
1741109607253,1022.2233
1741109607296,1022.2351
1741109607336,1022.23206
1741109607354,1022.2291
1741109607394,1022.2349
1741109607434,1022.23285
1741109607453,1022.2358
1741109607494,1022.2365
1741109607534,1022.2368
1741109607555,1022.23517
1741109607597,1022.23047
1741109607634,1022.2372
1741109607654,1022.2406
1741109607694,1022.2295
1741109607734,1022.237
1741109607753,1022.2317
1741109607794,1022.2205
1741109607837,1022.22076
1741109607854,1022.2303
1741109607894,1022.2259
1741109607936,1022.23425
1741109607954,1022.23486
1741109607995,1022.23486
1741109608034,1022.2387
1741109608054,1022.23566
1741109608098,1022.2273
1741109608132,1022.2257
1741109608153,1022.2274
1741109608193,1022.23035
1741109608234,1022.231
1741109608254,1022.236
1741109608294,1022.2375
1741109608335,1022.2356
1741109608353,1022.24176
1741109608394,1022.2341
1741109608434,1022.2272
1741109608455,1022.22253
1741109608495,1022.2268
1741109608534,1022.2209
1741109608554,1022.2247
1741109608595,1022.22906
1741109608632,1022.2201
1741109608653,1022.2171
1741109608699,1022.2252
1741109608734,1022.21985
1741109608752,1022.21234
1741109608794,1022.2185
1741109608833,1022.22076
1741109608853,1022.2218
1741109608893,1022.2236
1741109608933,1022.22217
1741109608954,1022.2223
1741109608992,1022.22217
1741109609033,1022.216
1741109609056,1022.21014
1741109609096,1022.21063
1741109609133,1022.2132
1741109609153,1022.2033
1741109609194,1022.1993
1741109609234,1022.20245
1741109609253,1022.2145
1741109609292,1022.2212
1741109609333,1022.2151
1741109609354,1022.20416
1741109609393,1022.20154
1741109609432,1022.20233
1741109609455,1022.19775
1741109609494,1022.20056
1741109609532,1022.2009
1741109609553,1022.2022
1741109609599,1022.2014
1741109609631,1022.1974
1741109609652,1022.2031
1741109609697,1022.2013
1741109609733,1022.2058
1741109609754,1022.2062
1741109609792,1022.1994
1741109609833,1022.1978
1741109609853,1022.20044
1741109609894,1022.2009
1741109609932,1022.19543
1741109609958,1022.19293
1741109609993,1022.198
1741109610032,1022.20026
1741109610053,1022.1964
1741109610095,1022.1994
1741109610131,1022.20557
1741109610153,1022.2085
1741109610194,1022.19885
1741109610231,1022.19366
1741109610254,1022.1893
1741109610294,1022.19037
1741109610333,1022.1916
1741109610354,1022.1985
1741109610393,1022.2024
1741109610433,1022.2018
1741109610454,1022.20905
1741109610493,1022.2046
1741109610533,1022.19354
1741109610554,1022.18335
1741109610596,1022.19305
1741109610632,1022.1979
1741109610652,1022.1964
1741109610691,1022.1975
1741109610733,1022.20776
1741109610753,1022.2056
1741109610793,1022.1915
1741109610832,1022.18195
1741109610853,1022.18506
1741109610893,1022.1913
1741109610932,1022.1939
1741109610954,1022.2022
1741109610992,1022.20447
1741109611031,1022.1981
1741109611052,1022.2003
1741109611098,1022.1997
1741109611131,1022.2011
1741109611152,1022.1993
1741109611193,1022.202
1741109611233,1022.20526
1741109611252,1022.2079
1741109611294,1022.2042
1741109611332,1022.20557
1741109611352,1022.20514
1741109611395,1022.2095
1741109611432,1022.21124
1741109611452,1022.21094
1741109611492,1022.20166
1741109611532,1022.2025
1741109611552,1022.20416
1741109611591,1022.2018
1741109611630,1022.20026
1741109611650,1022.20026
1741109611693,1022.19574
1741109611732,1022.1921
1741109611752,1022.19434
1741109611792,1022.1963
1741109611831,1022.2073
1741109611852,1022.2113
1741109611892,1022.21075
1741109611932,1022.203
1741109611952,1022.1996
1741109611993,1022.19354
1741109612032,1022.1931
1741109612052,1022.19507
1741109612091,1022.19257
1741109612130,1022.1889
1741109612151,1022.19135
1741109612193,1022.18164
1741109612231,1022.17444
1741109612251,1022.1743
1741109612292,1022.1843
1741109612332,1022.1887
1741109612351,1022.1937
1741109612390,1022.1905
1741109612432,1022.18744
1741109612452,1022.19214
1741109612492,1022.1909
1741109612531,1022.1835
1741109612552,1022.1896
1741109612590,1022.19434
1741109612630,1022.1954
1741109612651,1022.18933
1741109612693,1022.18854
1741109612731,1022.1867
1741109612751,1022.1877
1741109612791,1022.1825
1741109612832,1022.18634
1741109612854,1022.1974
1741109612892,1022.19867
1741109612931,1022.19275
1741109612951,1022.18677
1741109612992,1022.18176
1741109613031,1022.18994
1741109613051,1022.18225
1741109613092,1022.18896
1741109613130,1022.18994
1741109613150,1022.1883
1741109613190,1022.185
1741109613232,1022.1821
1741109613252,1022.1867
1741109613293,1022.19385
1741109613331,1022.1952
1741109613352,1022.1905
1741109613391,1022.1904
1741109613431,1022.1867
1741109613453,1022.17633
1741109613492,1022.17786
1741109613534,1022.17126
1741109613550,1022.16724
1741109613591,1022.15717
1741109613630,1022.1623
1741109613652,1022.1592
1741109613691,1022.16394
1741109613731,1022.1614
1741109613750,1022.1577
1741109613792,1022.1603
1741109613834,1022.1593
1741109613852,1022.15576
1741109613892,1022.14734
1741109613931,1022.1553
1741109613953,1022.15186
1741109613991,1022.1495
1741109614031,1022.1489
1741109614053,1022.14404
1741109614091,1022.15063
1741109614131,1022.1464
1741109614149,1022.14453
1741109614191,1022.14746
1741109614230,1022.14856
1741109614250,1022.1382
1741109614291,1022.13873
1741109614329,1022.1343
1741109614351,1022.1367
1741109614390,1022.13824
1741109614431,1022.13354
1741109614452,1022.13525
1741109614490,1022.14374
1741109614529,1022.13354
1741109614551,1022.1315
1741109614592,1022.1304
1741109614629,1022.1243
1741109614669,1022.1162
1741109614691,1022.1215
1741109614730,1022.13806
1741109614769,1022.1325
1741109614789,1022.12195
1741109614829,1022.1155
1741109614871,1022.122
1741109614892,1022.1154
1741109614931,1022.1177
1741109614970,1022.10986
1741109614991,1022.1118
1741109615030,1022.10803
1741109615069,1022.09937
1741109615091,1022.10376
1741109615130,1022.1025
1741109615170,1022.1095
1741109615189,1022.1175
1741109615229,1022.11005
1741109615271,1022.11145
1741109615292,1022.1024
1741109615330,1022.10254
1741109615370,1022.1019
1741109615390,1022.10583
1741109615430,1022.1023
1741109615470,1022.1045
1741109615491,1022.10675
1741109615531,1022.10455
1741109615572,1022.10486
1741109615590,1022.09906
1741109615629,1022.09375
1741109615669,1022.09094
1741109615694,1022.09424
1741109615730,1022.09033
1741109615771,1022.0921
1741109615790,1022.0959
1741109615831,1022.0881
1741109615871,1022.08563
1741109615889,1022.08075
1741109615929,1022.08704
1741109615971,1022.08905
1741109615990,1022.0918
1741109616029,1022.08417
1741109616069,1022.08405
1741109616090,1022.0733
1741109616128,1022.07654
1741109616168,1022.0823
1741109616189,1022.09094
1741109616230,1022.0872
1741109616270,1022.08704
1741109616290,1022.0896
1741109616330,1022.089
1741109616369,1022.08563
1741109616389,1022.0811
1741109616429,1022.07684
1741109616469,1022.07764
1741109616490,1022.0743
1741109616530,1022.0802
1741109616570,1022.0736
1741109616590,1022.0841
1741109616628,1022.0805
1741109616668,1022.068
1741109616689,1022.0803
1741109616727,1022.0824
1741109616769,1022.0841
1741109616792,1022.0758
1741109616835,1022.07227
1741109616869,1022.07056
1741109616890,1022.07007
1741109616929,1022.07416
1741109616970,1022.0774
1741109616989,1022.073
1741109617029,1022.0637
1741109617070,1022.06256
1741109617092,1022.06805
1741109617128,1022.07166
1741109617169,1022.08167
1741109617192,1022.0849
1741109617228,1022.0824
1741109617268,1022.0786
1741109617290,1022.07275
1741109617330,1022.0719
1741109617368,1022.07086
1741109617390,1022.0775
1741109617429,1022.0701
1741109617470,1022.07007
1741109617489,1022.0663
1741109617530,1022.0692
1741109617570,1022.0684
1741109617589,1022.0693
1741109617629,1022.06775
1741109617668,1022.07477
1741109617689,1022.067
1741109617729,1022.0596
1741109617768,1022.0594
1741109617789,1022.05554
1741109617828,1022.052
1741109617869,1022.0579
1741109617891,1022.05676
1741109617928,1022.05396
1741109617969,1022.06165
1741109617989,1022.0683
1741109618029,1022.07275
1741109618070,1022.07446
1741109618088,1022.0726
1741109618128,1022.07306
1741109618168,1022.0737
1741109618188,1022.0741
1741109618228,1022.0755
1741109618270,1022.07684
1741109618290,1022.07294
1741109618329,1022.0709
1741109618371,1022.07367
1741109618390,1022.0678
1741109618428,1022.06226
1741109618467,1022.06134
1741109618501,1022.06006
1741109618527,1022.0552
1741109618569,1022.0561
1741109618587,1022.0603
1741109618627,1022.05725
1741109618668,1022.0498
1741109618688,1022.058
1741109618727,1022.0592
1741109618770,1022.05273
1741109618787,1022.0558
1741109618829,1022.05664
1741109618870,1022.0605
1741109618889,1022.07983
1741109618930,1022.08
1741109618968,1022.0699
1741109618987,1022.06506
1741109619031,1022.06494
1741109619068,1022.0673
1741109619089,1022.05365
1741109619128,1022.0611
1741109619168,1022.0619
1741109619189,1022.06244
1741109619227,1022.069
1741109619268,1022.0688
1741109619288,1022.0694
1741109619327,1022.0624
1741109619367,1022.06464
1741109619388,1022.06757
1741109619427,1022.07025
1741109619467,1022.06305
1741109619486,1022.065
1741109619527,1022.06836
1741109619567,1022.07275
1741109619587,1022.06775
1741109619627,1022.0671
1741109619666,1022.0697
1741109619687,1022.0691
1741109619729,1022.0696
1741109619767,1022.0735
1741109619788,1022.0726
1741109619828,1022.07294
1741109619867,1022.07623
1741109619889,1022.07214
1741109619928,1022.0704
1741109619967,1022.07227
1741109619989,1022.0779
1741109620028,1022.0776
1741109620067,1022.0794
1741109620089,1022.08545
1741109620127,1022.08954
1741109620167,1022.0936
1741109620186,1022.0956
1741109620228,1022.10144
1741109620267,1022.1086
1741109620288,1022.1017
1741109620326,1022.1036
1741109620368,1022.093
1741109620387,1022.08813
1741109620427,1022.0896
1741109620471,1022.10266
1741109620489,1022.11005
1741109620527,1022.1196
1741109620567,1022.1263
1741109620588,1022.1286
1741109620630,1022.13416
1741109620666,1022.14575
1741109620687,1022.14624
1741109620732,1022.14844
1741109620766,1022.146
1741109620786,1022.14856
1741109620828,1022.15314
1741109620867,1022.1605
1741109620887,1022.1665
1741109620927,1022.1784
1741109620967,1022.1742
1741109620987,1022.17596
1741109621026,1022.1745
1741109621066,1022.1738
1741109621086,1022.1768
1741109621132,1022.1852
1741109621165,1022.1885
1741109621186,1022.19055
1741109621228,1022.19904
1741109621266,1022.199
1741109621289,1022.1958
1741109621327,1022.19385
1741109621373,1022.19604
1741109621386,1022.1993
1741109621427,1022.20325
1741109621466,1022.20575
1741109621488,1022.2081
1741109621526,1022.2102
1741109621566,1022.2117
1741109621586,1022.21277
1741109621635,1022.225
1741109621665,1022.22943
1741109621686,1022.2304
1741109621729,1022.22327
1741109621767,1022.2114
1741109621787,1022.2158
1741109621826,1022.22125
1741109621869,1022.2209
1741109621886,1022.2242
1741109621926,1022.2278
1741109621965,1022.2229
1741109621989,1022.2217
1741109622030,1022.2352
1741109622065,1022.22943
1741109622087,1022.2348
1741109622126,1022.22906
1741109622165,1022.2289
1741109622185,1022.2312
1741109622227,1022.237
1741109622265,1022.22925
1741109622286,1022.2367
1741109622326,1022.2367
1741109622367,1022.2374
1741109622389,1022.23267
1741109622428,1022.2309
1741109622466,1022.2354
1741109622487,1022.231
1741109622526,1022.23065
1741109622565,1022.23834
1741109622588,1022.23566
1741109622627,1022.23785
1741109622665,1022.2279
1741109622685,1022.2325
1741109622730,1022.23773
1741109622765,1022.2396
1741109622785,1022.24866
1741109622826,1022.238
1741109622867,1022.2299
1741109622885,1022.23145
1741109622925,1022.233
1741109622966,1022.2312
1741109622986,1022.23785
1741109623025,1022.2351
1741109623065,1022.23444
1741109623086,1022.243
1741109623130,1022.24396
1741109623164,1022.24524
1741109623184,1022.2352
1741109623226,1022.2365
1741109623265,1022.23883
1741109623289,1022.2407
1741109623325,1022.236
1741109623366,1022.2358
1741109623386,1022.2328
1741109623425,1022.2432
1741109623465,1022.2464
1741109623484,1022.2415
1741109623526,1022.23474
1741109623566,1022.23474
1741109623585,1022.24207
1741109623626,1022.24866
1741109623664,1022.2382
1741109623684,1022.2256
1741109623729,1022.2292
1741109623766,1022.239
1741109623784,1022.244
1741109623824,1022.2402
1741109623865,1022.2391
1741109623885,1022.2413
1741109623925,1022.2382
1741109623965,1022.2444
1741109623985,1022.2357
1741109624025,1022.2412
1741109624065,1022.24414
1741109624085,1022.2426
1741109624125,1022.24915
1741109624163,1022.24695
1741109624184,1022.24084
1741109624226,1022.24005
1741109624265,1022.2393
1741109624285,1022.233
1741109624324,1022.2328
1741109624365,1022.228
1741109624385,1022.2275
1741109624425,1022.22974
1741109624466,1022.23425
1741109624485,1022.2348
1741109624525,1022.2294
1741109624565,1022.2234
1741109624584,1022.2283
1741109624628,1022.2289
1741109624663,1022.2376
1741109624683,1022.24146
1741109624727,1022.23315
1741109624764,1022.23236
1741109624787,1022.2462
1741109624824,1022.23834
1741109624863,1022.22797
1741109624884,1022.22046
1741109624925,1022.223
1741109624965,1022.22015
1741109624984,1022.2305
1741109625026,1022.2241
1741109625064,1022.22186
1741109625085,1022.2321
1741109625124,1022.2247
1741109625163,1022.22925
1741109625184,1022.2248
1741109625229,1022.2223
1741109625264,1022.2276
1741109625285,1022.22577
1741109625324,1022.228
1741109625364,1022.23035
1741109625385,1022.22125
1741109625427,1022.2157
1741109625464,1022.21826
1741109625483,1022.2174
1741109625524,1022.2235
1741109625563,1022.21704
1741109625583,1022.2186
1741109625628,1022.21686
1741109625663,1022.2158
1741109625684,1022.21564
1741109625725,1022.20917
1741109625763,1022.20605
1741109625784,1022.2047
1741109625824,1022.20325
1741109625864,1022.20294
1741109625884,1022.20404
1741109625924,1022.202
1741109625964,1022.1921
1741109625984,1022.1854
1741109626024,1022.18884
1741109626063,1022.19104
1741109626084,1022.1908
1741109626123,1022.1889
1741109626162,1022.1792
1741109626182,1022.1747
1741109626224,1022.1878
1741109626264,1022.1801
1741109626284,1022.17847
1741109626323,1022.1694
1741109626364,1022.1653
1741109626384,1022.1685
1741109626424,1022.1683
1741109626466,1022.1675
1741109626485,1022.16626
1741109626525,1022.1625
1741109626563,1022.1609
1741109626584,1022.159
1741109626625,1022.17004
1741109626664,1022.1634
1741109626685,1022.1588
1741109626724,1022.1733
1741109626762,1022.1692
1741109626783,1022.1666
1741109626823,1022.16565
1741109626863,1022.1584
1741109626884,1022.1597
1741109626926,1022.1611
1741109626963,1022.1612
1741109626984,1022.16394
1741109627024,1022.1573
1741109627064,1022.14966
1741109627082,1022.1477
1741109627128,1022.1527
1741109627168,1022.1476
1741109627182,1022.14764
1741109627223,1022.1414
1741109627263,1022.1406
1741109627283,1022.148
1741109627324,1022.1444
1741109627364,1022.1386
1741109627382,1022.1273
1741109627422,1022.12915
1741109627463,1022.1244
1741109627483,1022.12506
1741109627523,1022.14185
1741109627564,1022.1411
1741109627582,1022.13965
1741109627623,1022.1407
1741109627663,1022.13446
1741109627681,1022.1329
1741109627727,1022.1328
1741109627764,1022.13135
1741109627784,1022.12256
1741109627825,1022.1228
1741109627862,1022.12256
1741109627883,1022.1231
1741109627923,1022.11615
1741109627963,1022.1234
1741109627984,1022.1178
1741109628025,1022.12244
1741109628065,1022.1199
1741109628084,1022.11755
1741109628124,1022.1129
1741109628162,1022.1161
1741109628182,1022.1109
1741109628223,1022.1022
1741109628262,1022.1122
1741109628283,1022.1031
1741109628326,1022.10034
1741109628363,1022.10455
1741109628388,1022.1094
1741109628424,1022.1074
1741109628463,1022.11005
1741109628483,1022.11554
1741109628523,1022.11383
1741109628564,1022.1033
1741109628582,1022.1016
1741109628624,1022.0997
1741109628663,1022.10486
1741109628682,1022.10547
1741109628722,1022.0951
1741109628762,1022.09894
1741109628782,1022.1085
1741109628822,1022.1041
1741109628863,1022.0986
1741109628882,1022.0921
1741109628922,1022.09186
1741109628964,1022.0924
1741109628983,1022.0935
1741109629022,1022.09705
1741109629063,1022.1033
1741109629081,1022.0992
1741109629123,1022.0972
1741109629163,1022.0923
1741109629181,1022.1011
1741109629221,1022.09436
1741109629262,1022.0891
1741109629283,1022.08264
1741109629321,1022.0866
1741109629362,1022.082
1741109629381,1022.08276
1741109629422,1022.07697
1741109629463,1022.0793
1741109629484,1022.0808
1741109629522,1022.0738
1741109629562,1022.0788
1741109629584,1022.0729
1741109629625,1022.0807
1741109629661,1022.0853
1741109629680,1022.0918
1741109629723,1022.0904
1741109629762,1022.0865
1741109629781,1022.10095
1741109629822,1022.08954
1741109629864,1022.08057
1741109629883,1022.0846
1741109629920,1022.075
1741109629961,1022.06934
1741109629980,1022.07654
1741109630022,1022.08
1741109630062,1022.0808
1741109630082,1022.07556
1741109630123,1022.07074
1741109630162,1022.07043
1741109630180,1022.06915
1741109630222,1022.06323
1741109630261,1022.0657
1741109630281,1022.0696
1741109630321,1022.0596
1741109630361,1022.06177
1741109630380,1022.0749
1741109630421,1022.08057
1741109630460,1022.0746
1741109630481,1022.0775
1741109630520,1022.07434
1741109630562,1022.07684
1741109630582,1022.06885
1741109630621,1022.063
1741109630662,1022.05615
1741109630680,1022.051
1741109630723,1022.0534
1741109630760,1022.0613
1741109630781,1022.061
1741109630821,1022.06104
1741109630862,1022.0623
1741109630882,1022.0633
1741109630923,1022.063
1741109630961,1022.0625
1741109630980,1022.0617
1741109631022,1022.06335
1741109631061,1022.0641
1741109631083,1022.06323
1741109631121,1022.0611
1741109631165,1022.0553
1741109631180,1022.0544
1741109631221,1022.0603
1741109631269,1022.06146
1741109631281,1022.06335
1741109631323,1022.0613
1741109631362,1022.0603
1741109631382,1022.0598
1741109631421,1022.068
1741109631463,1022.0631
1741109631480,1022.063
1741109631520,1022.07245
1741109631560,1022.0678
1741109631582,1022.0715
1741109631621,1022.0766
1741109631661,1022.06964
1741109631680,1022.0648
1741109631721,1022.06323
1741109631762,1022.06384
1741109631780,1022.0709
1741109631822,1022.06537
1741109631861,1022.074
1741109631882,1022.06696
1741109631922,1022.0639
1741109631961,1022.0674
1741109631980,1022.06805
1741109632020,1022.0696
1741109632060,1022.06323
1741109632080,1022.05194
1741109632121,1022.054
1741109632165,1022.062
1741109632180,1022.06104
1741109632220,1022.06036
1741109632262,1022.06323
1741109632282,1022.06036
1741109632322,1022.0633
1741109632360,1022.06506
1741109632381,1022.06903
1741109632420,1022.06116
1741109632463,1022.0597
1741109632482,1022.05365
1741109632520,1022.0532
1741109632560,1022.05756
1741109632582,1022.0628
1741109632622,1022.06396
1741109632663,1022.06506
1741109632679,1022.06433
1741109632722,1022.05756
1741109632764,1022.0666
1741109632781,1022.0611
1741109632820,1022.055
1741109632860,1022.05133
1741109632880,1022.04755
1741109632922,1022.06067
1741109632960,1022.0585
1741109632980,1022.0661
1741109633020,1022.06
1741109633061,1022.0538
1741109633080,1022.0578
1741109633122,1022.06287
1741109633163,1022.0587
1741109633179,1022.04443
1741109633225,1022.0514
1741109633263,1022.0502
1741109633281,1022.0567
1741109633323,1022.05286
1741109633359,1022.04956
1741109633380,1022.05725
1741109633421,1022.05524
1741109633459,1022.0575
1741109633480,1022.06744
1741109633525,1022.0675
1741109633560,1022.06274
1741109633579,1022.0602
1741109633620,1022.05005
1741109633665,1022.0499
1741109633679,1022.0475
1741109633719,1022.0492
1741109633769,1022.0526
1741109633779,1022.0516
1741109633820,1022.0505
1741109633861,1022.05273
1741109633879,1022.05444
1741109633922,1022.05414
1741109633959,1022.0585
1741109633981,1022.0569
1741109634021,1022.06287
1741109634060,1022.063
1741109634080,1022.063
1741109634122,1022.0652
1741109634159,1022.0624
1741109634181,1022.06055
1741109634219,1022.05005
1741109634262,1022.0493
1741109634280,1022.04364
1741109634319,1022.0541
1741109634361,1022.0492
1741109634379,1022.05444
1741109634421,1022.057
1741109634460,1022.0664
1741109634481,1022.06525
1741109634520,1022.0653
1741109634559,1022.06177
1741109634580,1022.05896
1741109634623,1022.0538
1741109634659,1022.0485
1741109634683,1022.0493
1741109634718,1022.0515
1741109634760,1022.05206
1741109634781,1022.0564
1741109634819,1022.0569
1741109634860,1022.0637
1741109634880,1022.05676
1741109634919,1022.0559
1741109634962,1022.0536
1741109634978,1022.0552
1741109635018,1022.0608
1741109635059,1022.057
1741109635081,1022.0581
1741109635120,1022.05457
1741109635159,1022.0602
1741109635181,1022.06616
1741109635219,1022.063
1741109635259,1022.0576
1741109635279,1022.0595
1741109635319,1022.0572
1741109635359,1022.0609
1741109635380,1022.0559
1741109635420,1022.0592
1741109635460,1022.0637
1741109635480,1022.0452
1741109635519,1022.052
1741109635565,1022.0648
1741109635579,1022.0708
1741109635618,1022.0702
1741109635660,1022.0623
1741109635677,1022.0581
1741109635718,1022.063
1741109635765,1022.0643
1741109635779,1022.0603
1741109635821,1022.0532
1741109635859,1022.051
1741109635881,1022.0459
1741109635919,1022.0537
1741109635962,1022.05786
1741109635979,1022.05786
1741109636019,1022.06226
1741109636061,1022.0646
1741109636079,1022.0615
1741109636119,1022.06274
1741109636158,1022.0646
1741109636197,1022.06494
1741109636218,1022.0582
1741109636261,1022.0618
1741109636300,1022.05396
1741109636320,1022.04834
1741109636359,1022.0585
1741109636378,1022.053
1741109636419,1022.0623
1741109636458,1022.063
1741109636500,1022.0586
1741109636517,1022.058
1741109636556,1022.0581
1741109636599,1022.0611
1741109636618,1022.06995
1741109636659,1022.0693
1741109636698,1022.0761
1741109636718,1022.0696
1741109636759,1022.0676
1741109636797,1022.06885
1741109636818,1022.06226
1741109636858,1022.067
1741109636898,1022.0663
1741109636920,1022.0581
1741109636959,1022.0632
1741109637000,1022.0707
1741109637018,1022.058
1741109637062,1022.0493
1741109637102,1022.0414
1741109637119,1022.0519
1741109637157,1022.0527
1741109637197,1022.0641
1741109637217,1022.0664
1741109637263,1022.0589
1741109637298,1022.05347
1741109637318,1022.05426
1741109637357,1022.06604
1741109637398,1022.0753
1741109637419,1022.0661
1741109637458,1022.06525
1741109637499,1022.0674
1741109637519,1022.06586
1741109637558,1022.0613
1741109637597,1022.0565
1741109637618,1022.0588
1741109637660,1022.0692
1741109637700,1022.06665
1741109637716,1022.0625
1741109637757,1022.06067
1741109637797,1022.06146
1741109637820,1022.07227
1741109637858,1022.06506
1741109637898,1022.0642
1741109637919,1022.0674
1741109637957,1022.0612
1741109637999,1022.0668
1741109638017,1022.06396
1741109638059,1022.06744
1741109638097,1022.0694
1741109638121,1022.0654
1741109638157,1022.0687
1741109638196,1022.0624
1741109638216,1022.07227
1741109638260,1022.07556
1741109638278,1022.07275
1741109638317,1022.07825
1741109638356,1022.07367
1741109638397,1022.07495
1741109638421,1022.08374
1741109638460,1022.0829
1741109638498,1022.07654
1741109638518,1022.073
1741109638557,1022.0693
1741109638597,1022.0741
1741109638619,1022.0748
1741109638658,1022.0671
1741109638696,1022.0692
1741109638717,1022.07495
1741109638757,1022.0677
1741109638797,1022.06506
1741109638818,1022.069
1741109638857,1022.0764
1741109638896,1022.0782
1741109638916,1022.0712
1741109638957,1022.06335
1741109638998,1022.0696
1741109639018,1022.0714
1741109639058,1022.0673
1741109639097,1022.067
1741109639116,1022.0598
1741109639158,1022.0621
1741109639196,1022.06464
1741109639216,1022.0644
1741109639256,1022.06744
1741109639297,1022.06537
1741109639316,1022.0665
1741109639357,1022.06274
1741109639397,1022.07104
1741109639418,1022.0624
1741109639456,1022.0663
1741109639497,1022.06555
1741109639516,1022.0711
1741109639556,1022.07697
1741109639599,1022.08716
1741109639617,1022.0803
1741109639658,1022.0797
1741109639695,1022.08276
1741109639716,1022.07214
1741109639755,1022.0785
1741109639796,1022.0809
1741109639817,1022.075
1741109639856,1022.0668
1741109639898,1022.06726
1741109639918,1022.0695
1741109639956,1022.06805
1741109639996,1022.0692
1741109640016,1022.0757
1741109640056,1022.0831
1741109640095,1022.0758
1741109640124,1022.0691
1741109640159,1022.0592
1741109640196,1022.0594
1741109640215,1022.06555
1741109640255,1022.06537
1741109640295,1022.06085
1741109640318,1022.05725
1741109640356,1022.06506
1741109640396,1022.06586
1741109640416,1022.07825
1741109640456,1022.0823
1741109640495,1022.0732
1741109640516,1022.0812
1741109640556,1022.0853
1741109640598,1022.0857
1741109640617,1022.08215
1741109640656,1022.0913
1741109640695,1022.08374
1741109640715,1022.08673
1741109640755,1022.0925
1741109640795,1022.09814
1741109640816,1022.1053
1741109640856,1022.11127
1741109640895,1022.1151
1741109640915,1022.118
1741109640956,1022.12585
1741109640995,1022.12665
1741109641016,1022.1184
1741109641058,1022.1272
1741109641096,1022.1311
1741109641116,1022.1266
1741109641162,1022.1377
1741109641194,1022.13336
1741109641215,1022.1363
1741109641255,1022.13776
1741109641294,1022.14105
1741109641315,1022.1498
1741109641355,1022.15405
1741109641395,1022.1605
1741109641416,1022.16833
1741109641455,1022.1637
1741109641495,1022.1669
1741109641514,1022.17206
1741109641555,1022.1814
1741109641598,1022.17926
1741109641615,1022.17993
1741109641655,1022.18567
1741109641696,1022.1881
1741109641719,1022.1871
1741109641755,1022.1945
1741109641795,1022.2025
1741109641815,1022.2123
1741109641855,1022.20496
1741109641895,1022.1968
1741109641916,1022.201
1741109641955,1022.2104
1741109641996,1022.2217
1741109642015,1022.22595
1741109642055,1022.22504
1741109642095,1022.2253
1741109642115,1022.2156
1741109642157,1022.22253
1741109642197,1022.2243
1741109642215,1022.22064
1741109642254,1022.2207
1741109642297,1022.2278
1741109642316,1022.22723
1741109642354,1022.2283
1741109642395,1022.2339
1741109642415,1022.23004
1741109642454,1022.2357
1741109642495,1022.23553
1741109642514,1022.2377
1741109642555,1022.235
1741109642595,1022.2438
1741109642614,1022.2394
1741109642654,1022.2273
1741109642695,1022.2212
1741109642714,1022.2346
1741109642754,1022.23773
1741109642795,1022.2389
1741109642815,1022.23145
1741109642854,1022.2299
1741109642894,1022.2298
1741109642913,1022.22565
1741109642955,1022.22516
1741109642997,1022.22034
1741109643015,1022.21704
1741109643054,1022.2228
1741109643095,1022.22906
1741109643114,1022.2217
1741109643157,1022.2206
1741109643195,1022.22217
1741109643214,1022.2257
1741109643254,1022.23505
1741109643294,1022.2361
1741109643315,1022.2324
1741109643354,1022.22894
1741109643394,1022.2274
1741109643414,1022.22595
1741109643455,1022.2272
1741109643495,1022.22894
1741109643514,1022.2243
1741109643555,1022.2297
1741109643594,1022.2369
1741109643613,1022.23914
1741109643655,1022.2417
1741109643695,1022.234
1741109643713,1022.2402
1741109643753,1022.2401
1741109643793,1022.23596
1741109643814,1022.2346
1741109643855,1022.2334
1741109643894,1022.23047
1741109643915,1022.2264
1741109643953,1022.23083
1741109643995,1022.23285
1741109644013,1022.2323
1741109644054,1022.2296
1741109644094,1022.2369
1741109644113,1022.2365
1741109644155,1022.23865
1741109644193,1022.243
1741109644212,1022.23474
1741109644254,1022.24396
1741109644293,1022.2471
1741109644314,1022.2437
1741109644354,1022.2423
1741109644395,1022.2275
1741109644413,1022.2319
1741109644454,1022.23883
1741109644494,1022.23926
1741109644514,1022.2393
1741109644553,1022.23834
1741109644596,1022.2405
1741109644614,1022.23456
1741109644654,1022.2362
1741109644692,1022.23944
1741109644712,1022.2308
1741109644753,1022.23175
1741109644794,1022.2348
1741109644814,1022.23047
1741109644854,1022.2289
1741109644896,1022.2286
1741109644913,1022.22986
1741109644953,1022.2263
1741109644994,1022.22095
1741109645015,1022.2215
1741109645054,1022.2265
1741109645093,1022.22845
1741109645113,1022.2325
1741109645154,1022.24194
1741109645192,1022.2319
1741109645212,1022.2284
1741109645253,1022.2283
1741109645293,1022.23047
1741109645312,1022.2209
1741109645353,1022.2275
1741109645395,1022.22894
1741109645412,1022.22217
1741109645454,1022.21857
1741109645494,1022.22266
1741109645514,1022.218
1741109645553,1022.2196
1741109645594,1022.2179
1741109645615,1022.2178
1741109645654,1022.22394
1741109645693,1022.2274
1741109645712,1022.2221
1741109645753,1022.2233
1741109645795,1022.2223
1741109645814,1022.22363
1741109645854,1022.22723
1741109645892,1022.2214
1741109645914,1022.21533
1741109645953,1022.2074
1741109645993,1022.2017
1741109646012,1022.2067
1741109646053,1022.2079
1741109646094,1022.2177
1741109646116,1022.22174
1741109646153,1022.2175
1741109646192,1022.21063
1741109646213,1022.2039
1741109646253,1022.204
1741109646296,1022.20935
1741109646312,1022.20544
1741109646354,1022.20465
1741109646393,1022.20337
1741109646414,1022.2012
1741109646454,1022.2062
1741109646494,1022.1944
1741109646511,1022.19574
1741109646551,1022.1997
1741109646592,1022.20135
1741109646613,1022.19855
1741109646655,1022.2009
1741109646692,1022.2007
1741109646711,1022.1893
1741109646753,1022.1855
1741109646792,1022.18396
1741109646811,1022.18225
1741109646854,1022.18933
1741109646892,1022.19055
1741109646911,1022.18286
1741109646952,1022.1737
1741109646993,1022.1725
1741109647013,1022.17456
1741109647053,1022.181
1741109647091,1022.17957
1741109647112,1022.176
1741109647153,1022.17114
1741109647192,1022.1719
1741109647211,1022.17444
1741109647251,1022.17444
1741109647294,1022.1819
1741109647312,1022.167
1741109647353,1022.1625
1741109647394,1022.1647
1741109647412,1022.1601
1741109647452,1022.1538
1741109647492,1022.1537
1741109647512,1022.156
1741109647553,1022.14966
1741109647593,1022.1561
1741109647615,1022.1505
1741109647653,1022.14856
1741109647692,1022.14636
1741109647711,1022.15265
1741109647751,1022.1448
1741109647792,1022.14844
1741109647811,1022.15173
1741109647853,1022.15
1741109647892,1022.1468
1741109647913,1022.15186
1741109647954,1022.15186
1741109647991,1022.14813
1741109648012,1022.1456
1741109648054,1022.1507
1741109648090,1022.1466
1741109648111,1022.146
1741109648151,1022.14154
1741109648191,1022.13525
1741109648212,1022.1318
1741109648253,1022.1306
1741109648291,1022.12085
1741109648312,1022.1161
1741109648351,1022.1147
1741109648392,1022.1208
1741109648411,1022.1228
1741109648454,1022.12823
1741109648493,1022.1294
1741109648513,1022.12317
1741109648550,1022.1211
1741109648591,1022.1174
1741109648612,1022.1203
1741109648652,1022.11847
1741109648694,1022.1243
1741109648712,1022.1238
1741109648751,1022.12036
1741109648794,1022.11554
1741109648812,1022.11835
1741109648850,1022.11694
1741109648892,1022.1188
1741109648911,1022.1097
1741109648952,1022.1018
1741109648991,1022.09644
1741109649011,1022.09296
1741109649052,1022.09326
1741109649092,1022.087
1741109649112,1022.0879
1741109649152,1022.08966
1741109649191,1022.0892
1741109649211,1022.0951
1741109649251,1022.10034
1741109649291,1022.1048
1741109649312,1022.1039
1741109649353,1022.1029
1741109649392,1022.1045
1741109649411,1022.1085
1741109649450,1022.1072
1741109649492,1022.099
1741109649511,1022.085
1741109649552,1022.0863
1741109649591,1022.08185
1741109649612,1022.08276
1741109649650,1022.0846
1741109649693,1022.0847
1741109649711,1022.07495
1741109649751,1022.07623
1741109649792,1022.09326
1741109649810,1022.0866
1741109649850,1022.1387
1741109649891,1022.12634
1741109649911,1022.09814
1741109649952,1022.08484
1741109649993,1022.0773
1741109650011,1022.08295
1741109650050,1022.08417
1741109650093,1022.0899
1741109650111,1022.09216
1741109650151,1022.094
1741109650193,1022.09814
1741109650210,1022.0918
1741109650250,1022.08966
1741109650296,1022.09204
1741109650312,1022.10315
1741109650351,1022.11664
1741109650392,1022.12067
1741109650411,1022.1056
1741109650452,1022.0781
1741109650493,1022.0762
1741109650510,1022.08
1741109650552,1022.06024
1741109650590,1022.06696
1741109650610,1022.08154
1741109650651,1022.097
1741109650714,1022.12787
1741109650714,1022.13696
1741109650749,1022.1058
1741109650789,1022.1046
1741109650809,1022.11914
1741109650850,1022.1208
1741109650890,1022.13654
1741109650911,1022.1045
1741109650950,1022.0441
1741109650991,1022.05164
1741109651010,1022.07135
1741109651051,1022.0663
1741109651090,1022.05676
1741109651109,1022.0774
1741109651150,1022.09283
1741109651189,1022.07214
1741109651209,1022.0571
1741109651249,1022.01996
1741109651290,1022.0097
1741109651311,1022.0377
1741109651350,1022.03735
1741109651391,1022.03046
1741109651411,1022.0425
1741109651449,1022.03064
1741109651490,1022.02106
1741109651510,1022.036
1741109651550,1022.03015
1741109651589,1022.02423
1741109651609,1022.0261
1741109651651,1022.0436
1741109651691,1022.05774
1741109651710,1022.0903
1741109651749,1022.079
1741109651801,1022.071
1741109651809,1022.052
1741109651850,1022.05164
1741109651890,1022.03467
1741109651910,1022.0199
1741109651950,1022.02216
1741109651993,1022.0212
1741109652011,1022.0288
1741109652053,1022.0386
1741109652091,1022.0471
1741109652110,1022.0552
1741109652150,1022.05225
1741109652190,1022.05084
1741109652211,1022.05145
1741109652250,1022.0513
1741109652289,1022.04913
1741109652310,1022.04614
1741109652350,1022.05536
1741109652389,1022.0608
1741109652410,1022.0613
1741109652450,1022.0591
1741109652490,1022.0622
1741109652509,1022.07056
1741109652548,1022.0685
1741109652590,1022.1696
1741109652609,1022.1321
1741109652650,1022.1101
1741109652696,1022.08984
1741109652710,1022.0736
1741109652749,1022.06165
1741109652791,1022.0565
1741109652811,1022.04694
1741109652850,1022.05457
1741109652889,1022.0541
1741109652910,1022.05896
1741109652949,1022.06226
1741109652989,1022.0602
1741109653009,1022.0486
1741109653049,1022.05176
1741109653089,1022.0497
1741109653111,1022.0431
1741109653150,1022.052
1741109653191,1022.0544
1741109653210,1022.0515
1741109653249,1022.0554
1741109653290,1022.0529
1741109653309,1022.0563
1741109653348,1022.06006
1741109653390,1022.05896
1741109653408,1022.05396
1741109653449,1022.04724
1741109653489,1022.05115
1741109653507,1022.06165
1741109653548,1022.0715
1741109653588,1022.0702
1741109653610,1022.06195
1741109653648,1022.06244
1741109653688,1022.05927
1741109653708,1022.0599
1741109653747,1022.046
1741109653787,1022.05164
1741109653807,1022.0502
1741109653848,1022.04114
1741109653888,1022.0382
1741109653908,1022.0396
1741109653948,1022.0399
1741109653988,1022.04297
1741109654010,1022.0492
1741109654047,1022.0503
1741109654088,1022.0569
1741109654108,1022.0574
1741109654148,1022.0641
1741109654188,1022.0647
1741109654208,1022.04517
1741109654247,1022.05054
1741109654287,1022.0479
1741109654309,1022.0523
1741109654349,1022.0523
1741109654388,1022.0515
1741109654409,1022.05554
1741109654450,1022.0662
1741109654491,1022.0647
1741109654511,1022.0538
1741109654547,1022.0574
1741109654589,1022.055
1741109654610,1022.0539
1741109654649,1022.0607
1741109654691,1022.0629
1741109654716,1022.0604
1741109654747,1022.04553
1741109654786,1022.04535
1741109654806,1022.04614
1741109654847,1022.0403
1741109654886,1022.0425
1741109654906,1022.04675
1741109654952,1022.0407
1741109654999,1022.0529
1741109655006,1022.04565
1741109655047,1022.0533
1741109655087,1022.06195
1741109655107,1022.05566
1741109655152,1022.06165
1741109655186,1022.05774
1741109655206,1022.0552
1741109655251,1022.055
1741109655290,1022.05914
1741109655308,1022.0686
1741109655349,1022.06854
1741109655388,1022.0565
1741109655407,1022.0626
1741109655448,1022.0634
1741109655487,1022.0646
1741109655507,1022.05927
1741109655550,1022.05414
1741109655589,1022.04614
1741109655610,1022.0553
1741109655650,1022.053
1741109655687,1022.05884
1741109655708,1022.06274
1741109655748,1022.0623
1741109655788,1022.05615
1741109655806,1022.06104
1741109655849,1022.0597
1741109655886,1022.0625
1741109655908,1022.0516
1741109655958,1022.0492
1741109655987,1022.0486
1741109656007,1022.05
1741109656047,1022.0569
1741109656089,1022.05884
1741109656109,1022.0627
1741109656147,1022.048
1741109656187,1022.0485
1741109656206,1022.0448
1741109656247,1022.0577
1741109656287,1022.0524
1741109656308,1022.0529
1741109656348,1022.0638
1741109656390,1022.0665
1741109656407,1022.06354
1741109656447,1022.0651
1741109656489,1022.0594
1741109656506,1022.0576
1741109656546,1022.0587
1741109656588,1022.0595
1741109656607,1022.05066
1741109656648,1022.0524
1741109656686,1022.0524
1741109656706,1022.0586
1741109656746,1022.0655
1741109656788,1022.0661
1741109656809,1022.0688
1741109656847,1022.0622
1741109656888,1022.06793
1741109656907,1022.063
1741109656946,1022.0655
1741109656986,1022.0638
1741109657007,1022.0644
1741109657046,1022.06366
1741109657086,1022.0555
1741109657106,1022.0621
1741109657147,1022.0595
1741109657186,1022.06165
1741109657207,1022.06976
1741109657248,1022.0659
1741109657288,1022.05597
1741109657306,1022.0561
1741109657346,1022.0601
1741109657386,1022.0592
1741109657407,1022.0551
1741109657447,1022.0597
1741109657489,1022.06665
1741109657508,1022.0569
1741109657546,1022.0532
1741109657589,1022.06024
1741109657609,1022.0596
1741109657648,1022.0609
1741109657688,1022.06274
1741109657707,1022.06055
1741109657747,1022.0664
1741109657786,1022.0642
1741109657807,1022.0664
1741109657847,1022.0608
1741109657885,1022.0623
1741109657905,1022.0608
1741109657946,1022.0668
1741109657991,1022.0715
1741109658008,1022.07104
1741109658047,1022.06433
1741109658086,1022.0604
1741109658126,1022.0593
1741109658148,1022.0592
1741109658186,1022.07117
1741109658230,1022.0813
1741109658247,1022.07605
1741109658287,1022.0725
1741109658307,1022.0624
1741109658345,1022.0615
1741109658385,1022.0599
