1741113024137,1022.44214
1741113024155,1022.49567
1741113024195,1022.52313
1741113024235,1022.5349
1741113024255,1022.5376
1741113024296,1022.5399
1741113024335,1022.5479
1741113024355,1022.5571
1741113024395,1022.5575
1741113024435,1022.5537
1741113024454,1022.5615
1741113024495,1022.5626
1741113024539,1022.57166
1741113024556,1022.55896
1741113024597,1022.56946
1741113024641,1022.57416
1741113024656,1022.56696
1741113024695,1022.5681
1741113024735,1022.5661
1741113024755,1022.56445
1741113024795,1022.5681
1741113024835,1022.5752
1741113024855,1022.5712
1741113024896,1022.56915
1741113024938,1022.5644
1741113024956,1022.56085
1741113024997,1022.5654
1741113025037,1022.5686
1741113025055,1022.5647
1741113025095,1022.5681
1741113025137,1022.57007
1741113025154,1022.56494
1741113025195,1022.5596
1741113025236,1022.55365
1741113025258,1022.5563
1741113025296,1022.55536
1741113025338,1022.55945
1741113025355,1022.5663
1741113025395,1022.5687
1741113025435,1022.5605
1741113025457,1022.5575
1741113025496,1022.5569
1741113025536,1022.56335
1741113025556,1022.56775
1741113025595,1022.5725
1741113025637,1022.577
1741113025655,1022.5705
1741113025695,1022.5688
1741113025738,1022.5724
1741113025754,1022.56665
1741113025794,1022.5729
1741113025835,1022.5729
1741113025859,1022.5732
1741113025895,1022.57043
1741113025934,1022.57227
1741113025954,1022.5835
1741113025995,1022.5864
1741113026034,1022.5834
1741113026055,1022.5741
1741113026098,1022.575
1741113026133,1022.5692
1741113026158,1022.5671
1741113026196,1022.5704
1741113026242,1022.57495
1741113026258,1022.56323
1741113026295,1022.56805
1741113026334,1022.57214
1741113026354,1022.57886
1741113026396,1022.5785
1741113026433,1022.5773
1741113026456,1022.57275
1741113026495,1022.56476
1741113026534,1022.5693
1741113026557,1022.5645
1741113026598,1022.5586
1741113026634,1022.5584
1741113026653,1022.5587
1741113026695,1022.56036
1741113026737,1022.5631
1741113026755,1022.5627
1741113026794,1022.567
1741113026835,1022.56433
1741113026855,1022.5704
1741113026896,1022.57184
1741113026934,1022.5618
1741113026955,1022.5463
1741113026995,1022.5383
1741113027037,1022.54517
1741113027055,1022.5464
1741113027094,1022.5424
1741113027134,1022.5497
1741113027157,1022.5526
1741113027195,1022.5485
1741113027235,1022.55383
1741113027254,1022.55396
1741113027297,1022.5445
1741113027336,1022.5389
1741113027356,1022.5393
1741113027394,1022.5334
1741113027437,1022.5305
1741113027455,1022.5324
1741113027494,1022.53516
1741113027535,1022.538
1741113027554,1022.54175
1741113027596,1022.5478
1741113027635,1022.54004
1741113027655,1022.5294
1741113027694,1022.52264
1741113027735,1022.51294
1741113027754,1022.518
1741113027794,1022.5215
1741113027837,1022.5309
1741113027855,1022.5322
1741113027894,1022.52106
1741113027935,1022.5163
1741113027954,1022.505
1741113027995,1022.49603
1741113028035,1022.50366
1741113028054,1022.504
1741113028095,1022.5033
1741113028134,1022.5006
1741113028153,1022.4896
1741113028194,1022.48706
1741113028235,1022.48236
1741113028254,1022.48206
1741113028294,1022.4669
1741113028335,1022.4669
1741113028354,1022.4646
1741113028395,1022.46375
1741113028433,1022.45703
1741113028453,1022.458
1741113028495,1022.4614
1741113028534,1022.449
1741113028554,1022.4436
1741113028594,1022.4466
1741113028633,1022.44635
1741113028653,1022.4322
1741113028693,1022.4366
1741113028734,1022.44165
1741113028754,1022.4309
1741113028794,1022.4287
1741113028833,1022.41864
1741113028854,1022.4148
1741113028894,1022.41187
1741113028934,1022.4077
1741113028956,1022.40173
1741113028994,1022.3979
1741113029035,1022.3973
1741113029055,1022.39746
1741113029095,1022.38855
1741113029135,1022.3821
1741113029153,1022.38116
1741113029193,1022.3767
1741113029233,1022.37994
1741113029255,1022.3769
1741113029294,1022.37317
1741113029334,1022.3635
1741113029353,1022.35803
1741113029394,1022.3533
1741113029434,1022.34607
1741113029453,1022.34467
1741113029493,1022.34705
1741113029534,1022.3506
1741113029553,1022.3487
1741113029593,1022.3408
1741113029637,1022.3314
1741113029653,1022.33105
1741113029693,1022.32043
1741113029733,1022.31116
1741113029753,1022.3175
1741113029794,1022.31757
1741113029833,1022.3075
1741113029853,1022.3013
1741113029893,1022.29614
1741113029933,1022.2926
1741113029955,1022.2887
1741113029994,1022.28534
1741113030035,1022.28516
1741113030054,1022.2826
1741113030100,1022.2716
1741113030135,1022.2754
1741113030151,1022.27454
1741113030192,1022.2751
1741113030233,1022.26697
1741113030254,1022.2733
1741113030294,1022.26715
1741113030334,1022.2759
1741113030354,1022.2597
1741113030394,1022.2555
1741113030432,1022.2505
1741113030453,1022.25256
1741113030496,1022.2562
1741113030532,1022.2492
1741113030553,1022.24457
1741113030594,1022.2499
1741113030638,1022.24817
1741113030652,1022.2366
1741113030693,1022.2362
1741113030734,1022.2297
1741113030752,1022.2196
1741113030793,1022.22974
1741113030833,1022.22864
1741113030854,1022.23193
1741113030892,1022.22156
1741113030933,1022.20575
1741113030954,1022.20496
1741113030994,1022.21423
1741113031035,1022.20984
1741113031054,1022.20825
1741113031091,1022.20447
1741113031139,1022.19824
1741113031154,1022.1926
1741113031192,1022.1857
1741113031236,1022.17664
1741113031253,1022.17554
1741113031292,1022.178
1741113031342,1022.17773
1741113031356,1022.1731
1741113031392,1022.1699
1741113031434,1022.1693
1741113031454,1022.1666
1741113031494,1022.16614
1741113031533,1022.1525
1741113031552,1022.16235
1741113031592,1022.1581
1741113031634,1022.1624
1741113031652,1022.161
1741113031691,1022.1473
1741113031738,1022.1388
1741113031753,1022.1435
1741113031794,1022.14514
1741113031833,1022.1378
1741113031852,1022.1494
1741113031894,1022.1471
1741113031932,1022.13873
1741113031952,1022.1388
1741113031994,1022.1322
1741113032033,1022.13086
1741113032054,1022.12646
1741113032092,1022.128
1741113032134,1022.1197
1741113032155,1022.1073
1741113032192,1022.1018
1741113032233,1022.1083
1741113032255,1022.10767
1741113032293,1022.1124
1741113032334,1022.095
1741113032355,1022.094
1741113032398,1022.0958
1741113032433,1022.0986
1741113032454,1022.1011
1741113032495,1022.10284
1741113032532,1022.10315
1741113032555,1022.10077
1741113032592,1022.0955
1741113032632,1022.0854
1741113032652,1022.08435
1741113032691,1022.0841
1741113032736,1022.0782
1741113032751,1022.0724
1741113032793,1022.073
1741113032834,1022.07574
1741113032853,1022.0803
1741113032893,1022.08606
1741113032933,1022.0829
1741113032952,1022.086
1741113032992,1022.0768
1741113033032,1022.0708
1741113033053,1022.0654
1741113033092,1022.072
1741113033131,1022.0726
1741113033151,1022.06366
1741113033194,1022.0774
1741113033231,1022.0763
1741113033251,1022.07355
1741113033292,1022.076
1741113033335,1022.0745
1741113033351,1022.0737
1741113033391,1022.0768
1741113033431,1022.076
1741113033452,1022.0816
1741113033493,1022.0798
1741113033534,1022.0821
1741113033552,1022.0822
1741113033592,1022.078
1741113033632,1022.0868
1741113033650,1022.0857
1741113033691,1022.08295
1741113033739,1022.07837
1741113033751,1022.07434
1741113033791,1022.0719
1741113033832,1022.0742
1741113033853,1022.0768
1741113033892,1022.06573
1741113033932,1022.0731
1741113033952,1022.0689
1741113033991,1022.0753
1741113034034,1022.0779
1741113034052,1022.07806
1741113034093,1022.0729
1741113034132,1022.0712
1741113034150,1022.07
1741113034190,1022.06903
1741113034238,1022.0625
1741113034251,1022.0616
1741113034291,1022.0701
1741113034333,1022.07117
1741113034350,1022.07227
1741113034391,1022.0714
1741113034432,1022.06836
1741113034451,1022.07056
1741113034492,1022.0744
1741113034531,1022.0699
1741113034551,1022.0658
1741113034602,1022.0691
1741113034631,1022.0812
1741113034650,1022.0781
1741113034689,1022.06726
1741113034730,1022.06555
1741113034751,1022.067
1741113034792,1022.06824
1741113034830,1022.0656
1741113034851,1022.0689
1741113034890,1022.0725
1741113034931,1022.07886
1741113034952,1022.0752
1741113034991,1022.0663
1741113035029,1022.06976
1741113035049,1022.0793
1741113035090,1022.077
1741113035133,1022.0842
1741113035152,1022.08203
1741113035189,1022.084
1741113035229,1022.07715
1741113035253,1022.07104
1741113035289,1022.0774
1741113035331,1022.065
1741113035352,1022.0669
1741113035393,1022.072
1741113035430,1022.07605
1741113035451,1022.0751
1741113035491,1022.07776
1741113035531,1022.0735
1741113035551,1022.0719
1741113035592,1022.0757
1741113035629,1022.0685
1741113035651,1022.0652
1741113035692,1022.06946
1741113035731,1022.07184
1741113035750,1022.06647
1741113035789,1022.0652
1741113035836,1022.06836
1741113035850,1022.07336
1741113035889,1022.0703
1741113035931,1022.0651
1741113035951,1022.0623
1741113035989,1022.06244
1741113036032,1022.0639
1741113036051,1022.0709
1741113036091,1022.0584
1741113036130,1022.0591
1741113036149,1022.0587
1741113036189,1022.06366
1741113036229,1022.0707
1741113036248,1022.0757
1741113036290,1022.07666
1741113036331,1022.07654
1741113036349,1022.08026
1741113036392,1022.08276
1741113036429,1022.07275
1741113036450,1022.0751
1741113036491,1022.0871
1741113036529,1022.0763
1741113036550,1022.0685
1741113036591,1022.06525
1741113036629,1022.0641
1741113036650,1022.0648
1741113036689,1022.06665
1741113036730,1022.0648
1741113036749,1022.0591
1741113036790,1022.05347
1741113036830,1022.05444
1741113036849,1022.0575
1741113036891,1022.07153
1741113036933,1022.06836
1741113036950,1022.07385
1741113036990,1022.06854
1741113037031,1022.0611
1741113037055,1022.05524
1741113037089,1022.0552
1741113037131,1022.0581
1741113037150,1022.0681
1741113037189,1022.0549
1741113037229,1022.0545
1741113037249,1022.0587
1741113037288,1022.0534
1741113037330,1022.06116
1741113037350,1022.06537
1741113037388,1022.0679
1741113037430,1022.0669
1741113037450,1022.0654
1741113037489,1022.0637
1741113037529,1022.06525
1741113037551,1022.06683
1741113037589,1022.06195
1741113037631,1022.0613
1741113037649,1022.0576
1741113037688,1022.058
1741113037728,1022.0612
1741113037748,1022.0686
1741113037791,1022.0649
1741113037828,1022.0619
1741113037848,1022.06696
1741113037889,1022.0733
1741113037929,1022.0685
1741113037949,1022.064
1741113037988,1022.06506
1741113038029,1022.0709
1741113038049,1022.0774
1741113038089,1022.0707
1741113038129,1022.07214
1741113038149,1022.07056
1741113038188,1022.07465
1741113038228,1022.0783
1741113038248,1022.0825
1741113038288,1022.0937
1741113038330,1022.0923
1741113038350,1022.084
1741113038388,1022.0895
1741113038429,1022.0888
1741113038449,1022.086
1741113038488,1022.08875
1741113038528,1022.0864
1741113038550,1022.0855
1741113038594,1022.0853
1741113038628,1022.08344
1741113038649,1022.0796
1741113038687,1022.0854
1741113038728,1022.07904
1741113038748,1022.08185
1741113038787,1022.0835
1741113038828,1022.08215
1741113038850,1022.07916
1741113038887,1022.07513
1741113038929,1022.0668
1741113038949,1022.065
1741113038989,1022.0716
1741113039028,1022.0752
1741113039050,1022.07336
1741113039089,1022.0734
1741113039130,1022.0733
1741113039149,1022.0668
1741113039190,1022.0666
1741113039227,1022.0695
1741113039246,1022.06616
1741113039288,1022.0704
1741113039329,1022.0802
1741113039350,1022.08093
1741113039388,1022.0858
1741113039427,1022.07465
1741113039448,1022.0784
1741113039487,1022.09045
1741113039530,1022.0876
1741113039549,1022.0775
1741113039589,1022.0729
1741113039628,1022.0674
1741113039649,1022.07117
1741113039687,1022.0716
1741113039726,1022.07465
1741113039747,1022.07086
1741113039789,1022.0761
1741113039833,1022.07367
1741113039848,1022.0696
1741113039890,1022.0667
1741113039928,1022.0658
1741113039948,1022.0554
1741113039988,1022.0665
1741113040032,1022.06995
1741113040047,1022.0712
1741113040091,1022.07355
1741113040128,1022.0628
1741113040149,1022.0678
1741113040188,1022.0709
1741113040227,1022.0745
1741113040247,1022.0824
1741113040288,1022.083
1741113040329,1022.08154
1741113040349,1022.0821
1741113040388,1022.0848
1741113040431,1022.0832
1741113040449,1022.0833
1741113040488,1022.0823
1741113040527,1022.0716
1741113040547,1022.06824
1741113040588,1022.0709
1741113040628,1022.0753
1741113040649,1022.0737
1741113040688,1022.0829
1741113040726,1022.0838
1741113040746,1022.0746
1741113040790,1022.07324
1741113040829,1022.0801
1741113040848,1022.07983
1741113040887,1022.0861
1741113040928,1022.0895
1741113040947,1022.08966
1741113040987,1022.0921
1741113041027,1022.09845
1741113041049,1022.08936
1741113041089,1022.0869
1741113041133,1022.0863
1741113041154,1022.0855
1741113041187,1022.0909
1741113041225,1022.0919
1741113041246,1022.0832
1741113041287,1022.0868
1741113041327,1022.07837
1741113041348,1022.09094
1741113041389,1022.0863
1741113041426,1022.0813
1741113041447,1022.07556
1741113041486,1022.07336
1741113041526,1022.0779
1741113041546,1022.07983
1741113041586,1022.08844
1741113041627,1022.087
1741113041646,1022.0792
1741113041686,1022.087
1741113041726,1022.08673
1741113041745,1022.1
1741113041786,1022.0842
1741113041827,1022.078
1741113041847,1022.08014
1741113041889,1022.08826
1741113041928,1022.0824
1741113041946,1022.0843
1741113041986,1022.0858
1741113042027,1022.0844
1741113042047,1022.0823
1741113042089,1022.08136
1741113042127,1022.0818
1741113042146,1022.08466
1741113042185,1022.0893
1741113042226,1022.08636
1741113042249,1022.0781
1741113042288,1022.08655
1741113042327,1022.0797
1741113042347,1022.0885
1741113042389,1022.0864
1741113042428,1022.0906
1741113042446,1022.0919
1741113042488,1022.0882
1741113042525,1022.08636
1741113042548,1022.0862
1741113042587,1022.08777
1741113042627,1022.0891
1741113042645,1022.095
1741113042688,1022.0956
1741113042726,1022.09515
1741113042746,1022.0901
1741113042789,1022.0978
1741113042827,1022.0975
1741113042847,1022.0868
1741113042886,1022.0793
1741113042927,1022.0667
1741113042947,1022.0635
1741113042986,1022.0657
1741113043025,1022.0685
1741113043045,1022.06616
1741113043086,1022.07117
1741113043126,1022.0806
1741113043147,1022.07886
1741113043184,1022.08136
1741113043226,1022.076
1741113043246,1022.08813
1741113043287,1022.09344
1741113043326,1022.0831
1741113043345,1022.08813
1741113043387,1022.08356
1741113043427,1022.08215
1741113043447,1022.0829
1741113043486,1022.0789
1741113043527,1022.07874
1741113043546,1022.07635
1741113043585,1022.0771
1741113043626,1022.08124
1741113043646,1022.0894
1741113043685,1022.08813
1741113043724,1022.0906
1741113043746,1022.0855
1741113043785,1022.09546
1741113043826,1022.08765
1741113043846,1022.0868
1741113043885,1022.0864
1741113043925,1022.08923
1741113043948,1022.08417
1741113043988,1022.08075
1741113044026,1022.0836
1741113044049,1022.0769
1741113044085,1022.0779
1741113044127,1022.0737
1741113044147,1022.0701
1741113044186,1022.07916
1741113044225,1022.0873
1741113044245,1022.09174
1741113044286,1022.10315
1741113044327,1022.1004
1741113044346,1022.0856
1741113044388,1022.0851
1741113044427,1022.0859
1741113044447,1022.07306
1741113044490,1022.0769
1741113044526,1022.07574
1741113044546,1022.0755
1741113044588,1022.09546
1741113044627,1022.09827
1741113044645,1022.1051
1741113044687,1022.0976
1741113044726,1022.0885
1741113044744,1022.08954
1741113044786,1022.08594
1741113044827,1022.085
1741113044848,1022.08704
1741113044885,1022.08636
1741113044926,1022.08716
1741113044945,1022.0782
1741113044986,1022.0804
1741113045024,1022.08606
1741113045046,1022.0915
1741113045087,1022.0886
1741113045124,1022.08923
1741113045145,1022.09155
1741113045185,1022.091
1741113045223,1022.10126
1741113045245,1022.09796
1741113045284,1022.10034
1741113045325,1022.09644
1741113045345,1022.1033
1741113045388,1022.09753
1741113045425,1022.09894
1741113045444,1022.1011
1741113045486,1022.0907
1741113045527,1022.0912
1741113045545,1022.10065
1741113045584,1022.1026
1741113045624,1022.09106
1741113045645,1022.08984
1741113045684,1022.0964
1741113045723,1022.09204
1741113045743,1022.0967
1741113045785,1022.0897
1741113045825,1022.0896
1741113045845,1022.08923
1741113045892,1022.0825
1741113045924,1022.0723
1741113045965,1022.0757
1741113045984,1022.0863
1741113046025,1022.0819
1741113046065,1022.07837
1741113046084,1022.07733
1741113046127,1022.08417
1741113046146,1022.09076
1741113046185,1022.0913
1741113046223,1022.0838
1741113046264,1022.08636
1741113046284,1022.0858
1741113046323,1022.09094
1741113046364,1022.0875
1741113046390,1022.0967
1741113046424,1022.0903
1741113046444,1022.0966
1741113046483,1022.0875
1741113046523,1022.08185
1741113046563,1022.0801
1741113046582,1022.0812
1741113046623,1022.08344
1741113046663,1022.09064
1741113046683,1022.0922
1741113046722,1022.08984
1741113046743,1022.08887
1741113046785,1022.0912
1741113046824,1022.0833
1741113046863,1022.0858
1741113046883,1022.0958
1741113046923,1022.09436
1741113046964,1022.08655
1741113046984,1022.08264
1741113047024,1022.0702
1741113047063,1022.0674
1741113047083,1022.07367
1741113047123,1022.08484
1741113047165,1022.08704
1741113047185,1022.0812
1741113047225,1022.08514
1741113047262,1022.09155
1741113047284,1022.0929
1741113047322,1022.09216
1741113047363,1022.084
1741113047383,1022.08093
1741113047423,1022.08203
1741113047464,1022.08453
1741113047483,1022.0858
1741113047523,1022.08325
1741113047562,1022.08484
1741113047584,1022.08795
1741113047624,1022.09045
1741113047662,1022.0901
1741113047683,1022.08704
1741113047722,1022.08496
1741113047764,1022.09296
1741113047784,1022.0922
1741113047825,1022.0839
1741113047862,1022.0891
1741113047882,1022.0863
1741113047924,1022.08923
1741113047963,1022.096
1741113047983,1022.1006
1741113048023,1022.0925
1741113048062,1022.0897
1741113048084,1022.0961
1741113048121,1022.082
1741113048164,1022.0841
1741113048183,1022.08093
1741113048223,1022.0698
1741113048263,1022.07166
1741113048286,1022.0729
1741113048323,1022.0763
1741113048363,1022.07495
1741113048384,1022.0781
1741113048422,1022.08215
1741113048462,1022.0884
1741113048483,1022.0836
1741113048522,1022.08575
1741113048563,1022.0908
1741113048582,1022.0929
1741113048622,1022.0912
1741113048662,1022.0891
1741113048681,1022.0957
1741113048721,1022.0895
1741113048763,1022.09155
1741113048783,1022.0913
1741113048823,1022.09314
1741113048864,1022.0952
1741113048883,1022.091
1741113048922,1022.09924
1741113048963,1022.0986
1741113048982,1022.10364
1741113049021,1022.1011
1741113049061,1022.09784
1741113049082,1022.1042
1741113049122,1022.1033
1741113049165,1022.10767
1741113049182,1022.11084
1741113049222,1022.108
1741113049264,1022.10535
1741113049284,1022.1033
1741113049322,1022.1041
1741113049363,1022.10944
1741113049382,1022.1085
1741113049425,1022.11224
1741113049463,1022.1113
1741113049484,1022.1129
1741113049522,1022.1138
1741113049564,1022.111
1741113049583,1022.1093
1741113049625,1022.11316
1741113049661,1022.1188
1741113049681,1022.1151
1741113049722,1022.1215
1741113049763,1022.1217
1741113049782,1022.12256
1741113049821,1022.1195
1741113049862,1022.12134
1741113049883,1022.1207
1741113049926,1022.11725
1741113049962,1022.11633
1741113049983,1022.1183
1741113050023,1022.11676
1741113050062,1022.1201
1741113050082,1022.1226
1741113050122,1022.1226
1741113050161,1022.11365
1741113050181,1022.1061
1741113050222,1022.1118
1741113050262,1022.12634
1741113050283,1022.11975
1741113050322,1022.1199
1741113050363,1022.11316
1741113050383,1022.11035
1741113050421,1022.1144
1741113050464,1022.1139
1741113050482,1022.1097
1741113050520,1022.11664
1741113050561,1022.1215
1741113050581,1022.11633
1741113050621,1022.11957
1741113050661,1022.1231
1741113050681,1022.1299
1741113050720,1022.12866
1741113050762,1022.1176
1741113050782,1022.1248
1741113050823,1022.125
1741113050860,1022.12946
1741113050881,1022.13715
1741113050921,1022.13794
1741113050962,1022.13293
1741113050981,1022.1255
1741113051020,1022.12946
1741113051062,1022.13293
1741113051083,1022.1401
1741113051123,1022.14056
1741113051160,1022.13617
1741113051181,1022.129
1741113051221,1022.13354
1741113051260,1022.1297
1741113051281,1022.1424
1741113051321,1022.1413
1741113051362,1022.14215
1741113051382,1022.1402
1741113051420,1022.1509
1741113051461,1022.1523
1741113051481,1022.1453
1741113051520,1022.1424
1741113051560,1022.145
1741113051579,1022.1461
1741113051620,1022.1454
1741113051659,1022.14105
1741113051680,1022.1343
1741113051721,1022.1343
1741113051764,1022.1297
1741113051782,1022.13043
1741113051820,1022.12537
1741113051861,1022.1256
1741113051880,1022.12665
1741113051921,1022.1299
1741113051959,1022.1321
1741113051980,1022.13245
1741113052022,1022.13153
1741113052060,1022.137
1741113052079,1022.13544
1741113052121,1022.1406
1741113052162,1022.1364
1741113052181,1022.1371
1741113052219,1022.13275
1741113052260,1022.1324
1741113052280,1022.13525
1741113052321,1022.12964
1741113052362,1022.1282
1741113052379,1022.1287
1741113052421,1022.1297
1741113052460,1022.1261
1741113052482,1022.1245
1741113052519,1022.1192
1741113052560,1022.10156
1741113052582,1022.10016
1741113052620,1022.1044
1741113052661,1022.0961
1741113052682,1022.0858
1741113052721,1022.0805
1741113052760,1022.0702
1741113052780,1022.06067
1741113052820,1022.0587
1741113052860,1022.0658
1741113052880,1022.0737
1741113052919,1022.07153
1741113052961,1022.07184
1741113052981,1022.0649
1741113053020,1022.06116
1741113053059,1022.0694
1741113053079,1022.0786
1741113053119,1022.0667
1741113053163,1022.0536
1741113053180,1022.0492
1741113053219,1022.06116
1741113053259,1022.0571
1741113053279,1022.0659
1741113053320,1022.0675
1741113053359,1022.0569
1741113053379,1022.05554
1741113053419,1022.06274
1741113053459,1022.065
1741113053479,1022.0568
1741113053523,1022.05927
1741113053560,1022.05865
1741113053578,1022.05066
1741113053621,1022.0499
1741113053661,1022.04785
1741113053680,1022.0494
1741113053719,1022.06537
1741113053759,1022.05457
1741113053779,1022.0413
1741113053823,1022.044
1741113053862,1022.04065
1741113053880,1022.0388
1741113053919,1022.0499
1741113053959,1022.04333
1741113053980,1022.046
1741113054018,1022.043
1741113054058,1022.0467
1741113054079,1022.0433
1741113054118,1022.0548
1741113054161,1022.0476
1741113054182,1022.0443
1741113054219,1022.04736
1741113054258,1022.0536
1741113054279,1022.0601
1741113054319,1022.06866
1741113054361,1022.0667
1741113054379,1022.07214
1741113054419,1022.06494
1741113054459,1022.0523
1741113054480,1022.0414
1741113054519,1022.04645
1741113054560,1022.05066
1741113054579,1022.0536
1741113054619,1022.0611
1741113054659,1022.0564
1741113054678,1022.058
1741113054718,1022.0623
1741113054759,1022.0545
1741113054783,1022.0483
1741113054818,1022.04675
1741113054859,1022.04016
1741113054879,1022.0497
1741113054918,1022.04877
1741113054958,1022.05505
1741113054980,1022.0404
1741113055021,1022.037
1741113055059,1022.04034
1741113055079,1022.0381
1741113055120,1022.04016
1741113055159,1022.04456
1741113055179,1022.04266
1741113055218,1022.0459
1741113055258,1022.04004
1741113055277,1022.0474
1741113055318,1022.05115
1741113055358,1022.0453
1741113055378,1022.05316
1741113055418,1022.05597
1741113055458,1022.0611
1741113055478,1022.0646
1741113055518,1022.05896
1741113055558,1022.05896
1741113055577,1022.0631
1741113055621,1022.06165
1741113055659,1022.06696
1741113055678,1022.0651
1741113055718,1022.0565
1741113055757,1022.0563
1741113055779,1022.05286
1741113055819,1022.0534
1741113055859,1022.0516
1741113055879,1022.04803
1741113055918,1022.0471
1741113055959,1022.0454
1741113055980,1022.04956
1741113056017,1022.0419
1741113056058,1022.0471
1741113056079,1022.0429
1741113056118,1022.0506
1741113056158,1022.0569
1741113056178,1022.0607
1741113056217,1022.06696
1741113056257,1022.06934
1741113056285,1022.06195
1741113056318,1022.059
1741113056359,1022.05176
1741113056380,1022.057
1741113056417,1022.0575
1741113056458,1022.06647
1741113056477,1022.06244
1741113056518,1022.05566
1741113056558,1022.0543
1741113056578,1022.04944
1741113056618,1022.0481
1741113056657,1022.03705
1741113056677,1022.047
1741113056718,1022.0493
1741113056758,1022.0288
1741113056778,1022.0349
1741113056817,1022.0381
1741113056858,1022.0415
1741113056878,1022.0377
1741113056918,1022.03986
1741113056957,1022.0409
1741113056977,1022.0356
1741113057017,1022.0311
1741113057058,1022.0416
1741113057079,1022.04266
1741113057117,1022.03955
1741113057157,1022.0428
1741113057179,1022.02966
1741113057217,1022.0325
1741113057257,1022.0337
1741113057279,1022.03656
1741113057317,1022.0388
1741113057357,1022.0235
1741113057379,1022.0195
1741113057419,1022.01514
1741113057457,1022.0138
1741113057478,1022.0223
1741113057517,1022.0236
1741113057558,1022.02527
1741113057578,1022.0132
1741113057616,1022.0126
1741113057659,1022.0041
1741113057679,1022.0099
1741113057717,1022.01355
1741113057757,1022.0117
1741113057777,1022.0233
1741113057817,1022.0135
1741113057861,1022.01
1741113057877,1022.0023
1741113057916,1021.99536
1741113057956,1021.9824
1741113057979,1021.9841
1741113058019,1021.9801
1741113058057,1021.9802
1741113058077,1021.9784
1741113058119,1021.9791
1741113058158,1021.97345
1741113058176,1021.97095
1741113058216,1021.9656
1741113058256,1021.95917
1741113058277,1021.95764
1741113058316,1021.9533
1741113058358,1021.93945
1741113058378,1021.9439
1741113058417,1021.9458
1741113058456,1021.95276
1741113058477,1021.94385
1741113058517,1021.9367
1741113058557,1021.9226
1741113058576,1021.923
1741113058616,1021.9148
1741113058656,1021.9202
1741113058678,1021.9064
1741113058716,1021.90735
1741113058756,1021.90796
1741113058777,1021.9102
1741113058816,1021.90393
1741113058855,1021.903
1741113058876,1021.8926
1741113058916,1021.89685
1741113058958,1021.89136
1741113058977,1021.88934
1741113059017,1021.88525
1741113059056,1021.87915
1741113059077,1021.8651
1741113059117,1021.86707
1741113059157,1021.87085
1741113059175,1021.86865
1741113059216,1021.86584
1741113059258,1021.8578
1741113059279,1021.84143
1741113059316,1021.84576
1741113059356,1021.8532
1741113059378,1021.8509
1741113059417,1021.8439
1741113059457,1021.8428
1741113059476,1021.8456
1741113059517,1021.8366
1741113059557,1021.8295
1741113059577,1021.8263
1741113059616,1021.82776
1741113059656,1021.823
1741113059677,1021.8116
1741113059716,1021.80005
1741113059755,1021.8011
1741113059781,1021.7967
1741113059817,1021.791
1741113059857,1021.7899
1741113059876,1021.789
1741113059916,1021.7887
1741113059957,1021.7875
1741113059979,1021.78046
1741113060016,1021.78394
1741113060056,1021.7868
1741113060075,1021.77814
1741113060115,1021.7713
1741113060156,1021.7641
1741113060175,1021.76685
1741113060216,1021.75793
1741113060256,1021.75336
1741113060275,1021.7565
1741113060315,1021.75073
1741113060357,1021.7468
1741113060375,1021.7449
1741113060416,1021.74664
1741113060456,1021.75165
1741113060476,1021.7512
1741113060515,1021.74316
1741113060555,1021.7453
1741113060575,1021.7325
1741113060615,1021.7362
1741113060656,1021.74036
1741113060675,1021.73206
1741113060715,1021.7288
1741113060756,1021.7141
1741113060776,1021.71704
1741113060815,1021.71967
1741113060855,1021.7223
1741113060877,1021.72455
1741113060915,1021.723
1741113060955,1021.7246
1741113060977,1021.71265
1741113061015,1021.70374
1741113061059,1021.69763
1741113061075,1021.69366
1741113061116,1021.6841
1741113061155,1021.6819
1741113061175,1021.6817
1741113061215,1021.67944
1741113061254,1021.67566
1741113061275,1021.67975
1741113061316,1021.6762
1741113061359,1021.6755
1741113061378,1021.66693
1741113061418,1021.6664
1741113061456,1021.6585
1741113061476,1021.6551
1741113061517,1021.6533
1741113061559,1021.6483
1741113061575,1021.64026
1741113061616,1021.6355
1741113061657,1021.6365
1741113061676,1021.6462
1741113061716,1021.64417
1741113061760,1021.6453
1741113061776,1021.64404
1741113061816,1021.63904
1741113061855,1021.6379
1741113061875,1021.62646
1741113061915,1021.62244
1741113061956,1021.6124
1741113061977,1021.6096
1741113062016,1021.6022
1741113062056,1021.5959
1741113062075,1021.59985
1741113062117,1021.60034
1741113062155,1021.5911
1741113062178,1021.58887
1741113062216,1021.59283
1741113062255,1021.59
1741113062276,1021.58826
1741113062315,1021.58154
1741113062355,1021.574
1741113062377,1021.5795
1741113062415,1021.57434
1741113062458,1021.58875
1741113062475,1021.58246
1741113062516,1021.5837
1741113062556,1021.579
1741113062576,1021.5782
1741113062616,1021.57837
1741113062655,1021.57587
1741113062676,1021.56464
1741113062717,1021.5652
1741113062754,1021.5645
1741113062774,1021.5603
1741113062814,1021.5615
1741113062856,1021.56586
1741113062875,1021.5703
1741113062916,1021.57153
1741113062956,1021.5646
1741113062975,1021.5503
1741113063015,1021.5606
1741113063056,1021.5689
1741113063076,1021.57446
1741113063115,1021.56274
1741113063156,1021.5664
1741113063177,1021.57245
1741113063214,1021.57117
1741113063254,1021.56506
1741113063274,1021.55725
1741113063320,1021.55304
1741113063355,1021.5602
1741113063374,1021.5604
1741113063414,1021.56805
1741113063455,1021.5613
1741113063475,1021.56824
1741113063514,1021.5619
1741113063557,1021.55994
1741113063575,1021.55115
1741113063615,1021.5549
1741113063655,1021.5623
1741113063676,1021.56836
1741113063714,1021.5615
1741113063754,1021.5603
1741113063775,1021.55927
1741113063816,1021.56335
1741113063858,1021.5711
1741113063877,1021.56903
1741113063915,1021.5614
1741113063957,1021.5587
1741113063974,1021.54767
1741113064013,1021.5536
1741113064055,1021.5552
1741113064076,1021.55756
1741113064116,1021.5495
1741113064155,1021.54865
1741113064174,1021.55566
1741113064214,1021.54553
1741113064253,1021.54755
1741113064273,1021.55255
1741113064316,1021.55005
1741113064356,1021.54553
1741113064374,1021.54816
1741113064417,1021.55347
1741113064453,1021.5532
1741113064474,1021.55853
1741113064516,1021.55505
1741113064556,1021.5558
1741113064573,1021.5483
1741113064616,1021.5472
1741113064655,1021.5446
1741113064676,1021.54297
1741113064714,1021.54114
1741113064753,1021.5474
1741113064773,1021.5517
1741113064813,1021.55133
1741113064853,1021.54663
1741113064874,1021.5505
1741113064915,1021.55444
1741113064954,1021.54834
1741113064974,1021.5511
1741113065014,1021.54663
1741113065054,1021.54224
1741113065077,1021.5542
1741113065113,1021.55725
1741113065154,1021.55695
1741113065173,1021.55225
1741113065212,1021.55176
1741113065256,1021.5622
1741113065273,1021.56683
1741113065313,1021.56274
1741113065354,1021.5524
1741113065373,1021.5491
1741113065412,1021.5582
1741113065453,1021.5546
1741113065474,1021.5597
1741113065513,1021.55695
1741113065555,1021.54456
1741113065574,1021.549
1741113065613,1021.5539
1741113065656,1021.5576
1741113065675,1021.55
1741113065713,1021.5527
1741113065754,1021.55444
1741113065772,1021.5556
1741113065814,1021.55945
1741113065854,1021.5624
1741113065875,1021.5594
1741113065913,1021.55347
1741113065954,1021.5479
1741113065977,1021.5467
1741113066013,1021.54315
1741113066054,1021.5506
1741113066075,1021.54614
1741113066114,1021.5626
1741113066154,1021.5619
1741113066174,1021.5633
1741113066212,1021.5593
1741113066253,1021.5567
1741113066273,1021.55225
1741113066314,1021.55695
1741113066353,1021.5575
1741113066374,1021.5455
1741113066415,1021.5515
1741113066456,1021.54425
1741113066474,1021.5458
1741113066515,1021.5546
1741113066556,1021.5547
1741113066573,1021.5516
1741113066613,1021.5547
1741113066655,1021.55066
1741113066674,1021.552
1741113066712,1021.55304
1741113066752,1021.55115
1741113066774,1021.552
1741113066815,1021.54425
1741113066854,1021.54553
1741113066874,1021.53735
1741113066913,1021.549
1741113066954,1021.5496
1741113066972,1021.55676
1741113067014,1021.55035
1741113067055,1021.5456
1741113067075,1021.53955
1741113067113,1021.5348
1741113067153,1021.54297
1741113067172,1021.53815
1741113067213,1021.54126
1741113067252,1021.54834
1741113067272,1021.54346
1741113067315,1021.54785
1741113067354,1021.5456
1741113067374,1021.54565
1741113067412,1021.54944
1741113067454,1021.5493
1741113067473,1021.5491
1741113067513,1021.55524
1741113067553,1021.5521
1741113067573,1021.54834
1741113067613,1021.5545
1741113067655,1021.5487
1741113067675,1021.5469
1741113067715,1021.5596
1741113067751,1021.5513
1741113067772,1021.5515
1741113067813,1021.553
1741113067853,1021.5552
1741113067893,1021.562
1741113067914,1021.5688
1741113067953,1021.56744
1741113067994,1021.5708
1741113068012,1021.56604
1741113068055,1021.5612
1741113068094,1021.5559
1741113068114,1021.55994
1741113068153,1021.555
1741113068194,1021.56274
1741113068214,1021.5648
1741113068252,1021.5622
1741113068294,1021.56494
1741113068313,1021.56445
1741113068352,1021.56635
1741113068392,1021.5725
1741113068412,1021.5716
1741113068455,1021.57477
1741113068492,1021.57465
1741113068512,1021.57
1741113068552,1021.5626
1741113068594,1021.5603
1741113068613,1021.56354
1741113068653,1021.5594
1741113068692,1021.573
1741113068715,1021.5681
1741113068751,1021.56665
1741113068792,1021.56903
1741113068813,1021.5807
1741113068853,1021.57404
1741113068894,1021.577
1741113068913,1021.574
1741113068951,1021.5706
1741113068991,1021.568
1741113069011,1021.5753
1741113069053,1021.5742
1741113069093,1021.57007
1741113069113,1021.571
1741113069155,1021.55853
1741113069193,1021.5687
1741113069212,1021.5647
1741113069250,1021.5616
1741113069292,1021.5635
1741113069312,1021.5687
1741113069352,1021.57574
1741113069393,1021.5821
1741113069412,1021.5725
1741113069452,1021.5723
1741113069492,1021.55505
1741113069513,1021.5571
1741113069552,1021.56396
1741113069591,1021.568
1741113069611,1021.571
1741113069653,1021.5709
1741113069692,1021.56635
1741113069716,1021.5647
1741113069751,1021.56366
1741113069792,1021.5632
1741113069811,1021.56116
1741113069851,1021.56683
1741113069890,1021.56604
1741113069915,1021.5628
1741113069952,1021.563
1741113069991,1021.55743
1741113070011,1021.56305
1741113070053,1021.5654
1741113070091,1021.5661
1741113070113,1021.56323
1741113070150,1021.5645
1741113070191,1021.5542
1741113070210,1021.56067
1741113070250,1021.56805
1741113070292,1021.5686
1741113070312,1021.57025
1741113070352,1021.5731
1741113070391,1021.5757
1741113070411,1021.5632
1741113070451,1021.5631
1741113070493,1021.55963
1741113070511,1021.5631
1741113070552,1021.5604
1741113070593,1021.5616
1741113070611,1021.5679
1741113070652,1021.56757
1741113070691,1021.5682
1741113070715,1021.5654
1741113070749,1021.5615
1741113070789,1021.5638
1741113070811,1021.57196
1741113070853,1021.56616
1741113070891,1021.562
1741113070912,1021.56726
1741113070950,1021.56885
1741113070992,1021.5672
1741113071010,1021.57947
1741113071050,1021.5768
1741113071092,1021.57605
1741113071115,1021.5675
1741113071150,1021.55835
1741113071192,1021.5652
1741113071212,1021.5618
1741113071250,1021.559
1741113071290,1021.56946
1741113071311,1021.5669
1741113071350,1021.5614
1741113071391,1021.5546
1741113071412,1021.55817
1741113071450,1021.563
1741113071490,1021.5683
1741113071511,1021.5833
1741113071552,1021.5741
1741113071594,1021.5691
1741113071611,1021.56506
1741113071653,1021.56055
1741113071692,1021.5737
1741113071710,1021.57404
1741113071749,1021.5626
1741113071793,1021.5658
1741113071813,1021.56775
1741113071850,1021.5669
1741113071889,1021.5749
1741113071910,1021.5779
1741113071950,1021.5779
1741113071990,1021.5752
1741113072009,1021.5792
1741113072051,1021.5795
1741113072091,1021.5717
1741113072110,1021.576
1741113072150,1021.58484
1741113072189,1021.58136
1741113072209,1021.58044
1741113072248,1021.5785
1741113072288,1021.574
1741113072309,1021.5776
1741113072350,1021.56995
1741113072389,1021.5713
1741113072410,1021.5743
1741113072449,1021.5716
1741113072490,1021.5693
1741113072510,1021.58093
1741113072550,1021.57544
1741113072589,1021.5753
1741113072611,1021.5774
1741113072652,1021.5808
1741113072690,1021.5867
1741113072709,1021.57336
1741113072749,1021.5631
1741113072789,1021.5717
1741113072813,1021.5698
1741113072848,1021.56866
1741113072890,1021.57825
1741113072908,1021.5779
1741113072950,1021.5746
1741113072993,1021.5721
1741113073009,1021.5672
1741113073051,1021.56836
1741113073091,1021.5771
1741113073110,1021.5747
1741113073149,1021.5768
1741113073189,1021.5763
1741113073209,1021.5754
1741113073248,1021.57025
1741113073288,1021.5714
1741113073322,1021.5809
1741113073349,1021.5748
1741113073389,1021.5813
1741113073409,1021.58875
1741113073449,1021.5825
1741113073490,1021.57794
1741113073510,1021.57434
1741113073550,1021.5694
1741113073590,1021.5591
1741113073609,1021.5619
1741113073649,1021.56146
1741113073689,1021.5688
1741113073712,1021.5717
1741113073748,1021.57574
1741113073788,1021.5691
1741113073823,1021.5691
1741113073850,1021.57153
1741113073889,1021.56946
1741113073909,1021.5741
1741113073949,1021.5696
1741113073989,1021.5823
1741113074010,1021.57263
1741113074048,1021.57056
1741113074092,1021.56494
1741113074109,1021.5618
1741113074149,1021.5622
1741113074189,1021.56836
1741113074209,1021.56415
1741113074248,1021.5675
1741113074290,1021.5664
1741113074311,1021.5715
1741113074349,1021.56525
1741113074393,1021.5657
1741113074408,1021.5756
1741113074449,1021.572
1741113074491,1021.5681
1741113074509,1021.5675
1741113074548,1021.5574
1741113074592,1021.5596
1741113074608,1021.5558
1741113074649,1021.5691
1741113074688,1021.56384
1741113074708,1021.5632
1741113074747,1021.569
1741113074788,1021.5662
1741113074810,1021.5701
1741113074848,1021.57556
1741113074888,1021.5666
1741113074908,1021.55566
1741113074951,1021.5585
1741113074988,1021.5668
1741113075009,1021.5773
1741113075051,1021.57166
1741113075089,1021.57153
1741113075110,1021.57623
1741113075147,1021.569
1741113075188,1021.5657
1741113075210,1021.5644
1741113075247,1021.57495
1741113075287,1021.5823
1741113075307,1021.57477
1741113075348,1021.56616
1741113075389,1021.5637
1741113075408,1021.5576
1741113075448,1021.56665
1741113075488,1021.5632
1741113075509,1021.5731
1741113075551,1021.5748
1741113075588,1021.57526
1741113075608,1021.5674
1741113075649,1021.5762
1741113075712,1021.57556
1741113075713,1021.5766
1741113075747,1021.5678
1741113075787,1021.566
1741113075807,1021.55975
1741113075849,1021.56226
1741113075889,1021.57074
1741113075909,1021.5746
1741113075949,1021.56934
1741113075989,1021.56055
1741113076009,1021.5693
1741113076048,1021.5738
1741113076088,1021.5778
1741113076107,1021.5651
1741113076149,1021.5614
1741113076187,1021.5535
1741113076210,1021.5583
1741113076248,1021.56757
1741113076288,1021.5764
1741113076307,1021.5862
1741113076347,1021.57416
1741113076387,1021.5765
1741113076408,1021.5628
1741113076447,1021.5647
1741113076489,1021.5639
1741113076508,1021.56287
1741113076550,1021.57153
1741113076588,1021.5785
1741113076612,1021.57745
1741113076647,1021.5708
1741113076687,1021.5735
1741113076708,1021.5739
1741113076747,1021.5708
1741113076786,1021.5702
1741113076809,1021.56305
1741113076846,1021.56104
1741113076888,1021.5633
1741113076909,1021.5546
1741113076947,1021.56085
1741113076987,1021.5665
1741113077007,1021.5779
1741113077050,1021.57043
1741113077092,1021.5664
1741113077107,1021.56744
1741113077146,1021.5642
1741113077188,1021.56366
1741113077207,1021.57465
1741113077246,1021.5724
1741113077286,1021.5711
1741113077306,1021.5718
1741113077347,1021.5706
1741113077389,1021.57196
1741113077407,1021.5751
1741113077449,1021.57385
1741113077488,1021.5746
1741113077509,1021.57385
1741113077548,1021.57385
1741113077587,1021.5841
1741113077608,1021.5859
1741113077648,1021.58435
1741113077687,1021.5878
1741113077708,1021.5876
1741113077750,1021.58124
1741113077787,1021.5824
1741113077807,1021.58356
1741113077848,1021.5812
1741113077888,1021.582
1741113077908,1021.58167
1741113077947,1021.57697
1741113077986,1021.57495
1741113078006,1021.5708
1741113078046,1021.57495
1741113078087,1021.5763
1741113078106,1021.58185
1741113078148,1021.59235
1741113078186,1021.5911
1741113078205,1021.5869
1741113078246,1021.5791
1741113078286,1021.5708
1741113078306,1021.5745
1741113078347,1021.56934
1741113078388,1021.57275
1741113078408,1021.57104
1741113078446,1021.56946
1741113078486,1021.57007
1741113078510,1021.57196
1741113078546,1021.5762
1741113078589,1021.57935
1741113078610,1021.5773
1741113078648,1021.57666
1741113078688,1021.5779
1741113078707,1021.58136
1741113078746,1021.57983
1741113078786,1021.5794
1741113078805,1021.5824
1741113078845,1021.57605
1741113078888,1021.5775
1741113078908,1021.566
1741113078947,1021.5687
1741113078989,1021.56824
1741113079007,1021.57043
1741113079046,1021.5774
1741113079086,1021.5761
1741113079106,1021.57526
1741113079147,1021.5762
1741113079186,1021.5798
1741113079207,1021.5793
1741113079245,1021.57935
1741113079286,1021.58044
1741113079306,1021.5802
1741113079346,1021.5889
1741113079385,1021.5805
1741113079406,1021.5845
1741113079445,1021.58295
1741113079487,1021.58685
1741113079507,1021.58215
1741113079547,1021.5791
1741113079587,1021.5845
1741113079606,1021.5808
1741113079646,1021.58606
1741113079686,1021.5906
1741113079705,1021.5799
1741113079745,1021.5841
1741113079785,1021.5834
1741113079805,1021.57434
1741113079845,1021.57117
1741113079886,1021.56274
1741113079907,1021.5693
1741113079947,1021.5821
1741113079986,1021.58215
1741113080006,1021.57965
1741113080045,1021.5811
1741113080086,1021.5845
1741113080106,1021.57806
1741113080146,1021.5738
1741113080186,1021.5692
1741113080206,1021.5794
1741113080244,1021.57733
1741113080285,1021.57996
1741113080310,1021.57916
1741113080346,1021.57404
1741113080387,1021.5701
1741113080406,1021.5721
1741113080446,1021.5781
1741113080487,1021.58124
1741113080504,1021.58105
1741113080546,1021.586
1741113080588,1021.58014
1741113080605,1021.58044
1741113080645,1021.57764
1741113080685,1021.57764
1741113080706,1021.5835
1741113080745,1021.5818
1741113080799,1021.568
1741113080805,1021.5736
1741113080845,1021.57837
1741113080885,1021.578
1741113080905,1021.5817
1741113080950,1021.5822
1741113080988,1021.58246
1741113081007,1021.5872
1741113081045,1021.57935
1741113081086,1021.5748
1741113081105,1021.5758
1741113081145,1021.57605
1741113081185,1021.5787
1741113081206,1021.5809
1741113081243,1021.57025
1741113081285,1021.57526
1741113081305,1021.5819
1741113081346,1021.5779
1741113081385,1021.5775
1741113081405,1021.5782
1741113081446,1021.57855
1741113081484,1021.57043
1741113081504,1021.5766
1741113081547,1021.5809
1741113081586,1021.5849
1741113081605,1021.58386
1741113081645,1021.57935
1741113081686,1021.5834
1741113081706,1021.5848
1741113081743,1021.57874
1741113081784,1021.5865
1741113081803,1021.5772
1741113081845,1021.5809
1741113081884,1021.5835
1741113081906,1021.5825
1741113081947,1021.57965
1741113081986,1021.5765
1741113082005,1021.57947
1741113082045,1021.58685
1741113082085,1021.5854
1741113082104,1021.5739
1741113082146,1021.5799
1741113082184,1021.57446
1741113082206,1021.57275
1741113082244,1021.5723
1741113082285,1021.5728
1741113082304,1021.5763
1741113082346,1021.5812
1741113082385,1021.5775
1741113082404,1021.5633
1741113082444,1021.55835
1741113082486,1021.5575
1741113082507,1021.55444
1741113082545,1021.5523
1741113082587,1021.5529
1741113082613,1021.5528
1741113082645,1021.55304
1741113082685,1021.54724
1741113082704,1021.5444
1741113082747,1021.554
1741113082783,1021.5532
1741113082803,1021.5518
1741113082845,1021.55304
1741113082885,1021.5593
1741113082908,1021.55756
1741113082946,1021.5481
1741113082984,1021.54254
1741113083005,1021.55255
1741113083044,1021.5525
1741113083085,1021.5551
1741113083105,1021.54675
1741113083144,1021.5504
1741113083185,1021.5476
1741113083205,1021.5461
1741113083246,1021.5614
1741113083284,1021.5663
1741113083304,1021.56305
1741113083346,1021.5602
1741113083384,1021.56506
1741113083403,1021.5633
1741113083446,1021.56256
1741113083485,1021.5513
1741113083504,1021.5498
1741113083545,1021.5603
1741113083585,1021.5629
1741113083604,1021.5486
1741113083644,1021.5541
1741113083686,1021.5559
1741113083705,1021.5471
1741113083749,1021.54736
1741113083784,1021.5467
1741113083803,1021.55133
1741113083859,1021.5463
1741113083886,1021.5505
1741113083905,1021.55835
1741113083944,1021.5664
1741113083985,1021.5619
1741113084004,1021.54596
1741113084045,1021.5425
1741113084084,1021.54626
1741113084103,1021.5536
1741113084144,1021.5603
1741113084188,1021.5657
1741113084203,1021.55664
1741113084244,1021.55646
1741113084284,1021.5534
1741113084303,1021.5541
1741113084342,1021.55835
1741113084384,1021.5553
1741113084403,1021.5587
1741113084445,1021.5502
1741113084483,1021.55164
1741113084504,1021.5425
1741113084546,1021.5456
1741113084583,1021.5469
1741113084605,1021.5581
1741113084644,1021.55493
1741113084684,1021.562
1741113084705,1021.5602
1741113084746,1021.559
1741113084784,1021.5603
1741113084803,1021.57556
1741113084845,1021.5685
1741113084886,1021.5642
1741113084902,1021.5677
1741113084944,1021.56
1741113084990,1021.5616
1741113085003,1021.5598
1741113085043,1021.5586
1741113085082,1021.558
1741113085102,1021.5581
1741113085142,1021.55237
1741113085185,1021.5573
1741113085203,1021.55774
1741113085244,1021.5543
1741113085284,1021.55286
1741113085303,1021.55286
1741113085346,1021.56165
1741113085384,1021.55725
1741113085406,1021.5623
1741113085443,1021.55817
1741113085484,1021.556
1741113085502,1021.5563
1741113085543,1021.553
1741113085585,1021.5525
1741113085603,1021.5575
1741113085642,1021.5564
1741113085683,1021.55743
1741113085704,1021.5633
1741113085751,1021.5551
1741113085783,1021.556
1741113085805,1021.5629
1741113085850,1021.55505
1741113085883,1021.55994
1741113085903,1021.5599
1741113085943,1021.55237
1741113085985,1021.56445
1741113086003,1021.5585
1741113086045,1021.5641
1741113086083,1021.5559
1741113086104,1021.54944
1741113086144,1021.5503
1741113086182,1021.548
1741113086203,1021.5583
1741113086248,1021.54926
1741113086281,1021.55457
1741113086302,1021.558
1741113086348,1021.56134
1741113086383,1021.55536
1741113086404,1021.5545
1741113086445,1021.5532
1741113086483,1021.55664
1741113086502,1021.5523
1741113086544,1021.54596
1741113086582,1021.5444
1741113086604,1021.55505
1741113086645,1021.5505
1741113086682,1021.54974
1741113086703,1021.5528
1741113086748,1021.5487
1741113086782,1021.54333
1741113086802,1021.54535
1741113086845,1021.5454
1741113086882,1021.539
1741113086901,1021.53375
1741113086943,1021.5441
1741113086984,1021.5462
1741113087004,1021.5396
1741113087044,1021.54175
1741113087084,1021.53296
1741113087108,1021.5281
1741113087145,1021.5201
1741113087183,1021.5167
1741113087202,1021.5203
1741113087241,1021.5184
1741113087283,1021.5179
1741113087301,1021.5127
1741113087343,1021.5061
1741113087382,1021.49457
1741113087403,1021.5045
1741113087442,1021.50183
1741113087482,1021.5027
1741113087502,1021.502
1741113087540,1021.4995
1741113087584,1021.4919
1741113087604,1021.4888
1741113087642,1021.4872
1741113087682,1021.4842
1741113087703,1021.47864
1741113087744,1021.4783
1741113087780,1021.4707
1741113087800,1021.46844
1741113087849,1021.46716
1741113087883,1021.4703
1741113087902,1021.46204
1741113087942,1021.46277
1741113087986,1021.4548
1741113088003,1021.4579
1741113088041,1021.4526
1741113088080,1021.4496
1741113088101,1021.4498
1741113088144,1021.44275
1741113088183,1021.4368
1741113088202,1021.43335
1741113088242,1021.42773
1741113088281,1021.42993
1741113088301,1021.4269
1741113088347,1021.42145
1741113088381,1021.4093
1741113088405,1021.40356
1741113088444,1021.40247
1741113088480,1021.3993
1741113088503,1021.39996
1741113088543,1021.39166
1741113088584,1021.3899
1741113088602,1021.38715
1741113088640,1021.38635
1741113088683,1021.3835
1741113088700,1021.3874
1741113088743,1021.3969
1741113088780,1021.38055
1741113088799,1021.3798
1741113088843,1021.3828
1741113088882,1021.3724
1741113088902,1021.3871
1741113088941,1021.3826
1741113088980,1021.3663
1741113089001,1021.36426
1741113089039,1021.35535
1741113089082,1021.34924
1741113089101,1021.3448
1741113089142,1021.33997
1741113089181,1021.33936
1741113089202,1021.33887
1741113089242,1021.3412
1741113089279,1021.3477
1741113089299,1021.3508
1741113089346,1021.34546
1741113089382,1021.34656
1741113089402,1021.33374
1741113089441,1021.3307
1741113089482,1021.31934
1741113089502,1021.31555
1741113089541,1021.31573
1741113089580,1021.31213
1741113089600,1021.31445
1741113089639,1021.31445
1741113089680,1021.31134
1741113089724,1021.3064
1741113089740,1021.3024
1741113089784,1021.3058
1741113089819,1021.29974
1741113089841,1021.29535
1741113089880,1021.28796
1741113089921,1021.28436
1741113089940,1021.28033
1741113089981,1021.2747
1741113090022,1021.2627
1741113090042,1021.2556
1741113090081,1021.2546
1741113090125,1021.2529
1741113090140,1021.24677
1741113090181,1021.25024
1741113090224,1021.24634
1741113090239,1021.2442
1741113090279,1021.246
1741113090322,1021.2432
1741113090340,1021.251
1741113090381,1021.2479
1741113090422,1021.2398
1741113090439,1021.2387
1741113090479,1021.22894
1741113090519,1021.2292
1741113090540,1021.2355
1741113090579,1021.2277
1741113090621,1021.2162
1741113090640,1021.2064
1741113090681,1021.2158
1741113090721,1021.2143
1741113090739,1021.2076
1741113090778,1021.21344
1741113090819,1021.2208
1741113090839,1021.2152
1741113090882,1021.2133
1741113090924,1021.2116
1741113090941,1021.20953
1741113090982,1021.2067
1741113091021,1021.2125
1741113091039,1021.2129
1741113091083,1021.2133
1741113091120,1021.209
1741113091143,1021.198
1741113091181,1021.1956
1741113091221,1021.19495
1741113091242,1021.1908
1741113091278,1021.1888
1741113091319,1021.18604
1741113091339,1021.18176
1741113091378,1021.1859
1741113091419,1021.1789
1741113091441,1021.1875
1741113091479,1021.1868
1741113091524,1021.1761
1741113091539,1021.17926
1741113091579,1021.1857
1741113091621,1021.17786
1741113091640,1021.1819
1741113091679,1021.1803
1741113091718,1021.1746
1741113091741,1021.1714
1741113091779,1021.17584
1741113091819,1021.1798
1741113091839,1021.1717
1741113091879,1021.16864
1741113091920,1021.1719
1741113091941,1021.16895
1741113091980,1021.16486
1741113092021,1021.16766
1741113092040,1021.1629
1741113092079,1021.1599
1741113092121,1021.1647
1741113092139,1021.1614
1741113092178,1021.16345
1741113092220,1021.16797
1741113092239,1021.15247
1741113092277,1021.1581
1741113092318,1021.1638
1741113092338,1021.1729
1741113092382,1021.17053
1741113092421,1021.17175
1741113092443,1021.16644
1741113092480,1021.1654
1741113092520,1021.1625
1741113092538,1021.16235
1741113092579,1021.16583
1741113092619,1021.16376
1741113092638,1021.1667
1741113092680,1021.16064
1741113092718,1021.1579
1741113092740,1021.1515
1741113092778,1021.1419
1741113092817,1021.1449
1741113092838,1021.1537
1741113092879,1021.1616
1741113092919,1021.16516
1741113092940,1021.1631
1741113092981,1021.17065
1741113093019,1021.16614
1741113093040,1021.1707
1741113093079,1021.1693
1741113093120,1021.1688
1741113093139,1021.1677
1741113093185,1021.1615
1741113093218,1021.1528
1741113093243,1021.1508
1741113093282,1021.1504
1741113093318,1021.1534
1741113093338,1021.1558
1741113093378,1021.1587
1741113093420,1021.15735
1741113093439,1021.16736
1741113093481,1021.1656
1741113093518,1021.16016
1741113093539,1021.16077
1741113093581,1021.1604
1741113093618,1021.1634
1741113093638,1021.16455
1741113093678,1021.1594
1741113093721,1021.16174
1741113093739,1021.16046
1741113093783,1021.1656
1741113093817,1021.1667
1741113093838,1021.1608
1741113093878,1021.16113
1741113093920,1021.16534
1741113093937,1021.15753
1741113093981,1021.1515
1741113094021,1021.1493
1741113094037,1021.146
1741113094078,1021.1509
1741113094123,1021.1466
1741113094137,1021.1476
1741113094177,1021.15454
1741113094222,1021.1497
1741113094239,1021.15015
1741113094277,1021.1453
1741113094317,1021.1578
1741113094338,1021.1591
1741113094377,1021.1423
1741113094418,1021.1538
1741113094437,1021.15894
1741113094479,1021.1599
1741113094517,1021.1593
1741113094538,1021.15735
1741113094579,1021.1631
1741113094617,1021.1621
1741113094638,1021.1592
1741113094679,1021.1577
1741113094721,1021.157
1741113094737,1021.14417
1741113094779,1021.1509
1741113094817,1021.14954
1741113094837,1021.15247
1741113094876,1021.15436
1741113094917,1021.1547
1741113094937,1021.1612
1741113094980,1021.17017
1741113095021,1021.1681
1741113095036,1021.16315
1741113095079,1021.15656
1741113095121,1021.1656
1741113095137,1021.1665
1741113095178,1021.16235
1741113095217,1021.15936
1741113095238,1021.15564
1741113095278,1021.15674
1741113095316,1021.1531
1741113095337,1021.1588
1741113095377,1021.16064
1741113095418,1021.15753
1741113095438,1021.15204
1741113095478,1021.1598
1741113095517,1021.1636
1741113095538,1021.1653
1741113095579,1021.1704
1741113095616,1021.1769
1741113095639,1021.1671
1741113095679,1021.17554
1741113095718,1021.1798
1741113095737,1021.17554
1741113095777,1021.16956
1741113095816,1021.162
1741113095836,1021.15686
1741113095885,1021.15265
1741113095916,1021.15625
1741113095938,1021.1631
1741113095977,1021.16534
1741113096020,1021.15955
1741113096037,1021.1572
1741113096077,1021.1519
1741113096117,1021.14905
1741113096135,1021.1498
1741113096176,1021.15356
1741113096220,1021.15967
1741113096237,1021.15
1741113096276,1021.1566
1741113096316,1021.1542
1741113096336,1021.1599
1741113096379,1021.1633
1741113096417,1021.1672
1741113096437,1021.16486
1741113096477,1021.1691
1741113096516,1021.17035
1741113096537,1021.16724
1741113096576,1021.16296
1741113096616,1021.16473
1741113096637,1021.166
1741113096677,1021.1655
1741113096717,1021.1698
1741113096735,1021.16895
1741113096779,1021.17334
1741113096815,1021.17676
1741113096836,1021.1771
1741113096877,1021.16833
1741113096917,1021.16907
1741113096937,1021.18054
1741113096976,1021.18225
1741113097016,1021.179
1741113097041,1021.17615
1741113097075,1021.1759
1741113097118,1021.1699
1741113097137,1021.167
1741113097177,1021.1652
1741113097218,1021.1668
1741113097238,1021.1786
1741113097275,1021.18225
1741113097315,1021.17566
1741113097336,1021.17426
1741113097377,1021.174
1741113097417,1021.1793
1741113097436,1021.1846
1741113097477,1021.17773
1741113097518,1021.1721
1741113097536,1021.1737
1741113097577,1021.1748
1741113097618,1021.1667
1741113097637,1021.1726
1741113097675,1021.1796
1741113097717,1021.1799
1741113097737,1021.17395
1741113097778,1021.17773
1741113097815,1021.187
1741113097836,1021.1852
1741113097881,1021.18207
1741113097918,1021.1786
1741113097935,1021.1809
1741113097975,1021.1819
1741113098018,1021.1753
1741113098037,1021.17914
1741113098079,1021.1835
1741113098116,1021.18774
1741113098135,1021.18835
1741113098175,1021.17694
1741113098216,1021.1727
1741113098236,1021.17377
1741113098279,1021.17035
1741113098314,1021.1732
1741113098335,1021.17334
1741113098376,1021.17053
1741113098416,1021.16565
1741113098437,1021.1712
1741113098475,1021.1636
1741113098516,1021.1668
1741113098536,1021.1692
1741113098579,1021.16693
1741113098616,1021.161
1741113098636,1021.15967
1741113098676,1021.16364
1741113098714,1021.16675
1741113098736,1021.17114
1741113098777,1021.1732
1741113098815,1021.174
1741113098835,1021.17755
1741113098874,1021.1762
1741113098919,1021.17303
1741113098936,1021.1773
1741113098977,1021.1721
1741113099016,1021.17395
1741113099036,1021.1779
1741113099076,1021.18115
1741113099116,1021.1745
1741113099138,1021.1707
1741113099178,1021.1774
1741113099216,1021.1799
1741113099235,1021.179
1741113099276,1021.17175
1741113099314,1021.1714
1741113099335,1021.1627
1741113099375,1021.1621
1741113099414,1021.162
1741113099436,1021.169
1741113099476,1021.1742
1741113099516,1021.17566
1741113099537,1021.16675
1741113099576,1021.1686
1741113099614,1021.1682
1741113099635,1021.16077
1741113099676,1021.1626
1741113099715,1021.1647
1741113099735,1021.1627
1741113099781,1021.1728
1741113099813,1021.1719
1741113099834,1021.1704
1741113099878,1021.1661
1741113099914,1021.1601
1741113099935,1021.167
1741113099975,1021.16864
1741113100014,1021.16656
1741113100035,1021.1642
1741113100075,1021.1686
1741113100117,1021.1693
1741113100136,1021.16876
1741113100174,1021.17505
1741113100214,1021.17786
1741113100234,1021.1741
1741113100277,1021.176
1741113100313,1021.18097
1741113100335,1021.1771
1741113100377,1021.17615
1741113100415,1021.1803
1741113100435,1021.17114
1741113100476,1021.1626
1741113100515,1021.16785
1741113100535,1021.1707
1741113100574,1021.17505
1741113100615,1021.16785
1741113100633,1021.1695
1741113100677,1021.1698
1741113100717,1021.1758
1741113100734,1021.1726
1741113100783,1021.1754
1741113100813,1021.178
1741113100834,1021.1865
1741113100878,1021.18646
1741113100913,1021.1833
1741113100937,1021.1833
1741113100976,1021.17847
1741113101015,1021.1823
1741113101035,1021.1724
1741113101075,1021.1726
1741113101114,1021.1672
1741113101134,1021.16345
1741113101176,1021.156
1741113101214,1021.15466
1741113101236,1021.16516
1741113101277,1021.1601
1741113101314,1021.1632
1741113101333,1021.1731
1741113101377,1021.16516
1741113101414,1021.16113
1741113101434,1021.1586
1741113101477,1021.17456
1741113101514,1021.18115
1741113101535,1021.175
1741113101574,1021.17365
1741113101613,1021.17084
1741113101634,1021.17615
1741113101677,1021.17163
1741113101713,1021.1781
1741113101734,1021.1817
1741113101773,1021.1801
1741113101813,1021.1804
1741113101834,1021.1745
1741113101875,1021.17334
1741113101913,1021.16943
1741113101934,1021.1703
1741113101974,1021.17236
1741113102014,1021.1789
1741113102035,1021.18176
1741113102075,1021.1744
1741113102113,1021.17035
1741113102135,1021.1639
1741113102174,1021.16785
1741113102218,1021.1679
1741113102233,1021.17004
1741113102281,1021.179
1741113102312,1021.1863
1741113102333,1021.1838
1741113102381,1021.1747
1741113102415,1021.1678
1741113102433,1021.1631
1741113102474,1021.15955
1741113102514,1021.1614
1741113102532,1021.1565
1741113102573,1021.1667
1741113102613,1021.1677
1741113102633,1021.1681
1741113102674,1021.17035
1741113102712,1021.1725
1741113102732,1021.1715
1741113102774,1021.16785
1741113102812,1021.1704
1741113102832,1021.1738
1741113102875,1021.1755
1741113102913,1021.1772
1741113102933,1021.17773
1741113102975,1021.1737
1741113103013,1021.1754
1741113103032,1021.17786
1741113103074,1021.17004
1741113103112,1021.17285
1741113103133,1021.17346
1741113103172,1021.1705
1741113103222,1021.17615
1741113103234,1021.16656
1741113103273,1021.1657
1741113103312,1021.1736
1741113103332,1021.1657
1741113103380,1021.1787
1741113103412,1021.1799
1741113103433,1021.1752
1741113103473,1021.181
1741113103513,1021.17554
1741113103533,1021.17456
1741113103574,1021.1698
1741113103612,1021.1749
1741113103632,1021.1841
1741113103674,1021.1765
1741113103712,1021.17615
1741113103734,1021.178
1741113103776,1021.1727
1741113103813,1021.17676
1741113103832,1021.1872
1741113103872,1021.188
1741113103913,1021.1821
1741113103933,1021.1727
1741113103974,1021.16565
1741113104015,1021.1765
1741113104032,1021.17926
1741113104072,1021.18274
1741113104113,1021.1886
1741113104135,1021.17926
1741113104172,1021.1744
1741113104214,1021.17
1741113104236,1021.16705
1741113104273,1021.1782
1741113104313,1021.17804
1741113104332,1021.18665
1741113104386,1021.1804
1741113104414,1021.1775
1741113104432,1021.17474
1741113104472,1021.1793
1741113104512,1021.1828
1741113104534,1021.1745
1741113104574,1021.1835
1741113104613,1021.18744
1741113104635,1021.19165
1741113104672,1021.187
1741113104713,1021.1892
1741113104732,1021.183
1741113104778,1021.1817
1741113104811,1021.1823
1741113104832,1021.1837
1741113104872,1021.17456
1741113104913,1021.1787
1741113104933,1021.1788
1741113104972,1021.1799
1741113105013,1021.1815
1741113105031,1021.17944
1741113105074,1021.183
1741113105111,1021.18555
1741113105131,1021.1875
1741113105175,1021.1773
1741113105213,1021.17224
1741113105234,1021.17737
1741113105274,1021.1759
1741113105313,1021.1767
1741113105333,1021.1818
1741113105373,1021.18695
1741113105412,1021.1825
1741113105431,1021.18427
1741113105473,1021.1818
1741113105516,1021.183
1741113105532,1021.1842
1741113105575,1021.1842
1741113105613,1021.1858
1741113105631,1021.1762
1741113105671,1021.17334
1741113105716,1021.17584
1741113105730,1021.1701
1741113105775,1021.1696
1741113105810,1021.1718
1741113105832,1021.17004
1741113105872,1021.17786
1741113105919,1021.17615
1741113105933,1021.1776
1741113105972,1021.18384
1741113106012,1021.18945
1741113106032,1021.19055
1741113106073,1021.1929
1741113106114,1021.18695
1741113106135,1021.1882
1741113106171,1021.193
1741113106212,1021.1878
1741113106233,1021.1878
1741113106271,1021.18616
1741113106310,1021.19147
1741113106330,1021.18964
1741113106370,1021.1825
1741113106412,1021.18695
1741113106432,1021.18787
1741113106472,1021.18665
1741113106513,1021.1918
1741113106532,1021.19055
1741113106572,1021.2008
1741113106614,1021.199
1741113106631,1021.1908
1741113106673,1021.18274
1741113106713,1021.18
1741113106733,1021.16895
1741113106771,1021.17914
1741113106811,1021.1889
1741113106831,1021.1833
1741113106871,1021.18054
1741113106912,1021.1838
1741113106930,1021.18506
1741113106972,1021.18964
1741113107011,1021.1863
1741113107033,1021.1734
1741113107071,1021.17474
1741113107112,1021.1732
1741113107131,1021.1702
1741113107173,1021.1725
1741113107214,1021.1782
1741113107231,1021.18286
1741113107271,1021.18317
1741113107310,1021.1811
1741113107330,1021.1824
1741113107371,1021.18353
1741113107410,1021.17975
1741113107431,1021.1685
1741113107472,1021.16907
1741113107512,1021.17236
1741113107530,1021.1714
1741113107571,1021.1725
1741113107612,1021.1689
1741113107634,1021.16956
1741113107671,1021.1743
1741113107710,1021.17676
1741113107732,1021.1726
1741113107771,1021.1749
1741113107810,1021.1784
1741113107829,1021.1847
1741113107869,1021.1913
1741113107911,1021.1786
1741113107931,1021.1759
1741113107970,1021.1764
1741113108012,1021.1704
1741113108030,1021.1783
1741113108070,1021.1783
1741113108112,1021.1747
1741113108132,1021.17017
1741113108170,1021.1686
1741113108212,1021.1664
1741113108233,1021.1614
1741113108271,1021.17175
1741113108315,1021.1732
1741113108329,1021.16626
1741113108370,1021.1688
1741113108412,1021.15967
1741113108430,1021.1558
1741113108470,1021.14886
1741113108510,1021.1553
1741113108531,1021.16113
1741113108570,1021.1626
1741113108611,1021.1685
1741113108630,1021.1692
1741113108670,1021.1677
1741113108712,1021.1665
1741113108732,1021.16516
1741113108769,1021.16266
1741113108811,1021.1639
1741113108829,1021.16394
1741113108869,1021.17084
1741113108909,1021.1615
1741113108929,1021.1533
1741113108970,1021.1582
1741113109011,1021.16583
1741113109029,1021.1636
1741113109068,1021.16833
1741113109112,1021.1639
1741113109130,1021.15967
1741113109169,1021.16
1741113109211,1021.17065
1741113109231,1021.16516
1741113109270,1021.171
1741113109308,1021.1585
1741113109330,1021.1613
1741113109369,1021.15796
1741113109411,1021.1551
1741113109429,1021.15875
1741113109470,1021.1587
1741113109510,1021.17395
1741113109530,1021.1682
1741113109569,1021.1598
1741113109610,1021.1622
1741113109634,1021.1553
1741113109671,1021.1499
1741113109712,1021.1578
1741113109730,1021.1511
1741113109771,1021.1482
1741113109809,1021.13776
1741113109828,1021.14246
1741113109868,1021.1502
1741113109908,1021.15
1741113109930,1021.1505
1741113109970,1021.15405
1741113110010,1021.15295
1741113110029,1021.15045
1741113110070,1021.15247
1741113110109,1021.1593
1741113110137,1021.1522
1741113110169,1021.15375
1741113110211,1021.1545
1741113110230,1021.1496
1741113110269,1021.1532
1741113110309,1021.1606
1741113110328,1021.16394
1741113110368,1021.166
1741113110408,1021.16205
1741113110428,1021.16187
1741113110468,1021.1502
1741113110511,1021.13873
1741113110530,1021.1415
1741113110572,1021.1514
1741113110609,1021.1497
1741113110630,1021.14886
1741113110669,1021.1517
1741113110711,1021.1477
1741113110730,1021.1543
1741113110768,1021.1428
1741113110808,1021.13196
1741113110827,1021.135
1741113110868,1021.14325
1741113110908,1021.14575
1741113110931,1021.1487
1741113110969,1021.14075
1741113111009,1021.1416
1741113111029,1021.14575
1741113111067,1021.1451
1741113111115,1021.14703
1741113111128,1021.1382
1741113111168,1021.13293
1741113111208,1021.13293
1741113111228,1021.1305
1741113111269,1021.1277
1741113111308,1021.136
1741113111328,1021.14795
1741113111368,1021.1399
1741113111408,1021.1326
1741113111451,1021.13354
1741113111469,1021.13947
1741113111509,1021.14325
1741113111529,1021.1499
1741113111569,1021.15137
1741113111609,1021.14575
1741113111649,1021.1499
1741113111669,1021.1471
1741113111710,1021.14636
1741113111749,1021.1492
1741113111768,1021.1542
1741113111808,1021.1605
1741113111827,1021.1548
1741113111867,1021.1553
1741113111909,1021.14996
1741113111951,1021.1487
1741113111969,1021.1446
1741113112007,1021.1422
1741113112048,1021.14264
1741113112071,1021.1463
1741113112109,1021.1476
1741113112149,1021.1511
1741113112171,1021.1533
1741113112208,1021.15137
1741113112249,1021.1462
1741113112268,1021.14215
1741113112306,1021.14746
1741113112348,1021.14056
1741113112368,1021.14075
1741113112408,1021.1422
1741113112448,1021.13794
1741113112468,1021.14044
1741113112508,1021.13544
1741113112550,1021.1324
1741113112567,1021.13617
1741113112607,1021.1309
1741113112649,1021.1389
1741113112668,1021.1337
1741113112709,1021.1282
1741113112748,1021.12964
1741113112768,1021.1272
1741113112806,1021.131
1741113112848,1021.12866
1741113112866,1021.1221
1741113112907,1021.12506
1741113112950,1021.1258
1741113112968,1021.13403
1741113113007,1021.13214
1741113113048,1021.1245
1741113113067,1021.12164
1741113113107,1021.1132
1741113113147,1021.10486
1741113113168,1021.0973
1741113113208,1021.09656
1741113113247,1021.0959
1741113113270,1021.1015
1741113113312,1021.1034
1741113113347,1021.1105
1741113113367,1021.1037
1741113113411,1021.1045
1741113113450,1021.10974
1741113113467,1021.0905
1741113113509,1021.0852
1741113113549,1021.0848
1741113113570,1021.0803
1741113113608,1021.075
1741113113648,1021.07654
1741113113667,1021.06573
1741113113707,1021.05994
1741113113748,1021.0571
1741113113767,1021.05963
1741113113807,1021.06055
1741113113846,1021.0548
1741113113867,1021.04846
1741113113908,1021.04297
1741113113948,1021.0414
1741113113966,1021.0343
1741113114007,1021.0335
1741113114046,1021.03674
1741113114067,1021.0375
1741113114110,1021.03314
1741113114148,1021.0315
1741113114168,1021.0382
1741113114208,1021.0316
1741113114248,1021.02716
1741113114268,1021.01904
1741113114311,1021.0158
1741113114346,1021.02094
1741113114366,1021.0193
1741113114406,1021.00824
1741113114446,1021.0078
1741113114469,1021.011
1741113114507,1021.0072
1741113114552,1020.9943
1741113114566,1020.99457
1741113114607,1020.98694
1741113114647,1020.98303
1741113114671,1020.9788
1741113114707,1020.98724
1741113114748,1020.98413
1741113114771,1020.9854
1741113114807,1020.98096
1741113114850,1020.97845
1741113114866,1020.9705
1741113114906,1020.9686
1741113114947,1020.9614
1741113114966,1020.95166
1741113115009,1020.9513
1741113115047,1020.9528
1741113115067,1020.94446
1741113115107,1020.9481
1741113115149,1020.9466
1741113115167,1020.9484
1741113115207,1020.9434
1741113115247,1020.9332
1741113115265,1020.92224
1741113115307,1020.9206
1741113115346,1020.91077
1741113115365,1020.9125
1741113115408,1020.91266
1741113115446,1020.9083
1741113115466,1020.90704
1741113115506,1020.9053
1741113115546,1020.9052
1741113115567,1020.9025
1741113115605,1020.9034
1741113115647,1020.90247
1741113115669,1020.9015
1741113115710,1020.89844
1741113115748,1020.89703
1741113115767,1020.89777
1741113115809,1020.8945
1741113115845,1020.8877
1741113115866,1020.8921
1741113115906,1020.89246
1741113115947,1020.8888
1741113115967,1020.8705
1741113116012,1020.87244
1741113116046,1020.87244
1741113116069,1020.8664
1741113116106,1020.8635
1741113116146,1020.85474
1741113116166,1020.853
1741113116206,1020.8515
1741113116248,1020.8494
1741113116267,1020.8452
1741113116306,1020.8439
1741113116345,1020.8356
1741113116365,1020.8327
1741113116405,1020.83075
1741113116447,1020.8343
1741113116466,1020.83154
1741113116505,1020.83075
1741113116546,1020.83057
1741113116567,1020.833
1741113116606,1020.82654
1741113116646,1020.81934
1741113116666,1020.8262
1741113116706,1020.8363
1741113116745,1020.8321
1741113116766,1020.82465
1741113116806,1020.8172
1741113116845,1020.8121
1741113116865,1020.8118
1741113116907,1020.80334
1741113116946,1020.80945
1741113116967,1020.8113
1741113117005,1020.8105
1741113117045,1020.8087
1741113117065,1020.7971
1741113117106,1020.7886
1741113117146,1020.7771
1741113117166,1020.7797
1741113117207,1020.78925
1741113117246,1020.7987
1741113117266,1020.7992
1741113117307,1020.79614
1741113117344,1020.79736
1741113117364,1020.79004
1741113117411,1020.79486
1741113117446,1020.7855
1741113117472,1020.7921
1741113117505,1020.7911
1741113117545,1020.7898
1741113117565,1020.7787
1741113117605,1020.7709
1741113117645,1020.7731
1741113117665,1020.77625
1741113117707,1020.7772
1741113117749,1020.77985
1741113117766,1020.77814
1741113117813,1020.7753
1741113117845,1020.7688
1741113117864,1020.7726
1741113117905,1020.77295
1741113117944,1020.77155
1741113117964,1020.7725
1741113118005,1020.7762
1741113118046,1020.7706
1741113118066,1020.7729
1741113118106,1020.76416
1741113118143,1020.76666
1741113118165,1020.77765
1741113118205,1020.77893
1741113118244,1020.7743
1741113118265,1020.7698
1741113118305,1020.76874
1741113118344,1020.76227
1741113118363,1020.755
1741113118411,1020.76904
1741113118445,1020.7748
1741113118465,1020.7724
1741113118504,1020.7727
1741113118546,1020.7782
1741113118564,1020.7721
1741113118604,1020.76404
1741113118645,1020.76776
1741113118666,1020.76447
1741113118704,1020.76697
1741113118744,1020.7594
1741113118765,1020.7554
1741113118804,1020.7661
1741113118843,1020.7737
1741113118863,1020.76874
1741113118905,1020.7681
1741113118944,1020.77264
1741113118965,1020.77014
1741113119005,1020.76404
1741113119044,1020.7694
1741113119064,1020.76605
1741113119105,1020.7644
1741113119144,1020.7615
1741113119164,1020.7571
1741113119205,1020.7517
1741113119245,1020.7609
1741113119264,1020.7665
1741113119304,1020.7673
1741113119343,1020.772
1741113119364,1020.7657
1741113119405,1020.7676
1741113119444,1020.77545
1741113119463,1020.77905
1741113119506,1020.7717
1741113119545,1020.76117
1741113119565,1020.7649
1741113119606,1020.7582
1741113119643,1020.7573
1741113119663,1020.7597
1741113119704,1020.7583
1741113119743,1020.75757
1741113119764,1020.7626
1741113119803,1020.76984
1741113119844,1020.7803
1741113119864,1020.76697
1741113119904,1020.7566
1741113119946,1020.7555
1741113119964,1020.75226
1741113120005,1020.7578
1741113120045,1020.75793
1741113120063,1020.7622
1741113120102,1020.7625
1741113120142,1020.75867
1741113120163,1020.7575
1741113120203,1020.7488
1741113120242,1020.74426
1741113120263,1020.7572
1741113120303,1020.75757
1741113120350,1020.7546
1741113120362,1020.7535
1741113120403,1020.7482
1741113120443,1020.75464
1741113120464,1020.7581
1741113120503,1020.7602
1741113120545,1020.7627
1741113120571,1020.75525
1741113120605,1020.75995
1741113120646,1020.7637
1741113120664,1020.7569
1741113120703,1020.7535
1741113120743,1020.75476
1741113120763,1020.7526
1741113120805,1020.74963
1741113120843,1020.7547
1741113120863,1020.7586
1741113120902,1020.7618
1741113120944,1020.76636
1741113120963,1020.76465
1741113121004,1020.7645
1741113121044,1020.76654
1741113121063,1020.76215
1741113121104,1020.76
1741113121144,1020.7594
1741113121164,1020.7634
1741113121203,1020.7579
1741113121245,1020.75543
1741113121263,1020.77026
1741113121307,1020.77155
1741113121342,1020.7716
1741113121364,1020.7667
1741113121404,1020.75824
1741113121443,1020.75256
1741113121463,1020.76215
1741113121503,1020.7596
1741113121546,1020.75494
1741113121564,1020.75464
1741113121604,1020.7537
1741113121643,1020.7683
1741113121663,1020.77313
1741113121704,1020.76776
1741113121744,1020.76733
1741113121764,1020.7699
1741113121803,1020.7682
1741113121842,1020.76874
1741113121863,1020.7632
1741113121907,1020.7655
1741113121943,1020.77203
1741113121965,1020.77686
1741113122004,1020.7782
1741113122044,1020.7876
1741113122066,1020.7902
1741113122102,1020.7898
1741113122144,1020.7819
1741113122163,1020.7793
1741113122203,1020.7777
1741113122244,1020.77893
1741113122266,1020.7866
1741113122306,1020.78723
1741113122341,1020.78906
1741113122362,1020.7834
1741113122404,1020.77783
1741113122443,1020.7799
1741113122464,1020.76605
1741113122505,1020.7706
1741113122543,1020.78345
1741113122563,1020.78906
1741113122606,1020.7787
1741113122645,1020.77515
1741113122662,1020.77325
1741113122706,1020.78033
1741113122744,1020.77905
1741113122763,1020.7782
1741113122804,1020.7803
1741113122842,1020.7803
1741113122863,1020.7825
1741113122904,1020.7748
1741113122942,1020.76355
1741113122964,1020.77106
1741113123002,1020.7786
1741113123044,1020.7848
1741113123063,1020.78845
1741113123101,1020.7751
1741113123144,1020.77765
1741113123177,1020.77576
1741113123202,1020.76434
1741113123242,1020.7604
1741113123261,1020.7591
1741113123303,1020.7707
1741113123340,1020.7798
1741113123360,1020.7769
1741113123403,1020.7744
1741113123443,1020.77563
1741113123463,1020.767
1741113123503,1020.7732
1741113123543,1020.77454
1741113123563,1020.77344
1741113123604,1020.7766
1741113123642,1020.77673
1741113123661,1020.7802
1741113123703,1020.77783
1741113123744,1020.77295
1741113123763,1020.77234
1741113123803,1020.7751
1741113123841,1020.77423
1741113123860,1020.7784
1741113123900,1020.7758
1741113123943,1020.7679
1741113123960,1020.76605
1741113124001,1020.7666
1741113124043,1020.7634
1741113124064,1020.7698
1741113124103,1020.76733
1741113124142,1020.76385
1741113124164,1020.77795
1741113124204,1020.7815
1741113124241,1020.775
1741113124263,1020.775
1741113124302,1020.77277
1741113124341,1020.77106
1741113124361,1020.771
1741113124401,1020.77124
1741113124442,1020.77313
1741113124462,1020.77765
1741113124501,1020.7714
1741113124542,1020.77124
1741113124562,1020.76843
1741113124602,1020.7693
1741113124642,1020.77966
1741113124663,1020.7782
1741113124702,1020.7723
1741113124741,1020.7638
1741113124762,1020.7733
1741113124803,1020.7793
1741113124840,1020.7881
1741113124860,1020.7823
1741113124900,1020.78534
1741113124941,1020.77844
1741113124961,1020.7832
1741113125002,1020.7752
1741113125040,1020.7803
1741113125062,1020.7927
1741113125103,1020.79315
1741113125140,1020.79193
1741113125160,1020.7833
1741113125201,1020.78143
1741113125242,1020.7878
1741113125264,1020.7845
1741113125300,1020.77905
1741113125340,1020.7772
1741113125360,1020.7777
1741113125400,1020.77563
1741113125441,1020.7765
1741113125461,1020.777
1741113125500,1020.77954
1741113125542,1020.7791
1741113125562,1020.77954
1741113125600,1020.7821
1741113125641,1020.78015
1741113125661,1020.7811
1741113125703,1020.7837
1741113125740,1020.7811
1741113125760,1020.78674
1741113125803,1020.77386
1741113125841,1020.775
1741113125861,1020.78
1741113125901,1020.77783
1741113125941,1020.7754
1741113125962,1020.77075
1741113125999,1020.77924
1741113126041,1020.7806
1741113126062,1020.77594
1741113126100,1020.78015
1741113126142,1020.7843
1741113126161,1020.7759
1741113126199,1020.7798
1741113126241,1020.7816
1741113126261,1020.7798
1741113126299,1020.7765
1741113126342,1020.78
1741113126360,1020.78107
1741113126403,1020.7648
1741113126442,1020.75964
1741113126460,1020.77246
1741113126501,1020.76764
1741113126539,1020.7672
1741113126559,1020.77
1741113126601,1020.77673
1741113126641,1020.7762
1741113126660,1020.77747
1741113126703,1020.776
1741113126740,1020.7737
1741113126761,1020.7727
1741113126801,1020.77295
1741113126838,1020.7727
1741113126858,1020.7769
1741113126899,1020.77966
1741113126943,1020.7747
1741113126961,1020.7683
1741113126999,1020.7757
1741113127041,1020.78674
1741113127062,1020.78217
1741113127100,1020.779
1741113127141,1020.7729
1741113127160,1020.76624
1741113127199,1020.77496
1741113127242,1020.78485
1741113127259,1020.78235
1741113127301,1020.781
1741113127341,1020.7825
1741113127359,1020.7865
1741113127399,1020.7824
1741113127438,1020.7848
1741113127459,1020.7878
1741113127500,1020.7863
1741113127542,1020.78516
1741113127559,1020.78094
1741113127601,1020.7706
1741113127643,1020.7743
1741113127659,1020.78125
1741113127699,1020.7819
1741113127740,1020.7793
1741113127761,1020.77966
1741113127799,1020.777
1741113127843,1020.779
1741113127858,1020.7814
1741113127899,1020.79407
1741113127939,1020.78955
1741113127959,1020.7897
1741113128000,1020.7876
1741113128038,1020.7864
1741113128059,1020.7803
1741113128108,1020.7827
1741113128143,1020.7794
1741113128158,1020.7818
1741113128200,1020.78467
1741113128240,1020.7764
1741113128258,1020.78125
1741113128303,1020.7809
1741113128338,1020.774
1741113128357,1020.7759
1741113128398,1020.77997
1741113128438,1020.7804
1741113128458,1020.77765
1741113128502,1020.77954
1741113128539,1020.7743
1741113128559,1020.7865
1741113128601,1020.7927
1741113128640,1020.7958
1741113128664,1020.7959
1741113128698,1020.7865
1741113128739,1020.7849
1741113128760,1020.7737
1741113128799,1020.7818
1741113128839,1020.79205
1741113128858,1020.7886
1741113128899,1020.79565
1741113128942,1020.7962
1741113128958,1020.7869
1741113128999,1020.7841
1741113129039,1020.7833
1741113129059,1020.78845
1741113129103,1020.78723
1741113129140,1020.7888
1741113129160,1020.79083
1741113129200,1020.7832
1741113129239,1020.77954
1741113129263,1020.7872
1741113129300,1020.78485
1741113129340,1020.7865
1741113129359,1020.7865
1741113129399,1020.77905
1741113129438,1020.7721
1741113129458,1020.768
1741113129500,1020.76215
1741113129538,1020.7678
1741113129559,1020.7704
1741113129598,1020.7696
1741113129639,1020.76965
1741113129658,1020.77985
1741113129699,1020.7848
1741113129741,1020.793
1741113129759,1020.8012
1741113129801,1020.7932
1741113129837,1020.7862
1741113129857,1020.7816
1741113129897,1020.7798
1741113129942,1020.7787
1741113129958,1020.7661
1741113129999,1020.7759
1741113130038,1020.7791
1741113130059,1020.77045
1741113130103,1020.777
1741113130138,1020.7795
1741113130161,1020.79065
1741113130197,1020.784
1741113130239,1020.78467
1741113130258,1020.78406
1741113130299,1020.78406
1741113130340,1020.7816
1741113130357,1020.7843
1741113130399,1020.78485
1741113130438,1020.7831
1741113130458,1020.7868
1741113130498,1020.7843
1741113130540,1020.7822
1741113130559,1020.7847
1741113130602,1020.77954
1741113130639,1020.77136
1741113130658,1020.7778
1741113130703,1020.7864
1741113130738,1020.7827
1741113130761,1020.7881
1741113130798,1020.7865
1741113130837,1020.7921
1741113130857,1020.7931
1741113130898,1020.79156
1741113130937,1020.79816
1741113130958,1020.80634
1741113131021,1020.80676
1741113131037,1020.8112
1741113131057,1020.8034
1741113131097,1020.8015
1741113131136,1020.79407
1741113131158,1020.7894
1741113131198,1020.7968
1741113131238,1020.7947
1741113131258,1020.7898
1741113131296,1020.78705
1741113131340,1020.78265
1741113131359,1020.79144
1741113131396,1020.78284
1741113131438,1020.7781
1741113131458,1020.77295
1741113131496,1020.76636
1741113131536,1020.77356
1741113131556,1020.7802
1741113131598,1020.7897
1741113131638,1020.79565
1741113131657,1020.79346
1741113131697,1020.7887
1741113131739,1020.78595
1741113131757,1020.7842
1741113131797,1020.78723
1741113131846,1020.7914
1741113131858,1020.79584
1741113131896,1020.7963
1741113131939,1020.79706
1741113131956,1020.7974
1741113131998,1020.7958
1741113132038,1020.78937
1741113132058,1020.7914
1741113132102,1020.7895
1741113132137,1020.7885
1741113132157,1020.79126
1741113132197,1020.7931
1741113132238,1020.7922
1741113132259,1020.791
1741113132297,1020.79736
1741113132341,1020.7854
1741113132356,1020.78204
1741113132396,1020.7822
1741113132438,1020.7788
1741113132458,1020.7672
1741113132497,1020.77295
1741113132539,1020.7831
1741113132556,1020.7905
1741113132596,1020.7899
1741113132638,1020.7942
1741113132658,1020.7828
1741113132700,1020.7833
1741113132737,1020.78406
1741113132758,1020.79486
1741113132805,1020.79224
1741113132844,1020.78534
1741113132856,1020.7805
1741113132897,1020.78766
1741113132944,1020.7884
1741113132958,1020.7859
1741113132998,1020.7881
1741113133036,1020.7868
1741113133056,1020.79517
1741113133097,1020.7892
1741113133142,1020.7905
1741113133157,1020.78613
1741113133195,1020.7892
1741113133238,1020.7891
1741113133276,1020.792
1741113133296,1020.7971
1741113133337,1020.7973
1741113133374,1020.78687
1741113133395,1020.78876
1741113133437,1020.7955
1741113133475,1020.7988
1741113133495,1020.7916
1741113133536,1020.7862
1741113133575,1020.78125
1741113133596,1020.7886
1741113133638,1020.7938
1741113133676,1020.79297
1741113133695,1020.7926
1741113133735,1020.79126
1741113133775,1020.7904
1741113133797,1020.7827
1741113133835,1020.7874
1741113133874,1020.7888
1741113133896,1020.7888
1741113133935,1020.7919
1741113133976,1020.7903
1741113133997,1020.78766
1741113134038,1020.78564
1741113134076,1020.78937
1741113134098,1020.7964
1741113134136,1020.7999
1741113134175,1020.7947
1741113134196,1020.79224
1741113134236,1020.7825
1741113134275,1020.7818
1741113134298,1020.78723
1741113134335,1020.7898
1741113134374,1020.7963
1741113134395,1020.79114
1741113134437,1020.78577
1741113134477,1020.78076
1741113134497,1020.78394
1741113134535,1020.7904
1741113134576,1020.7912
1741113134595,1020.7886
1741113134638,1020.79315
1741113134675,1020.7927
1741113134697,1020.7913
1741113134739,1020.7875
1741113134776,1020.77997
1741113134796,1020.7805
1741113134836,1020.7803
1741113134874,1020.77795
1741113134895,1020.7844
1741113134939,1020.78143
1741113134976,1020.78174
1741113134998,1020.78516
1741113135035,1020.7805
1741113135077,1020.77826
1741113135095,1020.79016
1741113135135,1020.781
1741113135175,1020.78394
1741113135198,1020.77826
1741113135236,1020.7774
1741113135278,1020.7694
1741113135295,1020.77954
1741113135339,1020.7867
1741113135374,1020.7919
1741113135395,1020.78534
1741113135438,1020.78357
1741113135474,1020.7844
1741113135495,1020.78687
1741113135536,1020.78564
1741113135575,1020.782
1741113135596,1020.77423
1741113135638,1020.7844
1741113135678,1020.7919
1741113135695,1020.7887
1741113135735,1020.78986
1741113135777,1020.78735
1741113135796,1020.78516
1741113135834,1020.7915
1741113135873,1020.80444
1741113135893,1020.79315
1741113135937,1020.7855
1741113135975,1020.7756
1741113135996,1020.7862
1741113136037,1020.77954
1741113136075,1020.7795
1741113136094,1020.78656
1741113136135,1020.7833
1741113136175,1020.787
1741113136196,1020.77686
1741113136236,1020.7832
1741113136275,1020.7777
1741113136295,1020.7837
1741113136335,1020.7785
1741113136374,1020.7714
1741113136394,1020.7865
1741113136435,1020.7825
1741113136474,1020.7771
1741113136494,1020.7843
1741113136535,1020.7829
1741113136576,1020.77795
1741113136595,1020.7785
1741113136635,1020.7759
1741113136674,1020.77454
1741113136694,1020.77875
1741113136735,1020.7743
1741113136779,1020.77295
1741113136794,1020.7735
1741113136835,1020.767
1741113136873,1020.7647
1741113136894,1020.7578
1741113136935,1020.768
1741113136974,1020.76074
1741113136993,1020.75653
1741113137033,1020.7588
1741113137074,1020.75574
1741113137093,1020.75806
1741113137137,1020.7541
1741113137175,1020.7589
1741113137194,1020.7628
1741113137237,1020.7696
1741113137275,1020.77344
1741113137296,1020.76526
1741113137334,1020.75366
1741113137373,1020.7577
1741113137393,1020.7687
1741113137435,1020.7657
1741113137475,1020.7731
1741113137494,1020.7607
1741113137533,1020.755
1741113137575,1020.7585
1741113137593,1020.77
1741113137635,1020.77563
1741113137674,1020.7672
1741113137694,1020.76447
1741113137733,1020.75934
1741113137775,1020.7529
1741113137795,1020.7551
1741113137834,1020.75775
1741113137874,1020.75684
1741113137893,1020.7586
1741113137934,1020.7712
1741113137973,1020.78674
1741113137995,1020.7826
1741113138034,1020.77966
1741113138076,1020.7678
1741113138096,1020.76227
1741113138135,1020.76953
1741113138176,1020.7784
1741113138193,1020.7686
1741113138236,1020.7663
1741113138277,1020.76184
1741113138295,1020.7731
1741113138336,1020.77496
1741113138374,1020.7725
1741113138394,1020.7729
1741113138434,1020.77264
1741113138474,1020.76605
1741113138496,1020.7581
1741113138534,1020.7665
1741113138574,1020.76575
1741113138595,1020.77454
1741113138634,1020.7793
1741113138674,1020.7888
1741113138694,1020.78894
1741113138736,1020.7796
1741113138777,1020.76733
1741113138792,1020.7663
1741113138834,1020.76544
1741113138873,1020.76166
1741113138892,1020.77167
1741113138934,1020.7682
1741113138973,1020.761
1741113138994,1020.7649
1741113139034,1020.76105
1741113139075,1020.7579
1741113139093,1020.76135
1741113139134,1020.7637
1741113139173,1020.7595
1741113139193,1020.75964
1741113139234,1020.7533
1741113139274,1020.7643
1741113139294,1020.7676
1741113139334,1020.7652
1741113139373,1020.76587
1741113139392,1020.7704
1741113139433,1020.7662
1741113139472,1020.7643
1741113139493,1020.7725
1741113139533,1020.772
1741113139574,1020.7726
1741113139594,1020.775
1741113139635,1020.77435
1741113139673,1020.77716
1741113139694,1020.7667
1741113139732,1020.7731
1741113139773,1020.7733
1741113139802,1020.7693
1741113139835,1020.7728
1741113139874,1020.7752
1741113139893,1020.76416
1741113139933,1020.76514
1741113139972,1020.7647
1741113139993,1020.76636
1741113140034,1020.76465
1741113140074,1020.76685
1741113140093,1020.76556
1741113140135,1020.7736
1741113140174,1020.76544
1741113140195,1020.76624
1741113140237,1020.76794
1741113140273,1020.76904
1741113140294,1020.7739
1741113140334,1020.7718
1741113140375,1020.7705
1741113140391,1020.7665
1741113140433,1020.77386
1741113140473,1020.76526
1741113140493,1020.7663
1741113140535,1020.7726
1741113140579,1020.7688
1741113140596,1020.7673
1741113140632,1020.77264
1741113140674,1020.7681
1741113140692,1020.7662
1741113140734,1020.76636
1741113140774,1020.7685
1741113140793,1020.7675
1741113140834,1020.7594
1741113140872,1020.7653
1741113140891,1020.7578
1741113140933,1020.76556
1741113140973,1020.7641
1741113140993,1020.7652
1741113141036,1020.77
1741113141073,1020.76715
1741113141092,1020.7638
1741113141134,1020.7637
1741113141172,1020.76013
1741113141195,1020.759
1741113141232,1020.7513
1741113141272,1020.7485
1741113141292,1020.7554
1741113141333,1020.76544
1741113141373,1020.76324
1741113141393,1020.7607
1741113141432,1020.7497
1741113141471,1020.7445
1741113141492,1020.75244
1741113141532,1020.7482
1741113141573,1020.7491
1741113141594,1020.7438
1741113141634,1020.7335
1741113141673,1020.72675
1741113141694,1020.7301
1741113141733,1020.7279
1741113141772,1020.73016
1741113141792,1020.72174
1741113141833,1020.7209
1741113141871,1020.71826
1741113141891,1020.709
1741113141931,1020.7057
1741113141972,1020.70703
1741113141991,1020.7054
1741113142032,1020.6963
1741113142072,1020.69934
1741113142094,1020.7014
1741113142137,1020.6966
1741113142171,1020.6843
1741113142191,1020.68994
1741113142232,1020.68713
1741113142274,1020.6844
1741113142294,1020.68146
1741113142331,1020.67554
1741113142371,1020.6686
1741113142390,1020.6678
1741113142431,1020.6665
1741113142473,1020.65485
1741113142493,1020.65875
1741113142532,1020.65594
1741113142574,1020.6572
1741113142593,1020.662
1741113142632,1020.65106
1741113142672,1020.64136
1741113142691,1020.6354
1741113142732,1020.6345
1741113142771,1020.6388
1741113142792,1020.6418
1741113142834,1020.6399
1741113142871,1020.6341
1741113142890,1020.62787
1741113142930,1020.63007
1741113142972,1020.6314
1741113142993,1020.6344
1741113143030,1020.63074
1741113143070,1020.6211
1741113143090,1020.61273
1741113143135,1020.6096
1741113143177,1020.6163
1741113143191,1020.61774
1741113143232,1020.61566
1741113143270,1020.6063
1741113143290,1020.6068
1741113143332,1020.6098
1741113143369,1020.5989
1741113143389,1020.5936
1741113143430,1020.59485
1741113143474,1020.5917
1741113143492,1020.5796
1741113143531,1020.5742
1741113143571,1020.5832
1741113143592,1020.56775
1741113143632,1020.55725
1741113143670,1020.55646
1741113143690,1020.5464
1741113143731,1020.54175
1741113143772,1020.5401
1741113143792,1020.5376
1741113143830,1020.5397
1741113143870,1020.5432
1741113143889,1020.5399
1741113143929,1020.5303
1741113143970,1020.52747
1741113143991,1020.53503
1741113144031,1020.5342
1741113144071,1020.5303
1741113144091,1020.5244
1741113144132,1020.5171
1741113144171,1020.5133
1741113144189,1020.5072
1741113144231,1020.5021
1741113144271,1020.49866
1741113144291,1020.4984
1741113144332,1020.4933
1741113144370,1020.48956
1741113144389,1020.48425
1741113144430,1020.4851
1741113144479,1020.474
1741113144490,1020.47015
1741113144532,1020.47205
1741113144572,1020.47314
1741113144591,1020.4728
1741113144634,1020.47
1741113144669,1020.4639
1741113144689,1020.4621
1741113144730,1020.4588
1741113144773,1020.4585
1741113144793,1020.46136
1741113144830,1020.4488
1741113144868,1020.4504
1741113144888,1020.44714
1741113144930,1020.43286
1741113144979,1020.4256
1741113144990,1020.42993
1741113145031,1020.4308
1741113145069,1020.42804
1741113145091,1020.41974
1741113145129,1020.42236
1741113145169,1020.4261
1741113145191,1020.418
1741113145232,1020.4116
1741113145271,1020.4103
1741113145291,1020.41565
1741113145331,1020.4159
1741113145369,1020.4171
1741113145389,1020.41644
1741113145429,1020.4093
1741113145472,1020.4032
1741113145489,1020.40326
1741113145528,1020.39667
1741113145568,1020.40405
1741113145589,1020.40314
