1741110702771,1020.9436
1741110702791,1021.7092
1741110702830,1021.9636
1741110702871,1022.12695
1741110702891,1022.22406
1741110702931,1022.28345
1741110702971,1022.3248
1741110702992,1022.3503
1741110703031,1022.35614
1741110703071,1022.36383
1741110703091,1022.3651
1741110703134,1022.37695
1741110703173,1022.3854
1741110703191,1022.3773
1741110703233,1022.378
1741110703273,1022.3786
1741110703291,1022.37396
1741110703333,1022.39
1741110703372,1022.3832
1741110703392,1022.3722
1741110703431,1022.38025
1741110703473,1022.3912
1741110703492,1022.397
1741110703531,1022.4057
1741110703571,1022.41406
1741110703590,1022.4139
1741110703631,1022.41815
1741110703671,1022.41077
1741110703691,1022.37854
1741110703730,1022.3634
1741110703770,1022.3443
1741110703790,1022.3645
1741110703831,1022.37573
1741110703870,1022.38275
1741110703892,1022.3871
1741110703930,1022.38885
1741110703970,1022.39825
1741110703990,1022.4052
1741110704030,1022.4302
1741110704070,1022.4333
1741110704090,1022.43726
1741110704130,1022.44354
1741110704196,1022.45667
1741110704196,1022.4521
1741110704230,1022.4508
1741110704277,1022.44183
1741110704290,1022.43256
1741110704330,1022.4306
1741110704370,1022.4221
1741110704390,1022.43164
1741110704431,1022.4306
1741110704471,1022.4282
1741110704490,1022.4293
1741110704534,1022.4256
1741110704570,1022.4083
1741110704591,1022.3949
1741110704629,1022.3919
1741110704729,1022.3967
1741110704750,1022.3954
1741110704792,1022.4034
1741110704835,1022.41504
1741110704851,1022.43427
1741110704890,1022.4375
1741110704931,1022.4292
1741110704952,1022.43463
1741110704990,1022.4139
1741110705030,1022.3932
1741110705049,1022.3622
1741110705093,1022.36755
1741110705121,1022.3933
1741110705150,1022.42804
1741110705189,1022.4641
1741110705230,1022.4603
1741110705251,1022.4315
1741110705292,1022.4606
1741110705331,1022.4472
1741110705351,1022.4618
1741110705390,1022.43427
1741110705411,1022.4002
1741110705450,1022.4169
1741110705491,1022.4353
1741110705532,1022.4452
1741110705550,1022.4348
1741110705591,1022.4176
1741110705630,1022.3967
1741110705650,1022.3966
1741110705690,1022.3697
1741110705710,1022.3745
1741110705750,1022.3828
1741110705791,1022.4126
1741110705832,1022.4433
1741110705869,1022.4623
1741110705891,1022.45197
1741110705934,1022.4308
1741110705951,1022.40967
1741110705989,1022.4689
1741110706030,1022.4803
1741110706052,1022.4851
1741110706091,1022.4643
1741110706131,1022.4404
1741110706153,1022.43005
1741110706192,1022.4169
1741110706233,1022.4159
1741110706250,1022.4135
1741110706292,1022.40137
1741110706332,1022.4265
1741110706351,1022.42676
1741110706395,1022.4074
1741110706432,1022.3965
1741110706451,1022.4088
1741110706492,1022.41095
1741110706534,1022.39954
1741110706550,1022.3943
1741110706591,1022.39044
1741110706631,1022.39087
1741110706653,1022.39484
1741110706694,1022.3919
1741110706735,1022.399
1741110706754,1022.403
1741110706791,1022.39923
1741110706836,1022.4048
1741110706852,1022.40753
1741110706890,1022.42615
1741110706930,1022.44244
1741110706950,1022.4368
1741110706994,1022.4374
1741110707031,1022.43286
1741110707052,1022.41766
1741110707088,1022.4032
1741110707130,1022.396
1741110707151,1022.3909
1741110707190,1022.3929
1741110707231,1022.4012
1741110707250,1022.3968
1741110707291,1022.3996
1741110707329,1022.3988
1741110707350,1022.39087
1741110707389,1022.3888
1741110707431,1022.3841
1741110707459,1022.3864
1741110707489,1022.36035
1741110707531,1022.3423
1741110707550,1022.34106
1741110707592,1022.35504
1741110707633,1022.3818
1741110707654,1022.41095
1741110707690,1022.4206
1741110707733,1022.4233
1741110707749,1022.42944
1741110707790,1022.4315
1741110707830,1022.43
1741110707849,1022.42566
1741110707892,1022.41705
1741110707929,1022.4017
1741110707949,1022.3968
1741110707990,1022.3943
1741110708033,1022.39404
1741110708050,1022.38196
1741110708092,1022.38165
1741110708131,1022.3921
1741110708153,1022.381
1741110708191,1022.37195
1741110708233,1022.3585
1741110708249,1022.3514
1741110708288,1022.3614
1741110708330,1022.35724
1741110708351,1022.36127
1741110708389,1022.3595
1741110708433,1022.36426
1741110708451,1022.3609
1741110708490,1022.3631
1741110708529,1022.3738
1741110708549,1022.38025
1741110708594,1022.3866
1741110708629,1022.3706
1741110708650,1022.3721
1741110708693,1022.37555
1741110708731,1022.3799
1741110708751,1022.37787
1741110708791,1022.37146
1741110708832,1022.38086
1741110708850,1022.3752
1741110708890,1022.3718
1741110708929,1022.36816
1741110708949,1022.3563
1741110708990,1022.35315
1741110709029,1022.3616
1741110709049,1022.35675
1741110709089,1022.36926
1741110709130,1022.37305
1741110709150,1022.3675
1741110709192,1022.36554
1741110709229,1022.3644
1741110709250,1022.3586
1741110709288,1022.359
1741110709328,1022.3542
1741110709348,1022.3454
1741110709391,1022.3435
1741110709430,1022.3373
1741110709450,1022.3277
1741110709490,1022.3312
1741110709527,1022.3513
1741110709550,1022.37317
1741110709600,1022.38885
1741110709632,1022.40186
1741110709651,1022.40686
1741110709691,1022.3977
1741110709729,1022.39844
1741110709752,1022.38104
1741110709789,1022.3797
1741110709830,1022.3678
1741110709849,1022.3723
1741110709890,1022.36914
1741110709929,1022.35443
1741110709949,1022.3451
1741110709988,1022.33765
1741110710028,1022.33887
1741110710051,1022.33167
1741110710103,1022.3375
1741110710128,1022.3314
1741110710148,1022.328
1741110710187,1022.3289
1741110710229,1022.3351
1741110710248,1022.3317
1741110710294,1022.32355
1741110710327,1022.32446
1741110710350,1022.3203
1741110710388,1022.3275
1741110710429,1022.32434
1741110710449,1022.3188
1741110710493,1022.3169
1741110710528,1022.3303
1741110710549,1022.3376
1741110710589,1022.33264
1741110710627,1022.34106
1741110710648,1022.3482
1741110710690,1022.34375
1741110710729,1022.33606
1741110710759,1022.32666
1741110710789,1022.3215
1741110710828,1022.3198
1741110710852,1022.3248
1741110710891,1022.3323
1741110710930,1022.33014
1741110710948,1022.3351
1741110710999,1022.3263
1741110711027,1022.32025
1741110711048,1022.31366
1741110711089,1022.31177
1741110711134,1022.3157
1741110711150,1022.3157
1741110711188,1022.31793
1741110711229,1022.31824
1741110711246,1022.32385
1741110711290,1022.3165
1741110711339,1022.3188
1741110711348,1022.3128
1741110711388,1022.3113
1741110711428,1022.3069
1741110711450,1022.2983
1741110711488,1022.30994
1741110711530,1022.3115
1741110711548,1022.3166
1741110711589,1022.32776
1741110711634,1022.3397
1741110711649,1022.35925
1741110711691,1022.3605
1741110711726,1022.34784
1741110711748,1022.3499
1741110711788,1022.3548
1741110711830,1022.34534
1741110711846,1022.344
1741110711890,1022.3343
1741110711931,1022.3303
1741110711948,1022.32495
1741110711988,1022.32623
1741110712029,1022.3233
1741110712050,1022.32166
1741110712087,1022.3318
1741110712126,1022.3165
1741110712148,1022.30115
1741110712188,1022.29297
1741110712228,1022.3014
1741110712248,1022.30286
1741110712286,1022.28516
1741110712330,1022.26996
1741110712349,1022.26825
1741110712395,1022.26306
1741110712426,1022.2566
1741110712448,1022.26953
1741110712487,1022.2728
1741110712528,1022.2844
1741110712546,1022.2848
1741110712593,1022.28064
1741110712626,1022.285
1741110712649,1022.28827
1741110712685,1022.28577
1741110712726,1022.28894
1741110712761,1022.297
1741110712786,1022.2991
1741110712828,1022.3083
1741110712848,1022.29675
1741110712889,1022.28424
1741110712926,1022.276
1741110712952,1022.27625
1741110712989,1022.2767
1741110713035,1022.27026
1741110713050,1022.2777
1741110713093,1022.2878
1741110713126,1022.2896
1741110713147,1022.28955
1741110713185,1022.2929
1741110713227,1022.289
1741110713249,1022.2908
1741110713288,1022.27985
1741110713326,1022.2741
1741110713352,1022.27423
1741110713386,1022.2668
1741110713430,1022.27124
1741110713448,1022.26904
1741110713489,1022.28284
1741110713527,1022.2812
1741110713547,1022.2843
1741110713589,1022.283
1741110713627,1022.2939
1741110713649,1022.30164
1741110713686,1022.30225
1741110713727,1022.3032
1741110713750,1022.3051
1741110713785,1022.3092
1741110713829,1022.2986
1741110713845,1022.29584
1741110713887,1022.2813
1741110713933,1022.27716
1741110713948,1022.27484
1741110713986,1022.27997
1741110714028,1022.2681
1741110714046,1022.2557
1741110714085,1022.2494
1741110714129,1022.25775
1741110714152,1022.2532
1741110714185,1022.2503
1741110714226,1022.2511
1741110714245,1022.24854
1741110714286,1022.23254
1741110714326,1022.22797
1741110714345,1022.2375
1741110714391,1022.24963
1741110714426,1022.2393
1741110714448,1022.2406
1741110714488,1022.24866
1741110714525,1022.2594
1741110714545,1022.2551
1741110714586,1022.252
1741110714632,1022.25214
1741110714645,1022.2574
1741110714686,1022.25244
1741110714733,1022.249
1741110714747,1022.25525
1741110714792,1022.2588
1741110714825,1022.26184
1741110714845,1022.2557
1741110714889,1022.25037
1741110714926,1022.2488
1741110714949,1022.24634
1741110714990,1022.24335
1741110715025,1022.2332
1741110715049,1022.24426
1741110715086,1022.2504
1741110715125,1022.2527
1741110715155,1022.25336
1741110715186,1022.24915
1741110715226,1022.2452
1741110715248,1022.24365
1741110715285,1022.24585
1741110715331,1022.2447
1741110715348,1022.23413
1741110715386,1022.23596
1741110715426,1022.2446
1741110715448,1022.2536
1741110715486,1022.2559
1741110715528,1022.25146
1741110715545,1022.25037
1741110715585,1022.25305
1741110715625,1022.24817
1741110715645,1022.24756
1741110715686,1022.2412
1741110715728,1022.2374
1741110715746,1022.2254
1741110715790,1022.22076
1741110715826,1022.21265
1741110715846,1022.2089
1741110715891,1022.2018
1741110715924,1022.2016
1741110715944,1022.2052
1741110715986,1022.2018
1741110716025,1022.21106
1741110716052,1022.21906
1741110716086,1022.22534
1741110716125,1022.22253
1741110716144,1022.2261
1741110716185,1022.22266
1741110716226,1022.20795
1741110716243,1022.21606
1741110716291,1022.22046
1741110716323,1022.2167
1741110716346,1022.21826
1741110716386,1022.2178
1741110716425,1022.2294
1741110716449,1022.2207
1741110716490,1022.21265
1741110716527,1022.2134
1741110716548,1022.20715
1741110716585,1022.20355
1741110716625,1022.2088
1741110716646,1022.21204
1741110716685,1022.2046
1741110716725,1022.21185
1741110716744,1022.22644
1741110716784,1022.23206
1741110716824,1022.2301
1741110716844,1022.24316
1741110716885,1022.23895
1741110716925,1022.2345
1741110716945,1022.2472
1741110716984,1022.24744
1741110717025,1022.26306
1741110717044,1022.2733
1741110717085,1022.2838
1741110717123,1022.2775
1741110717144,1022.26483
1741110717188,1022.2593
1741110717226,1022.2528
1741110717246,1022.2289
1741110717286,1022.2111
1741110717323,1022.1968
1741110717345,1022.17926
1741110717386,1022.1832
1741110717425,1022.20026
1741110717449,1022.2064
1741110717491,1022.2083
1741110717527,1022.2067
1741110717543,1022.2116
1741110717584,1022.2244
1741110717624,1022.223
1741110717645,1022.2257
1741110717719,1022.2182
1741110717723,1022.2145
1741110717743,1022.2129
1741110717784,1022.2169
1741110717823,1022.2198
1741110717843,1022.2196
1741110717885,1022.2178
1741110717929,1022.20984
1741110717944,1022.2069
1741110717984,1022.20685
1741110718026,1022.20264
1741110718044,1022.2116
1741110718089,1022.2079
1741110718126,1022.2091
1741110718143,1022.20264
1741110718208,1022.19934
1741110718223,1022.1998
1741110718244,1022.1932
1741110718283,1022.1923
1741110718323,1022.206
1741110718344,1022.2064
1741110718386,1022.19666
1741110718424,1022.19977
1741110718445,1022.18494
1741110718484,1022.1809
1741110718523,1022.18414
1741110718544,1022.1853
1741110718583,1022.1887
1741110718623,1022.1852
1741110718645,1022.18835
1741110718684,1022.1804
1741110718723,1022.17834
1741110718744,1022.18085
1741110718784,1022.18463
1741110718829,1022.1986
1741110718843,1022.2008
1741110718886,1022.19653
1741110718924,1022.2001
1741110718944,1022.1965
1741110718995,1022.19434
1741110719023,1022.18823
1741110719043,1022.1805
1741110719085,1022.1864
1741110719123,1022.1869
1741110719142,1022.1897
1741110719184,1022.19293
1741110719225,1022.1875
1741110719243,1022.1776
1741110719282,1022.1735
1741110719324,1022.1693
1741110719346,1022.1653
1741110719384,1022.1679
1741110719422,1022.17883
1741110719443,1022.1908
1741110719483,1022.1947
1741110719522,1022.1957
1741110719542,1022.20074
1741110719583,1022.2161
1741110719623,1022.2194
1741110719644,1022.2217
1741110719682,1022.19794
1741110719724,1022.19116
1741110719743,1022.1773
1741110719783,1022.1732
1741110719828,1022.17
1741110719842,1022.17456
1741110719884,1022.16455
1741110719924,1022.1535
1741110719942,1022.1497
1741110719983,1022.1659
1741110720026,1022.1582
1741110720049,1022.14923
1741110720083,1022.14105
1741110720130,1022.13806
1741110720141,1022.1371
1741110720184,1022.13135
1741110720223,1022.12537
1741110720242,1022.1311
1741110720285,1022.1412
1741110720332,1022.1432
1741110720342,1022.13306
1741110720386,1022.1274
1741110720423,1022.13416
1741110720443,1022.13904
1741110720484,1022.1463
1741110720523,1022.1455
1741110720548,1022.1498
1741110720582,1022.1629
1741110720630,1022.16394
1741110720641,1022.16864
1741110720685,1022.17395
1741110720724,1022.17773
1741110720743,1022.161
1741110720784,1022.14575
1741110720823,1022.1462
1741110720844,1022.157
1741110720884,1022.1566
1741110720923,1022.1483
1741110720944,1022.13586
1741110720983,1022.1337
1741110721025,1022.1221
1741110721042,1022.1229
1741110721082,1022.11383
1741110721122,1022.1193
1741110721142,1022.1209
1741110721181,1022.13806
1741110721224,1022.1442
1741110721242,1022.152
1741110721283,1022.163
1741110721322,1022.17316
1741110721342,1022.18024
1741110721381,1022.1811
1741110721421,1022.17645
1741110721443,1022.1661
1741110721481,1022.1568
1741110721523,1022.15454
1741110721542,1022.1543
1741110721586,1022.1449
1741110721621,1022.1295
1741110721642,1022.1295
1741110721681,1022.1301
1741110721722,1022.1267
1741110721748,1022.11676
1741110721782,1022.11816
1741110721824,1022.11395
1741110721843,1022.12506
1741110721881,1022.12836
1741110721921,1022.12604
1741110721943,1022.1269
1741110721981,1022.1243
1741110722022,1022.1143
1741110722042,1022.10596
1741110722086,1022.10144
1741110722120,1022.109
1741110722142,1022.1141
1741110722185,1022.10144
1741110722222,1022.1019
1741110722241,1022.11426
1741110722282,1022.10455
1741110722320,1022.09784
1741110722341,1022.1012
1741110722382,1022.0957
1741110722421,1022.10547
1741110722451,1022.1136
1741110722483,1022.1106
1741110722521,1022.1149
1741110722540,1022.1134
1741110722584,1022.1123
1741110722622,1022.1017
1741110722643,1022.103
1741110722680,1022.1067
1741110722723,1022.1088
1741110722740,1022.1032
1741110722781,1022.1003
1741110722821,1022.09753
1741110722844,1022.09485
1741110722885,1022.08905
1741110722923,1022.089
1741110722943,1022.105
1741110723002,1022.1069
1741110723021,1022.1129
1741110723054,1022.1184
1741110723080,1022.1312
1741110723122,1022.14264
1741110723143,1022.1383
1741110723182,1022.12134
1741110723224,1022.1188
1741110723242,1022.1112
1741110723280,1022.10504
1741110723322,1022.10376
1741110723342,1022.08484
1741110723383,1022.0911
1741110723421,1022.08777
1741110723443,1022.08154
1741110723480,1022.083
1741110723521,1022.0808
1741110723541,1022.07825
1741110723581,1022.0629
1741110723620,1022.0652
1741110723644,1022.0637
1741110723683,1022.0656
1741110723724,1022.063
1741110723741,1022.05896
1741110723783,1022.0579
1741110723821,1022.0619
1741110723842,1022.0669
1741110723881,1022.0681
1741110723921,1022.07574
1741110723944,1022.083
1741110723983,1022.07605
1741110724021,1022.0725
1741110724050,1022.0764
1741110724082,1022.07635
1741110724122,1022.0822
1741110724141,1022.0831
1741110724181,1022.076
1741110724224,1022.07605
1741110724243,1022.0675
1741110724282,1022.0615
1741110724320,1022.06714
1741110724342,1022.06824
1741110724384,1022.0673
1741110724420,1022.0727
1741110724441,1022.0784
1741110724479,1022.0731
1741110724522,1022.06604
1741110724544,1022.0537
1741110724579,1022.04
1741110724620,1022.048
1741110724645,1022.0643
1741110724679,1022.06757
1741110724719,1022.0885
1741110724741,1022.0906
1741110724779,1022.1039
1741110724820,1022.10297
1741110724842,1022.10535
1741110724880,1022.10144
1741110724922,1022.09106
1741110724940,1022.0945
1741110724981,1022.0892
1741110725024,1022.088
1741110725039,1022.06793
1741110725080,1022.05505
1741110725120,1022.04297
1741110725143,1022.04846
1741110725181,1022.0474
1741110725221,1022.04114
1741110725244,1022.04346
1741110725280,1022.04456
1741110725320,1022.0393
1741110725339,1022.0465
1741110725383,1022.04486
1741110725421,1022.03485
1741110725447,1022.03876
1741110725480,1022.02576
1741110725520,1022.0233
1741110725541,1022.03076
1741110725580,1022.0191
1741110725619,1022.02985
1741110725640,1022.03516
1741110725688,1022.0301
1741110725719,1022.03265
1741110725741,1022.0385
1741110725792,1022.0548
1741110725824,1022.05493
1741110725840,1022.04596
1741110725882,1022.05096
1741110725918,1022.0482
1741110725938,1022.04156
1741110725979,1022.0224
1741110726020,1022.0106
1741110726039,1022.0146
1741110726081,1022.01355
1741110726124,1022.01825
1741110726139,1022.03094
1741110726183,1022.03046
1741110726220,1022.01355
1741110726238,1022.0017
1741110726279,1022.00916
1741110726322,1022.01733
1741110726343,1022.0281
1741110726381,1022.0411
1741110726420,1022.04614
1741110726441,1022.0488
1741110726483,1022.0478
1741110726519,1022.05206
1741110726540,1022.0574
1741110726579,1022.06036
1741110726619,1022.04724
1741110726640,1022.0281
1741110726681,1022.0308
1741110726719,1022.02966
1741110726739,1022.02124
1741110726780,1022.02026
1741110726821,1022.01355
1741110726861,1022.0022
1741110726878,1022.0075
1741110726920,1022.007
1741110726960,1022.0005
1741110726981,1021.99646
1741110727019,1021.9939
1741110727039,1021.985
1741110727081,1022.0001
1741110727122,1022.00995
1741110727160,1022.00977
1741110727180,1022.0095
1741110727220,1022.01306
1741110727261,1022.00916
1741110727281,1021.9936
1741110727318,1021.9854
1741110727339,1021.9936
1741110727380,1021.99243
1741110727418,1021.98706
1741110727459,1021.9768
1741110727481,1021.9724
1741110727520,1021.97345
1741110727559,1021.9731
1741110727581,1021.97046
1741110727621,1021.97974
1741110727659,1021.9863
1741110727680,1021.9781
1741110727718,1021.9718
1741110727758,1021.9867
1741110727777,1021.99475
1741110727817,1021.9962
1741110727858,1021.9993
1741110727879,1021.985
1741110727918,1021.9696
1741110727960,1021.9759
1741110727978,1021.989
1741110728024,1021.9946
1741110728062,1021.9883
1741110728078,1021.98224
1741110728117,1021.97925
1741110728164,1021.9812
1741110728181,1021.9852
1741110728219,1021.9889
1741110728260,1021.9944
1741110728278,1021.99243
1741110728320,1021.9761
1741110728358,1021.9679
1741110728380,1021.96246
1741110728418,1021.96783
1741110728460,1021.9768
1741110728490,1021.9814
1741110728519,1021.9968
1741110728558,1022.01025
1741110728579,1022.02026
1741110728619,1022.0167
1741110728658,1022.0175
1741110728678,1022.01044
1741110728723,1022.0056
1741110728758,1022.0024
1741110728780,1021.99194
1741110728818,1021.9845
1741110728864,1021.98035
1741110728878,1021.9776
1741110728919,1021.98346
1741110728958,1021.9824
1741110728986,1021.9866
1741110729017,1021.98865
1741110729059,1021.98596
1741110729089,1021.9771
1741110729117,1021.9673
1741110729162,1021.97626
1741110729178,1021.9722
1741110729221,1021.97095
1741110729258,1021.9814
1741110729290,1022.0034
1741110729317,1022.00354
1741110729357,1021.99915
1741110729378,1021.98096
1741110729421,1021.9753
1741110729458,1021.98285
1741110729479,1021.9928
1741110729521,1021.9968
1741110729559,1022.0001
1741110729576,1022.0008
1741110729616,1021.9994
1741110729662,1022.0062
1741110729678,1021.9921
1741110729718,1021.98
1741110729757,1021.9691
1741110729778,1021.96277
1741110729821,1021.9773
1741110729856,1021.9874
1741110729878,1021.98505
1741110729917,1021.9956
1741110729959,1022.0342
1741110729978,1022.0443
1741110730018,1022.02686
1741110730058,1022.0161
1741110730077,1022.00226
1741110730119,1021.9986
1741110730159,1021.9926
1741110730176,1021.99426
1741110730225,1021.9818
1741110730258,1021.9799
1741110730277,1021.99243
1741110730318,1022.0076
1741110730357,1021.98975
1741110730376,1021.993
1741110730418,1021.9981
1741110730468,1021.99194
1741110730478,1021.9884
1741110730519,1021.97974
1741110730558,1021.98706
1741110730578,1022.00244
1741110730618,1022.01385
1741110730658,1022.02905
1741110730677,1021.9934
1741110730718,1021.98346
1741110730756,1021.9728
1741110730777,1021.99054
1741110730818,1022.01025
1741110730869,1022.0194
1741110730878,1022.0054
1741110730916,1021.999
1741110730956,1021.97986
1741110730976,1021.9581
1741110731017,1021.9618
1741110731060,1021.98413
1741110731076,1021.99084
1741110731116,1021.9748
1741110731158,1021.9715
1741110731188,1021.9874
1741110731218,1022.0201
1741110731257,1022.01416
1741110731278,1022.00867
1741110731319,1022.00104
1741110731358,1022.0029
1741110731378,1021.9862
1741110731420,1021.9814
1741110731459,1021.9802
1741110731478,1021.98413
1741110731521,1021.9888
1741110731557,1021.9845
1741110731576,1021.9832
1741110731622,1021.9879
1741110731656,1021.9973
1741110731682,1021.99585
1741110731716,1021.9936
1741110731758,1021.9875
1741110731778,1021.9944
1741110731817,1021.9959
1741110731858,1021.99554
1741110731876,1022.0086
1741110731916,1021.9853
1741110731957,1021.97174
1741110731977,1021.97107
1741110732021,1021.9852
1741110732056,1021.9828
1741110732081,1021.98706
1741110732126,1021.99133
1741110732156,1021.9941
1741110732175,1021.98645
1741110732215,1021.97217
1741110732258,1021.96375
1741110732277,1021.9585
1741110732317,1021.9816
1741110732356,1021.9863
1741110732380,1021.9671
1741110732417,1021.9899
1741110732464,1022.0325
1741110732475,1022.0532
1741110732519,1022.0393
1741110732559,1022.04004
1741110732577,1022.0355
1741110732618,1022.01587
1741110732659,1021.99634
1741110732675,1021.9859
1741110732741,1021.9857
1741110732760,1021.98816
1741110732776,1021.99255
1741110732816,1021.9934
1741110732856,1021.9901
1741110732876,1021.9955
1741110732916,1021.9905
1741110732962,1021.984
1741110732975,1021.9775
1741110733019,1021.9885
1741110733055,1022.00696
1741110733075,1022.01013
1741110733115,1021.9809
1741110733174,1021.9842
1741110733174,1021.9967
1741110733215,1022.00134
1741110733256,1021.99585
1741110733275,1021.9866
1741110733315,1021.99646
1741110733358,1022.00836
1741110733375,1022.01416
1741110733419,1022.0026
1741110733457,1021.97424
1741110733482,1021.9573
1741110733517,1021.9822
1741110733555,1021.9966
1741110733580,1021.98364
1741110733615,1021.9945
1741110733654,1022.02954
1741110733674,1022.04236
1741110733718,1022.04596
1741110733755,1022.03906
1741110733778,1022.027
1741110733820,1022.0211
1741110733855,1022.0127
1741110733875,1021.9933
1741110733922,1021.9903
1741110733955,1021.98584
1741110733976,1021.98193
1741110734017,1021.98615
1741110734054,1021.9849
1741110734074,1021.9933
1741110734117,1021.99097
1741110734158,1022.0098
1741110734176,1022.0177
1741110734215,1022.01794
1741110734256,1022.01575
1741110734275,1022.0209
1741110734316,1022.00525
1741110734355,1021.9679
1741110734375,1021.96783
1741110734422,1021.9722
1741110734456,1021.9898
1741110734474,1021.98413
1741110734514,1021.9907
1741110734555,1022.00024
1741110734585,1021.994
1741110734614,1022.00214
1741110734659,1022.008
1741110734676,1021.9928
1741110734717,1021.97534
1741110734756,1021.9729
1741110734774,1022.00793
1741110734815,1021.99854
1741110734855,1022.0013
1741110734874,1022.0405
1741110734918,1022.05206
1741110734955,1022.0462
1741110734976,1022.0321
1741110735014,1022.0233
1741110735055,1022.0055
1741110735075,1021.99927
1741110735114,1021.9906
1741110735155,1021.98724
1741110735180,1021.9839
1741110735215,1021.9903
1741110735254,1021.9878
1741110735284,1021.98065
1741110735316,1021.9785
1741110735354,1021.99445
1741110735375,1021.99316
1741110735414,1021.99536
1741110735457,1021.99347
1741110735474,1022.00037
1741110735514,1022.0057
1741110735554,1021.9796
1741110735575,1021.96747
1741110735614,1021.96643
1741110735655,1021.9695
1741110735677,1021.9801
1741110735715,1021.98694
1741110735753,1021.979
1741110735773,1021.9824
1741110735813,1021.9909
1741110735853,1022.0017
1741110735874,1022.0078
1741110735914,1021.989
1741110735953,1021.97327
1741110735973,1021.9872
1741110736013,1022.0109
1741110736055,1022.0027
1741110736075,1021.99194
1741110736113,1022.01825
1741110736155,1022.03455
1741110736176,1022.04614
1741110736217,1022.034
1741110736254,1022.0314
1741110736273,1022.01215
1741110736313,1022.00464
1741110736356,1021.99805
1741110736386,1021.9917
1741110736413,1021.9968
1741110736452,1022.00793
1741110736473,1022.00446
1741110736516,1021.9999
1741110736553,1021.99365
1741110736573,1022.00433
1741110736614,1022.0102
1741110736653,1022.0146
1741110736675,1022.01105
1741110736716,1022.006
1741110736753,1022.0064
1741110736773,1022.0032
1741110736815,1021.9852
1741110736853,1021.9856
1741110736873,1021.9861
1741110736916,1021.9965
1741110736959,1021.99927
1741110736974,1021.9927
1741110737014,1021.98816
1741110737056,1021.98474
1741110737073,1021.9851
1741110737128,1021.99194
1741110737157,1021.97546
1741110737172,1021.97797
1741110737213,1021.9999
1741110737254,1022.02356
1741110737274,1022.00665
1741110737312,1022.009
1741110737354,1022.02826
1741110737374,1022.0598
1741110737414,1022.0634
1741110737454,1022.0448
1741110737475,1022.0293
1741110737514,1022.00964
1741110737559,1021.99084
1741110737573,1021.98145
1741110737623,1021.97925
1741110737654,1021.98364
1741110737673,1021.9883
1741110737715,1021.9907
1741110737756,1021.9851
1741110737796,1021.9831
1741110737813,1021.999
1741110737854,1022.0099
1741110737873,1022.0115
1741110737912,1022.0045
1741110737954,1022.0006
1741110737972,1021.99744
1741110738014,1021.9979
1741110738056,1021.97534
1741110738072,1021.97864
1741110738116,1021.97644
1741110738154,1021.9857
1741110738172,1021.9878
1741110738221,1021.993
1741110738252,1021.9789
1741110738277,1021.9922
1741110738312,1021.9961
1741110738353,1021.9946
1741110738379,1021.9888
1741110738414,1021.97974
1741110738453,1021.9917
1741110738473,1022.02527
1741110738512,1022.0099
1741110738567,1021.99805
1741110738572,1022.01196
1741110738614,1022.03503
1741110738658,1022.03796
1741110738671,1022.0356
1741110738713,1022.02246
1741110738752,1022.0117
1741110738772,1021.9999
1741110738812,1021.99426
1741110738852,1021.9884
1741110738873,1021.98236
1741110738913,1021.9832
1741110738952,1021.9911
1741110738972,1021.98773
1741110739012,1021.9859
1741110739058,1021.99316
1741110739072,1022.0001
1741110739112,1022.00256
1741110739153,1022.0011
1741110739174,1022.00104
1741110739214,1022.0015
1741110739253,1021.99945
1741110739286,1022.001
1741110739313,1021.96844
1741110739353,1021.96765
1741110739372,1021.9737
1741110739412,1021.97986
1741110739454,1021.986
1741110739478,1021.9817
1741110739512,1021.9768
1741110739552,1021.99274
1741110739572,1021.9931
1741110739612,1021.9999
1741110739652,1021.994
1741110739674,1021.97845
1741110739714,1021.97974
1741110739754,1021.98315
1741110739775,1022.01166
1741110739813,1021.9975
1741110739851,1021.97955
1741110739872,1021.9846
1741110739912,1022.02234
1741110739951,1022.0481
1741110739971,1022.02954
1741110740012,1022.02454
1741110740053,1022.00964
1741110740072,1021.9985
1741110740111,1021.979
1741110740153,1021.9779
1741110740186,1021.9802
1741110740213,1021.9929
1741110740253,1021.9956
1741110740271,1021.9833
1741110740314,1021.9845
1741110740351,1021.99316
1741110740372,1021.9884
1741110740411,1021.9872
1741110740453,1021.98773
1741110740474,1022.00635
1741110740511,1022.0198
1741110740551,1022.0281
1741110740572,1022.0038
1741110740621,1021.99915
1741110740652,1021.9851
1741110740676,1021.9817
1741110740712,1021.9915
1741110740750,1021.99817
1741110740775,1022.0009
1741110740811,1021.99976
1741110740851,1022.0004
1741110740871,1021.9987
1741110740911,1022.00165
1741110740952,1021.98737
1741110740971,1021.9881
1741110741011,1021.9994
1741110741051,1021.98987
1741110741072,1021.97974
1741110741111,1021.9861
1741110741153,1022.00415
1741110741174,1022.0343
1741110741211,1022.04126
1741110741250,1022.03046
1741110741270,1022.01733
1741110741311,1022.0071
1741110741351,1022.00653
1741110741371,1021.997
1741110741412,1021.9901
1741110741450,1021.9966
1741110741473,1022.00464
1741110741511,1021.9999
1741110741552,1021.989
1741110741572,1021.98627
1741110741615,1021.9899
1741110741652,1021.99023
1741110741671,1021.9758
1741110741712,1021.9769
1741110741751,1021.9804
1741110741772,1022.00275
1741110741813,1022.02246
1741110741851,1022.02185
1741110741872,1022.01215
1741110741911,1021.9999
1741110741951,1021.9956
1741110741971,1022.0077
1741110742011,1022.00684
1741110742050,1021.9979
1741110742069,1022.00336
1741110742110,1022.01556
1741110742150,1022.0005
1741110742171,1021.9767
1741110742210,1021.9478
1741110742250,1021.975
1741110742271,1022.00275
1741110742311,1021.9939
1741110742351,1021.9879
1741110742381,1021.99426
1741110742412,1022.02325
1741110742451,1022.0309
1741110742471,1022.02374
1741110742511,1022.0175
1741110742551,1022.01337
1741110742571,1022.00244
1741110742610,1021.98083
1741110742653,1021.9858
1741110742678,1022.0078
1741110742711,1022.01135
1741110742749,1022.0044
1741110742799,1022.00507
1741110742809,1022.00323
1741110742850,1022.00574
1741110742871,1022.0088
1741110742912,1021.9976
1741110742952,1021.99445
1741110742975,1021.99713
1741110743010,1022.00165
1741110743055,1022.0047
1741110743069,1022.01917
1741110743112,1022.0292
1741110743153,1022.0106
1741110743171,1021.9986
1741110743210,1021.9915
1741110743251,1022.0004
1741110743271,1021.9942
1741110743310,1021.9956
1741110743353,1022.0008
1741110743370,1021.9999
1741110743410,1021.9859
1741110743450,1021.9673
1741110743471,1021.9543
1741110743511,1021.9622
1741110743552,1021.9857
1741110743569,1021.9724
1741110743611,1021.9986
1741110743649,1022.04816
1741110743670,1022.08466
1741110743711,1022.0764
1741110743748,1022.0664
1741110743768,1022.0457
1741110743809,1022.018
1741110743849,1022.006
1741110743872,1022.0062
1741110743929,1021.9923
1741110743950,1021.99207
1741110743970,1021.9873
1741110744010,1021.9876
1741110744051,1021.98157
1741110744071,1021.9757
1741110744112,1021.97864
1741110744150,1021.98145
1741110744173,1021.9641
1741110744210,1021.94336
1741110744249,1021.95795
1741110744271,1021.9815
1741110744309,1021.9868
1741110744350,1021.9766
1741110744370,1021.9656
1741110744411,1021.9692
1741110744450,1021.9754
1741110744471,1021.9749
1741110744509,1021.96027
1741110744550,1021.9596
1741110744571,1021.9612
1741110744609,1021.97363
1741110744655,1021.985
1741110744669,1021.9839
1741110744719,1021.9796
1741110744750,1021.96313
1741110744771,1021.9514
1741110744809,1021.9496
1741110744850,1021.9559
1741110744870,1021.96265
1741110744909,1021.9601
1741110744957,1021.9512
1741110744970,1021.935
1741110745012,1021.9535
1741110745049,1021.97156
1741110745069,1021.9674
1741110745110,1021.98444
1741110745152,1021.9951
1741110745170,1021.9953
1741110745209,1021.9954
1741110745249,1021.99524
1741110745270,1021.9873
1741110745309,1021.9884
1741110745351,1021.9753
1741110745371,1021.9647
1741110745412,1021.95496
1741110745455,1021.9518
1741110745470,1021.94336
1741110745510,1021.93854
1741110745549,1021.9368
1741110745570,1021.93414
1741110745609,1021.94653
1741110745649,1021.9509
1741110745678,1021.94366
1741110745710,1021.9416
1741110745760,1021.9263
1741110745770,1021.91425
1741110745809,1021.9165
1741110745849,1021.9237
1741110745874,1021.9164
1741110745910,1021.9252
1741110745948,1021.91736
1741110745971,1021.9113
1741110746009,1021.91614
1741110746051,1021.9238
1741110746069,1021.93005
1741110746117,1021.9264
1741110746149,1021.9249
1741110746167,1021.92004
1741110746209,1021.9199
1741110746249,1021.92163
1741110746270,1021.9341
1741110746310,1021.93805
1741110746348,1021.9324
1741110746381,1021.9298
1741110746407,1021.923
1741110746451,1021.9026
1741110746471,1021.90985
1741110746509,1021.9258
1741110746569,1021.9355
1741110746569,1021.9458
1741110746610,1021.96423
1741110746649,1021.96704
1741110746668,1021.9589
1741110746710,1021.9448
1741110746751,1021.94336
1741110746767,1021.94257
1741110746813,1021.93225
1741110746848,1021.9177
1741110746870,1021.9127
1741110746911,1021.91455
1741110746947,1021.90845
1741110746971,1021.9038
1741110747013,1021.8934
1741110747048,1021.8926
1741110747068,1021.88904
1741110747109,1021.9041
1741110747151,1021.9022
1741110747167,1021.9011
1741110747211,1021.8994
1741110747250,1021.8927
1741110747267,1021.88947
1741110747309,1021.88184
1741110747356,1021.88635
1741110747370,1021.8815
1741110747409,1021.86993
1741110747448,1021.8683
1741110747468,1021.873
1741110747508,1021.8856
1741110747548,1021.89136
1741110747576,1021.89197
1741110747608,1021.8998
1741110747650,1021.89874
1741110747670,1021.8936
1741110747708,1021.8873
1741110747754,1021.87354
1741110747803,1021.8752
1741110747806,1021.8914
1741110747848,1021.8818
1741110747868,1021.88257
1741110747908,1021.876
1741110747946,1021.85614
1741110747967,1021.84766
1741110748008,1021.86383
1741110748049,1021.8882
1741110748069,1021.9009
1741110748108,1021.9064
1741110748156,1021.9138
1741110748170,1021.907
1741110748210,1021.90405
1741110748247,1021.9008
1741110748269,1021.89746
1741110748308,1021.89386
1741110748349,1021.88513
1741110748367,1021.8676
1741110748409,1021.8607
1741110748447,1021.8657
1741110748490,1021.85913
1741110748506,1021.8524
1741110748547,1021.86053
1741110748588,1021.86255
1741110748607,1021.85333
1741110748649,1021.85645
1741110748669,1021.85205
1741110748707,1021.8596
1741110748747,1021.85333
1741110748787,1021.845
1741110748809,1021.83466
1741110748847,1021.8319
1741110748890,1021.83716
1741110748908,1021.8386
1741110748947,1021.8372
1741110748968,1021.85565
1741110749008,1021.847
1741110749046,1021.8456
1741110749088,1021.8526
1741110749113,1021.862
1741110749147,1021.8489
1741110749201,1021.84766
1741110749208,1021.8496
1741110749248,1021.834
1741110749266,1021.8291
1741110749306,1021.82654
1741110749350,1021.84265
1741110749390,1021.84485
1741110749412,1021.8411
1741110749446,1021.83325
1741110749488,1021.8229
1741110749506,1021.8086
1741110749547,1021.82874
1741110749588,1021.84985
1741110749609,1021.8558
1741110749646,1021.8712
1741110749690,1021.8845
1741110749705,1021.86914
1741110749748,1021.8695
1741110749789,1021.8789
1741110749806,1021.8755
1741110749846,1021.8687
1741110749886,1021.85394
1741110749906,1021.8479
1741110749946,1021.84045
1741110749986,1021.82935
1741110750009,1021.81635
1741110750048,1021.8155
1741110750089,1021.8119
1741110750110,1021.8166
1741110750146,1021.8164
1741110750189,1021.8079
1741110750209,1021.8095
1741110750245,1021.8126
1741110750286,1021.80945
1741110750306,1021.8203
1741110750345,1021.80945
1741110750390,1021.7967
1741110750406,1021.79126
1741110750448,1021.79034
1741110750485,1021.7982
1741110750512,1021.80524
1741110750546,1021.8043
1741110750601,1021.79474
1741110750611,1021.80286
1741110750646,1021.8033
1741110750688,1021.8175
1741110750707,1021.8031
1741110750747,1021.81177
1741110750787,1021.821
1741110750805,1021.8373
1741110750850,1021.8428
1741110750886,1021.82446
1741110750906,1021.80664
1741110750947,1021.8092
1741110750988,1021.79846
1741110751006,1021.8066
1741110751045,1021.80756
1741110751088,1021.81274
1741110751105,1021.8053
1741110751148,1021.8079
1741110751184,1021.81116
1741110751206,1021.8347
1741110751246,1021.83
1741110751287,1021.8235
1741110751306,1021.8102
1741110751345,1021.812
1741110751384,1021.8047
1741110751405,1021.8137
1741110751445,1021.8096
1741110751490,1021.8016
1741110751505,1021.8077
1741110751545,1021.81134
1741110751589,1021.81256
1741110751605,1021.80914
1741110751645,1021.7977
1741110751684,1021.79
1741110751705,1021.7832
1741110751745,1021.7832
1741110751788,1021.7737
1741110751806,1021.77014
1741110751865,1021.7766
1741110751885,1021.7732
1741110751906,1021.7699
1741110751955,1021.77405
1741110751985,1021.77246
1741110752006,1021.7762
1741110752046,1021.77686
1741110752089,1021.7777
1741110752106,1021.7759
1741110752146,1021.7679
1741110752185,1021.7654
1741110752207,1021.75726
1741110752246,1021.75507
1741110752285,1021.7532
1741110752314,1021.7566
1741110752350,1021.7616
1741110752385,1021.76373
1741110752406,1021.76
1741110752449,1021.75916
1741110752486,1021.77527
1741110752514,1021.7773
1741110752544,1021.7782
1741110752586,1021.7709
1741110752609,1021.76526
1741110752648,1021.7617
1741110752686,1021.7546
1741110752710,1021.75653
1741110752744,1021.7593
1741110752786,1021.7634
1741110752803,1021.7661
1741110752844,1021.7552
1741110752885,1021.7488
1741110752907,1021.7412
1741110752943,1021.7378
1741110752985,1021.73175
1741110753004,1021.7467
1741110753045,1021.7566
1741110753089,1021.75073
1741110753104,1021.7528
1741110753145,1021.7603
1741110753184,1021.76465
1741110753206,1021.7781
1741110753245,1021.77985
1741110753289,1021.77466
1741110753304,1021.76086
1741110753348,1021.75757
1741110753384,1021.7506
1741110753406,1021.7461
1741110753451,1021.74286
1741110753484,1021.73914
1741110753504,1021.7349
1741110753546,1021.7326
1741110753584,1021.73236
1741110753604,1021.7388
1741110753647,1021.73444
1741110753684,1021.73267
1741110753705,1021.7228
1741110753743,1021.7361
1741110753796,1021.7396
1741110753806,1021.74384
1741110753844,1021.7452
1741110753885,1021.7397
1741110753905,1021.7435
1741110753944,1021.7403
1741110753991,1021.7344
1741110754005,1021.72485
1741110754045,1021.7251
1741110754090,1021.72705
1741110754103,1021.73083
1741110754145,1021.72894
1741110754185,1021.7279
1741110754206,1021.7319
1741110754244,1021.74286
1741110754285,1021.7554
1741110754304,1021.75806
1741110754346,1021.7555
1741110754384,1021.75305
1741110754408,1021.75726
1741110754447,1021.75323
1741110754483,1021.7429
1741110754504,1021.7447
1741110754544,1021.7457
1741110754586,1021.73737
1741110754604,1021.74744
1741110754644,1021.74994
1741110754683,1021.74365
1741110754710,1021.75415
1741110754744,1021.7624
1741110754783,1021.7718
1741110754804,1021.7805
1741110754843,1021.78296
1741110754884,1021.7633
1741110754904,1021.75507
1741110754942,1021.7462
1741110754989,1021.7506
1741110755002,1021.74414
1741110755044,1021.7436
1741110755086,1021.7394
1741110755109,1021.7467
1741110755163,1021.7412
1741110755183,1021.7259
1741110755203,1021.71814
1741110755244,1021.7333
1741110755283,1021.7367
1741110755302,1021.74133
1741110755343,1021.7388
1741110755394,1021.7435
1741110755410,1021.74774
1741110755445,1021.74255
1741110755484,1021.7402
1741110755504,1021.74475
1741110755542,1021.7349
1741110755588,1021.73145
1741110755603,1021.7368
1741110755660,1021.72876
1741110755682,1021.73474
1741110755704,1021.7333
1741110755743,1021.73584
1741110755798,1021.74414
1741110755810,1021.7518
1741110755843,1021.74506
1741110755892,1021.74817
1741110755909,1021.73737
1741110755943,1021.7264
1741110755983,1021.7247
1741110756003,1021.739
1741110756044,1021.7537
1741110756083,1021.7665
1741110756105,1021.7884
1741110756143,1021.80554
1741110756182,1021.80426
1741110756203,1021.8063
1741110756245,1021.792
1741110756282,1021.7731
1741110756308,1021.76764
1741110756343,1021.7671
1741110756384,1021.7584
1741110756402,1021.7549
1741110756443,1021.752
1741110756488,1021.7484
1741110756506,1021.7363
1741110756545,1021.7291
1741110756582,1021.73193
1741110756604,1021.74554
1741110756648,1021.74316
1741110756683,1021.72797
1741110756703,1021.719
1741110756743,1021.7249
1741110756786,1021.7256
1741110756812,1021.7346
1741110756845,1021.7323
1741110756883,1021.7257
1741110756902,1021.7246
1741110756944,1021.72034
1741110756985,1021.713
1741110757002,1021.7131
1741110757042,1021.7165
1741110757098,1021.7216
1741110757108,1021.71375
1741110757143,1021.7148
1741110757192,1021.71387
1741110757202,1021.7152
1741110757245,1021.71234
1741110757281,1021.7229
1741110757306,1021.71936
1741110757343,1021.7126
1741110757383,1021.7216
1741110757403,1021.72327
1741110757443,1021.7261
1741110757483,1021.7144
1741110757504,1021.70935
1741110757543,1021.7071
1741110757582,1021.7151
1741110757603,1021.71375
1741110757642,1021.7031
1741110757683,1021.70416
1741110757705,1021.7186
1741110757742,1021.71704
1741110757808,1021.72546
1741110757808,1021.7505
1741110757842,1021.7583
1741110757886,1021.7472
1741110757901,1021.7647
1741110757942,1021.7579
1741110757984,1021.74927
1741110758002,1021.7384
1741110758043,1021.72485
1741110758081,1021.7111
1741110758101,1021.7076
1741110758143,1021.707
1741110758182,1021.70135
1741110758203,1021.6932
1741110758242,1021.6832
1741110758283,1021.68726
1741110758305,1021.6969
1741110758350,1021.69714
1741110758384,1021.70044
1741110758402,1021.6959
1741110758444,1021.6945
1741110758482,1021.687
1741110758503,1021.68866
1741110758541,1021.6775
1741110758582,1021.6748
1741110758602,1021.67926
1741110758649,1021.6829
1741110758681,1021.67175
1741110758702,1021.6655
1741110758748,1021.6628
1741110758782,1021.668
1741110758801,1021.68195
1741110758842,1021.6916
1741110758881,1021.693
1741110758901,1021.69525
1741110758942,1021.6974
1741110758984,1021.7024
1741110759001,1021.7046
1741110759042,1021.6968
1741110759082,1021.7007
1741110759101,1021.6804
1741110759145,1021.6802
1741110759184,1021.68414
1741110759201,1021.6715
1741110759241,1021.6561
1741110759286,1021.64667
1741110759303,1021.6633
1741110759343,1021.67004
1741110759381,1021.68787
1741110759401,1021.70056
1741110759441,1021.72266
1741110759480,1021.72723
1741110759501,1021.7288
1741110759549,1021.72595
1741110759581,1021.7233
1741110759601,1021.71924
1741110759643,1021.7039
1741110759690,1021.709
1741110759700,1021.69617
1741110759744,1021.6759
1741110759781,1021.6597
1741110759805,1021.6535
1741110759840,1021.6576
1741110759882,1021.65295
1741110759902,1021.6628
1741110759940,1021.67346
1741110759995,1021.6659
1741110760010,1021.6612
1741110760041,1021.6548
1741110760081,1021.64575
1741110760100,1021.6326
1741110760142,1021.6393
1741110760180,1021.64355
1741110760201,1021.6532
1741110760241,1021.6527
1741110760279,1021.642
1741110760304,1021.63434
1741110760341,1021.63135
1741110760382,1021.6393
1741110760404,1021.6541
1741110760440,1021.65656
1741110760482,1021.6591
1741110760502,1021.67053
1741110760542,1021.6714
1741110760580,1021.67926
1741110760600,1021.6701
1741110760640,1021.6619
1741110760680,1021.6564
1741110760701,1021.658
1741110760740,1021.65314
1741110760782,1021.64935
1741110760803,1021.65295
1741110760841,1021.6512
1741110760880,1021.65155
1741110760906,1021.6341
1741110760940,1021.629
1741110760980,1021.6414
1741110761001,1021.6574
1741110761041,1021.66693
1741110761081,1021.67206
1741110761105,1021.6767
1741110761140,1021.674
1741110761182,1021.6753
1741110761199,1021.67773
1741110761239,1021.67847
1741110761280,1021.6713
1741110761301,1021.6626
1741110761339,1021.65515
1741110761383,1021.6566
1741110761399,1021.6543
1741110761444,1021.6505
1741110761479,1021.6445
1741110761501,1021.6347
1741110761549,1021.63086
1741110761579,1021.6308
1741110761599,1021.6252
1741110761643,1021.6233
1741110761684,1021.6262
1741110761700,1021.6305
1741110761740,1021.6319
1741110761779,1021.62585
1741110761801,1021.62836
1741110761840,1021.626
1741110761880,1021.6255
1741110761902,1021.62134
1741110761942,1021.6196
1741110761981,1021.61804
1741110762001,1021.6084
1741110762041,1021.6055
1741110762081,1021.5984
1741110762102,1021.5952
1741110762141,1021.60034
1741110762180,1021.61066
1741110762199,1021.60986
1741110762240,1021.6095
1741110762286,1021.61835
1741110762300,1021.62634
1741110762340,1021.6239
1741110762381,1021.6199
1741110762401,1021.6135
1741110762439,1021.61566
1741110762488,1021.5965
1741110762499,1021.59174
1741110762540,1021.6083
1741110762581,1021.61896
1741110762599,1021.62195
1741110762639,1021.6235
1741110762680,1021.6171
1741110762705,1021.6183
1741110762742,1021.61957
1741110762802,1021.6155
1741110762802,1021.60693
1741110762838,1021.6017
1741110762878,1021.6076
1741110762903,1021.60614
1741110762940,1021.593
1741110762985,1021.60443
1741110763012,1021.61865
1741110763040,1021.62854
1741110763080,1021.6381
1741110763102,1021.64557
1741110763140,1021.63617
1741110763179,1021.63684
1741110763200,1021.628
1741110763239,1021.6139
1741110763279,1021.6043
1741110763303,1021.5935
1741110763339,1021.5873
1741110763384,1021.58215
1741110763406,1021.5722
1741110763439,1021.57153
1741110763480,1021.577
1741110763499,1021.58655
1741110763540,1021.58624
1741110763578,1021.58344
1741110763599,1021.5813
1741110763639,1021.5691
1741110763679,1021.5641
1741110763700,1021.5662
1741110763742,1021.5636
1741110763786,1021.56256
1741110763799,1021.5617
1741110763841,1021.55817
1741110763882,1021.54626
1741110763898,1021.5499
1741110763945,1021.55756
1741110763979,1021.57385
1741110763998,1021.58484
1741110764048,1021.5897
1741110764079,1021.5913
1741110764100,1021.5883
1741110764139,1021.5834
1741110764178,1021.5754
1741110764198,1021.5672
1741110764239,1021.5698
1741110764278,1021.57733
1741110764300,1021.57043
1741110764340,1021.56494
1741110764379,1021.5531
1741110764399,1021.5293
1741110764439,1021.55304
1741110764480,1021.5748
1741110764503,1021.57587
1741110764539,1021.58264
1741110764590,1021.6034
1741110764599,1021.62256
1741110764638,1021.6238
1741110764685,1021.6061
1741110764698,1021.6079
1741110764739,1021.5932
1741110764781,1021.58
1741110764799,1021.56305
1741110764838,1021.5614
1741110764881,1021.55554
1741110764898,1021.5563
1741110764938,1021.5541
1741110764980,1021.55334
1741110764997,1021.54846
1741110765040,1021.5391
1741110765079,1021.54156
1741110765098,1021.5446
1741110765139,1021.5495
1741110765183,1021.54065
1741110765197,1021.52997
1741110765240,1021.52844
1741110765277,1021.532
1741110765299,1021.53094
1741110765338,1021.527
1741110765377,1021.5175
1741110765397,1021.5099
1741110765443,1021.51447
1741110765479,1021.5208
1741110765500,1021.5309
1741110765540,1021.5437
1741110765579,1021.5491
1741110765609,1021.55164
1741110765641,1021.5503
1741110765678,1021.5487
1741110765700,1021.5471
1741110765741,1021.53906
1741110765780,1021.53754
1741110765803,1021.52795
1741110765837,1021.52765
1741110765879,1021.5299
1741110765901,1021.5181
1741110765937,1021.51196
1741110765977,1021.5244
1741110765997,1021.52637
1741110766038,1021.5488
1741110766077,1021.575
1741110766109,1021.57764
1741110766139,1021.5637
1741110766177,1021.558
1741110766198,1021.5532
1741110766236,1021.5406
1741110766280,1021.53406
1741110766297,1021.5221
1741110766338,1021.506
1741110766384,1021.5047
1741110766396,1021.4988
1741110766437,1021.4933
1741110766476,1021.4885
1741110766503,1021.49475
1741110766537,1021.50934
1741110766577,1021.5113
1741110766600,1021.516
1741110766636,1021.50946
1741110766676,1021.511
1741110766696,1021.5054
1741110766737,1021.50366
1741110766776,1021.49976
1741110766796,1021.50574
1741110766836,1021.5035
1741110766876,1021.5056
1741110766896,1021.51
1741110766936,1021.51135
1741110766976,1021.50714
1741110766996,1021.51196
1741110767036,1021.50793
1741110767078,1021.5115
1741110767099,1021.50775
1741110767140,1021.51416
1741110767178,1021.52686
1741110767197,1021.53723
1741110767239,1021.5404
1741110767277,1021.53174
1741110767299,1021.5116
1741110767336,1021.4929
1741110767377,1021.4839
1741110767396,1021.49524
1741110767436,1021.5248
1741110767477,1021.5187
1741110767497,1021.5222
1741110767539,1021.5283
1741110767580,1021.5352
1741110767597,1021.5347
1741110767637,1021.52844
1741110767676,1021.5202
1741110767697,1021.51587
1741110767743,1021.5101
1741110767802,1021.50977
1741110767802,1021.5067
1741110767844,1021.518
1741110767876,1021.5144
1741110767899,1021.5041
1741110767937,1021.50415
1741110767983,1021.50586
1741110767995,1021.51953
1741110768039,1021.50757
1741110768084,1021.509
1741110768096,1021.5093
1741110768144,1021.5032
1741110768176,1021.4933
1741110768197,1021.4922
1741110768236,1021.5009
1741110768277,1021.5144
1741110768296,1021.5016
1741110768336,1021.47644
1741110768376,1021.4781
1741110768395,1021.49976
1741110768435,1021.5176
1741110768480,1021.52905
1741110768498,1021.5351
1741110768539,1021.51666
1741110768575,1021.50476
1741110768596,1021.5142
1741110768644,1021.51636
1741110768676,1021.51416
1741110768696,1021.4932
1741110768736,1021.4885
1741110768777,1021.489
1741110768796,1021.51697
1741110768837,1021.5069
1741110768877,1021.50665
1741110768895,1021.5127
1741110768938,1021.5232
1741110768975,1021.53107
1741110769001,1021.5297
1741110769036,1021.526
1741110769076,1021.52515
1741110769096,1021.52545
1741110769138,1021.51886
1741110769175,1021.51654
1741110769194,1021.5118
1741110769235,1021.5105
1741110769275,1021.501
1741110769295,1021.5033
1741110769335,1021.5198
1741110769375,1021.523
1741110769399,1021.51776
1741110769437,1021.51196
1741110769475,1021.51154
1741110769495,1021.5199
1741110769535,1021.51013
1741110769576,1021.5064
1741110769595,1021.51215
1741110769636,1021.5162
1741110769676,1021.5178
1741110769702,1021.5176
1741110769735,1021.4964
1741110769788,1021.49243
1741110769795,1021.50287
1741110769835,1021.513
1741110769881,1021.52216
1741110769894,1021.5081
1741110769935,1021.5011
1741110769975,1021.5091
1741110769995,1021.5113
1741110770037,1021.51154
1741110770075,1021.50415
1741110770099,1021.4822
1741110770136,1021.4728
1741110770175,1021.5067
1741110770195,1021.5149
1741110770235,1021.5126
1741110770276,1021.5196
1741110770296,1021.5309
1741110770335,1021.5464
1741110770376,1021.5445
1741110770423,1021.53345
1741110770435,1021.52625
1741110770480,1021.5222
1741110770515,1021.52216
1741110770535,1021.508
1741110770576,1021.5125
1741110770595,1021.50903
1741110770635,1021.5087
1741110770676,1021.5126
1741110770715,1021.50946
1741110770736,1021.5002
1741110770774,1021.50494
1741110770816,1021.50964
1741110770835,1021.51965
1741110770876,1021.5115
1741110770916,1021.5188
1741110770934,1021.51746
1741110770975,1021.5183
1741110771014,1021.51733
1741110771034,1021.5073
1741110771076,1021.4783
1741110771116,1021.4824
1741110771135,1021.4906
1741110771175,1021.5127
1741110771214,1021.52124
1741110771235,1021.51245
1741110771276,1021.5142
1741110771314,1021.5233
1741110771335,1021.5165
1741110771375,1021.5117
1741110771415,1021.5061
1741110771435,1021.4965
1741110771475,1021.49176
1741110771514,1021.5029
1741110771535,1021.52637
1741110771574,1021.5126
1741110771623,1021.51245
1741110771635,1021.52765
1741110771674,1021.5403
1741110771720,1021.5503
1741110771734,1021.5424
1741110771775,1021.54443
1741110771816,1021.55115
1741110771834,1021.54004
1741110771874,1021.53375
1741110771914,1021.5272
1741110771941,1021.5187
1741110771974,1021.5124
1741110772016,1021.51373
1741110772034,1021.5152
1741110772075,1021.5182
1741110772117,1021.51843
1741110772134,1021.51624
1741110772175,1021.5095
1741110772213,1021.5247
1741110772232,1021.5219
1741110772274,1021.51984
1741110772314,1021.53
1741110772335,1021.5333
1741110772378,1021.52
1741110772415,1021.50757
1741110772442,1021.5013
1741110772473,1021.50195
1741110772513,1021.51013
1741110772534,1021.51855
1741110772576,1021.5172
1741110772615,1021.50977
1741110772636,1021.5204
1741110772674,1021.5255
1741110772714,1021.52045
1741110772734,1021.5089
1741110772802,1021.5031
1741110772812,1021.495
1741110772833,1021.5042
1741110772874,1021.5309
1741110772914,1021.5211
1741110772933,1021.52466
1741110772974,1021.5427
1741110773013,1021.5491
1741110773033,1021.5643
1741110773074,1021.5626
1741110773113,1021.5514
1741110773134,1021.54584
1741110773173,1021.53107
1741110773213,1021.52124
1741110773235,1021.5096
1741110773273,1021.5036
1741110773314,1021.4965
1741110773334,1021.4998
1741110773374,1021.50085
1741110773413,1021.4996
1741110773433,1021.4889
1741110773483,1021.49316
1741110773514,1021.4931
1741110773532,1021.5126
1741110773574,1021.51245
1741110773615,1021.5154
1741110773632,1021.5196
1741110773673,1021.51404
1741110773713,1021.4972
1741110773733,1021.4795
1741110773773,1021.48486
1741110773816,1021.4901
1741110773834,1021.49976
1741110773878,1021.509
1741110773915,1021.5036
1741110773933,1021.50824
1741110773973,1021.51044
1741110774014,1021.52026
1741110774036,1021.5237
1741110774074,1021.52234
1741110774129,1021.50793
1741110774132,1021.4844
1741110774174,1021.4853
1741110774212,1021.5054
1741110774233,1021.5064
1741110774273,1021.5137
1741110774312,1021.5471
1741110774331,1021.55566
1741110774378,1021.56885
1741110774413,1021.5676
1741110774433,1021.5569
1741110774472,1021.54016
1741110774513,1021.5262
1741110774539,1021.5134
1741110774573,1021.50385
1741110774614,1021.5005
1741110774648,1021.49664
1741110774673,1021.4982
1741110774714,1021.5106
1741110774732,1021.5092
1741110774772,1021.5118
1741110774813,1021.5122
1741110774834,1021.50446
1741110774873,1021.5003
1741110774911,1021.5068
1741110774933,1021.5201
1741110774973,1021.5245
1741110775014,1021.52783
1741110775035,1021.5231
1741110775089,1021.494
1741110775112,1021.4916
1741110775132,1021.50287
1741110775180,1021.5048
1741110775213,1021.5184
1741110775235,1021.52136
1741110775274,1021.5107
1741110775314,1021.5201
1741110775332,1021.53076
1741110775372,1021.5267
1741110775412,1021.5151
1741110775431,1021.51086
1741110775473,1021.4955
1741110775522,1021.48193
1741110775531,1021.50433
1741110775573,1021.51575
1741110775623,1021.50745
1741110775632,1021.5134
1741110775673,1021.5356
1741110775712,1021.5452
1741110775735,1021.5516
1741110775773,1021.551
1741110775812,1021.54364
1741110775833,1021.5359
1741110775874,1021.51965
1741110775912,1021.50867
1741110775932,1021.50165
1741110775971,1021.5001
1741110776015,1021.5
1741110776033,1021.51227
1741110776070,1021.50604
1741110776112,1021.4993
1741110776132,1021.497
1741110776172,1021.4968
1741110776212,1021.5071
1741110776232,1021.5082
1741110776281,1021.5101
1741110776323,1021.51526
1741110776332,1021.52075
1741110776372,1021.51465
1741110776414,1021.5043
1741110776433,1021.50006
1741110776474,1021.49774
1741110776513,1021.4927
1741110776533,1021.50574
1741110776573,1021.5084
1741110776612,1021.5122
1741110776631,1021.5041
1741110776675,1021.5044
1741110776711,1021.50745
1741110776733,1021.5107
1741110776773,1021.51154
1741110776813,1021.49445
1741110776830,1021.48474
1741110776885,1021.4783
1741110776911,1021.504
1741110776931,1021.5189
1741110776976,1021.51
1741110777010,1021.5227
1741110777031,1021.5444
1741110777073,1021.5537
1741110777112,1021.54553
1741110777131,1021.548
1741110777171,1021.5326
1741110777210,1021.52454
1741110777232,1021.5086
1741110777271,1021.49927
1741110777311,1021.4945
1741110777332,1021.4926
1741110777372,1021.49133
1741110777410,1021.4872
1741110777431,1021.4901
1741110777475,1021.4905
1741110777511,1021.4995
1741110777532,1021.5061
1741110777572,1021.51544
1741110777613,1021.5148
1741110777631,1021.513
1741110777676,1021.521
1741110777712,1021.5221
1741110777732,1021.5043
1741110777770,1021.5066
1741110777811,1021.5093
1741110777855,1021.5054
1741110777870,1021.51117
1741110777910,1021.51013
1741110777932,1021.5067
1741110777972,1021.49945
1741110778010,1021.5062
1741110778034,1021.5083
1741110778072,1021.5161
1741110778111,1021.5135
1741110778131,1021.5078
1741110778173,1021.5011
1741110778211,1021.4938
1741110778232,1021.48645
1741110778271,1021.5019
1741110778319,1021.5154
1741110778330,1021.5124
1741110778371,1021.52155
1741110778410,1021.54767
1741110778431,1021.54944
1741110778480,1021.53894
1741110778510,1021.52765
1741110778533,1021.52136
1741110778570,1021.5203
1741110778611,1021.51025
1741110778632,1021.50696
1741110778670,1021.50934
1741110778712,1021.51294
1741110778731,1021.5205
1741110778772,1021.5146
1741110778812,1021.50476
1741110778835,1021.51624
1741110778870,1021.51965
1741110778911,1021.5138
1741110778930,1021.51483
1741110778977,1021.5194
1741110779012,1021.51306
1741110779031,1021.5134
1741110779075,1021.51404
1741110779111,1021.5154
1741110779149,1021.51624
1741110779171,1021.50366
1741110779212,1021.4987
1741110779230,1021.4933
1741110779269,1021.49054
1741110779309,1021.497
1741110779330,1021.5038
1741110779372,1021.5126
1741110779412,1021.5189
1741110779431,1021.51965
1741110779471,1021.5111
1741110779515,1021.4872
1741110779530,1021.48236
1741110779570,1021.4733
1741110779616,1021.4834
1741110779630,1021.504
1741110779672,1021.5036
1741110779711,1021.5187
1741110779739,1021.54034
1741110779770,1021.5424
1741110779814,1021.54205
1741110779830,1021.53033
1741110779870,1021.5212
1741110779915,1021.51184
1741110779929,1021.5056
1741110779970,1021.50385
1741110780010,1021.50775
1741110780030,1021.5048
1741110780070,1021.5045
1741110780109,1021.4909
1741110780129,1021.4899
1741110780170,1021.4971
1741110780211,1021.5048
1741110780233,1021.50543
1741110780270,1021.51294
1741110780310,1021.52136
1741110780329,1021.52496
1741110780371,1021.5121
1741110780413,1021.49316
1741110780429,1021.4791
1741110780472,1021.4889
1741110780511,1021.4971
1741110780532,1021.5119
1741110780573,1021.52185
1741110780610,1021.5313
1741110780630,1021.52563
1741110780670,1021.5279
1741110780711,1021.5298
1741110780738,1021.5237
1741110780770,1021.513
1741110780810,1021.4946
1741110780830,1021.4862
1741110780870,1021.4961
1741110780911,1021.52765
1741110780932,1021.52997
1741110780971,1021.5212
1741110781009,1021.5361
1741110781031,1021.5408
1741110781073,1021.5563
1741110781110,1021.54364
1741110781130,1021.531
1741110781172,1021.52966
1741110781210,1021.5195
1741110781230,1021.50464
1741110781269,1021.4961
1741110781320,1021.4898
1741110781330,1021.5
1741110781370,1021.5126
1741110781419,1021.51404
1741110781430,1021.5226
1741110781471,1021.51117
1741110781509,1021.5082
1741110781530,1021.5139
1741110781569,1021.5099
1741110781611,1021.5102
1741110781630,1021.5138
1741110781672,1021.5332
1741110781710,1021.5341
1741110781731,1021.5062
1741110781769,1021.4951
1741110781812,1021.49347
1741110781830,1021.4983
1741110781871,1021.5065
1741110781908,1021.52
1741110781932,1021.5277
1741110781974,1021.52856
1741110782009,1021.52655
1741110782030,1021.51526
1741110782069,1021.5136
1741110782110,1021.50336
1741110782130,1021.49243
1741110782169,1021.49634
1741110782210,1021.51666
1741110782228,1021.5236
1741110782271,1021.5138
1741110782309,1021.51843
1741110782330,1021.53125
1741110782371,1021.5398
1741110782409,1021.53406
1741110782431,1021.52264
1741110782469,1021.5227
1741110782509,1021.5193
1741110782527,1021.5143
1741110782584,1021.50793
1741110782609,1021.4969
1741110782630,1021.5056
1741110782671,1021.50574
1741110782709,1021.51404
1741110782736,1021.5127
1741110782769,1021.5043
1741110782851,1021.494
1741110782851,1021.5007
1741110782867,1021.5001
1741110782910,1021.50134
1741110782930,1021.50574
1741110782969,1021.5183
1741110783010,1021.5288
1741110783029,1021.5297
1741110783068,1021.50696
1741110783109,1021.4877
1741110783131,1021.48773
1741110783167,1021.49176
1741110783211,1021.5044
1741110783231,1021.5194
1741110783271,1021.5211
1741110783310,1021.52374
1741110783328,1021.5246
1741110783369,1021.517
1741110783408,1021.50024
1741110783436,1021.4796
1741110783467,1021.48535
1741110783509,1021.5056
1741110783530,1021.5145
1741110783570,1021.5155
1741110783609,1021.5198
1741110783630,1021.5218
1741110783667,1021.5371
1741110783711,1021.5393
1741110783728,1021.54205
1741110783768,1021.528
1741110783809,1021.5243
1741110783828,1021.51825
1741110783872,1021.51984
1741110783911,1021.52075
1741110783928,1021.52094
1741110783969,1021.5153
1741110784010,1021.50854
1741110784029,1021.50714
1741110784068,1021.50287
1741110784115,1021.5144
1741110784129,1021.5154
1741110784168,1021.4989
1741110784208,1021.4999
1741110784228,1021.50073
1741110784268,1021.50354
1741110784308,1021.5242
1741110784328,1021.53986
1741110784370,1021.53754
1741110784422,1021.52856
1741110784426,1021.5264
1741110784468,1021.5189
1741110784510,1021.5065
1741110784526,1021.5043
1741110784569,1021.5248
1741110784608,1021.5327
1741110784636,1021.52264
1741110784669,1021.52026
1741110784710,1021.5294
1741110784727,1021.52637
1741110784768,1021.50696
1741110784809,1021.4983
1741110784830,1021.50073
1741110784866,1021.498
1741110784907,1021.52075
1741110784930,1021.53064
1741110784967,1021.5252
1741110785009,1021.5386
1741110785026,1021.54865
1741110785068,1021.56915
1741110785108,1021.5758
1741110785129,1021.56165
1741110785167,1021.5573
1741110785210,1021.5497
1741110785226,1021.5444
1741110785270,1021.5369
1741110785307,1021.5188
1741110785342,1021.5162
1741110785367,1021.51184
1741110785408,1021.5011
1741110785426,1021.4961
1741110785468,1021.50793
1741110785505,1021.5073
1741110785526,1021.50616
1741110785584,1021.5046
1741110785606,1021.5045
1741110785627,1021.50635
1741110785668,1021.5114
1741110785707,1021.50604
1741110785727,1021.4956
1741110785767,1021.5097
1741110785829,1021.51874
1741110785829,1021.50854
1741110785869,1021.5041
1741110785908,1021.4944
1741110785930,1021.48566
1741110785965,1021.48975
1741110786011,1021.4829
1741110786025,1021.4789
1741110786067,1021.47986
1741110786110,1021.4894
1741110786126,1021.5113
1741110786165,1021.51196
1741110786206,1021.51
1741110786238,1021.5049
1741110786266,1021.5086
1741110786310,1021.5091
1741110786327,1021.50415
1741110786369,1021.49805
1741110786411,1021.4945
1741110786426,1021.4911
1741110786466,1021.5029
1741110786510,1021.4956
1741110786526,1021.49365
1741110786571,1021.4833
1741110786605,1021.4806
1741110786628,1021.47437
1741110786665,1021.4715
1741110786710,1021.4755
1741110786726,1021.4779
1741110786768,1021.4979
1741110786807,1021.5277
1741110786827,1021.5337
1741110786870,1021.53235
1741110786910,1021.5282
1741110786930,1021.52985
1741110786966,1021.52496
1741110787006,1021.5183
1741110787026,1021.4945
1741110787069,1021.4906
1741110787107,1021.4849
1741110787126,1021.477
1741110787167,1021.46985
1741110787206,1021.4661
1741110787228,1021.4656
1741110787267,1021.45294
1741110787307,1021.45636
1741110787325,1021.45105
1741110787366,1021.4586
1741110787404,1021.4536
1741110787429,1021.4492
1741110787469,1021.4465
1741110787506,1021.44495
1741110787525,1021.4438
1741110787566,1021.44446
1741110787604,1021.45593
1741110787626,1021.4592
1741110787666,1021.46497
1741110787707,1021.45825
1741110787745,1021.43713
1741110787766,1021.4371
1741110787806,1021.4475
1741110787826,1021.45746
1741110787864,1021.44653
1741110787905,1021.43616
1741110787925,1021.4414
1741110787966,1021.4377
1741110788005,1021.4387
1741110788033,1021.43427
1741110788065,1021.44556
1741110788106,1021.43616
1741110788124,1021.422
1741110788169,1021.4243
1741110788208,1021.43274
1741110788226,1021.4568
1741110788266,1021.4547
1741110788306,1021.449
1741110788326,1021.4513
1741110788366,1021.4619
1741110788406,1021.4694
1741110788424,1021.47003
1741110788466,1021.4696
1741110788504,1021.4671
1741110788526,1021.46277
1741110788590,1021.4587
1741110788604,1021.4488
1741110788624,1021.4352
1741110788666,1021.4245
1741110788704,1021.4298
1741110788724,1021.42993
1741110788770,1021.4303
1741110788806,1021.4291
1741110788824,1021.4225
1741110788865,1021.4288
1741110788906,1021.4174
1741110788926,1021.41364
1741110788964,1021.40607
1741110789005,1021.3959
1741110789027,1021.3937
1741110789064,1021.39813
1741110789108,1021.41016
1741110789126,1021.4109
1741110789165,1021.4082
1741110789205,1021.40405
1741110789225,1021.391
1741110789265,1021.39056
1741110789303,1021.399
1741110789326,1021.3967
1741110789365,1021.4033
1741110789406,1021.4033
1741110789426,1021.4043
1741110789465,1021.39984
1741110789506,1021.38885
1741110789526,1021.3785
1741110789565,1021.3877
1741110789604,1021.3951
1741110789624,1021.3984
1741110789682,1021.395
1741110789704,1021.37915
1741110789724,1021.37036
1741110789764,1021.38556
1741110789804,1021.4122
1741110789825,1021.40674
1741110789865,1021.41394
1741110789904,1021.4167
1741110789929,1021.4103
1741110789970,1021.4146
1741110790016,1021.42694
1741110790037,1021.42236
1741110790064,1021.427
1741110790105,1021.4161
1741110790127,1021.4033
1741110790163,1021.3928
1741110790205,1021.39465
1741110790225,1021.3835
1741110790264,1021.38165
1741110790304,1021.3729
1741110790324,1021.3628
1741110790376,1021.36273
1741110790403,1021.3638
1741110790424,1021.3744
1741110790465,1021.3677
1741110790505,1021.37305
1741110790530,1021.3841
1741110790569,1021.3718
1741110790605,1021.35693
1741110790625,1021.3506
1741110790664,1021.3501
1741110790705,1021.3508
1741110790724,1021.35583
1741110790765,1021.35925
1741110790803,1021.3638
1741110790837,1021.3385
1741110790863,1021.3277
1741110790906,1021.3244
1741110790923,1021.34143
1741110790965,1021.3471
1741110791005,1021.3507
1741110791030,1021.34924
1741110791063,1021.3379
1741110791104,1021.3356
1741110791129,1021.32837
1741110791185,1021.3324
1741110791204,1021.33795
1741110791230,1021.33057
1741110791266,1021.32367
1741110791305,1021.3169
1741110791323,1021.3123
1741110791363,1021.30707
1741110791403,1021.3065
1741110791424,1021.32556
1741110791464,1021.34076
1741110791503,1021.3501
1741110791523,1021.3637
1741110791564,1021.37744
1741110791610,1021.3756
1741110791622,1021.3622
1741110791664,1021.3556
1741110791704,1021.3469
1741110791723,1021.3435
1741110791764,1021.33264
1741110791804,1021.31323
1741110791842,1021.31274
1741110791870,1021.3049
1741110791903,1021.3066
1741110791923,1021.2996
1741110791971,1021.30115
1741110792003,1021.2936
1741110792027,1021.2964
1741110792062,1021.2803
1741110792104,1021.2847
1741110792149,1021.28174
1741110792165,1021.2821
1741110792203,1021.27576
1741110792223,1021.2766
1741110792266,1021.273
1741110792303,1021.2682
1741110792343,1021.27637
1741110792364,1021.27515
1741110792403,1021.26746
1741110792442,1021.2532
1741110792464,1021.25586
1741110792503,1021.2554
1741110792524,1021.2678
1741110792564,1021.27826
1741110792603,1021.2905
1741110792646,1021.28986
1741110792662,1021.29706
1741110792708,1021.2981
1741110792745,1021.2917
1741110792767,1021.2843
1741110792803,1021.274
1741110792842,1021.282
1741110792862,1021.2857
1741110792903,1021.2816
1741110792946,1021.27673
1741110792963,1021.272
1741110793009,1021.2664
1741110793042,1021.2521
1741110793063,1021.25476
1741110793104,1021.27606
1741110793143,1021.29346
1741110793163,1021.2919
1741110793202,1021.3032
1741110793243,1021.3044
1741110793265,1021.3096
1741110793304,1021.3148
1741110793344,1021.3132
1741110793364,1021.2964
1741110793404,1021.2951
1741110793447,1021.2847
1741110793463,1021.26715
1741110793509,1021.2577
1741110793548,1021.25604
1741110793561,1021.2511
1741110793605,1021.24963
1741110793647,1021.248
1741110793666,1021.2503
1741110793702,1021.25433
1741110793744,1021.2493
1741110793763,1021.2421
1741110793801,1021.23865
1741110793841,1021.2376
1741110793862,1021.22363
1741110793902,1021.2159
1741110793944,1021.2129
1741110793961,1021.2174
1741110794003,1021.2221
1741110794043,1021.2231
1741110794062,1021.23145
1741110794104,1021.225
1741110794142,1021.2126
1741110794161,1021.2128
1741110794203,1021.2038
1741110794241,1021.2041
1741110794262,1021.21454
1741110794311,1021.23004
1741110794342,1021.2429
1741110794361,1021.25385
1741110794414,1021.2472
1741110794465,1021.23865
1741110794465,1021.2279
1741110794501,1021.2247
1741110794546,1021.2243
1741110794565,1021.2206
1741110794602,1021.21844
1741110794643,1021.219
1741110794662,1021.20807
1741110794701,1021.19507
1741110794744,1021.1892
1741110794764,1021.18317
1741110794801,1021.1825
1741110794844,1021.2008
1741110794862,1021.2163
1741110794903,1021.2251
1741110794943,1021.23267
1741110794962,1021.24585
1741110795001,1021.24805
1741110795042,1021.2412
1741110795067,1021.2295
1741110795103,1021.2346
1741110795140,1021.23444
1741110795160,1021.2229
1741110795200,1021.2079
1741110795240,1021.20276
1741110795261,1021.19946
1741110795301,1021.20447
1741110795342,1021.2077
1741110795378,1021.1979
1741110795401,1021.1939
1741110795442,1021.1983
1741110795463,1021.19666
1741110795501,1021.2043
1741110795542,1021.21204
1741110795561,1021.23047
1741110795602,1021.22986
1741110795640,1021.2197
1741110795662,1021.22314
1741110795710,1021.2103
1741110795741,1021.1976
1741110795763,1021.1982
1741110795800,1021.2071
1741110795841,1021.2128
1741110795863,1021.2192
1741110795903,1021.2152
1741110795942,1021.2174
1741110795961,1021.22485
1741110796010,1021.2151
1741110796041,1021.2119
1741110796062,1021.22375
1741110796100,1021.22876
1741110796142,1021.23724
1741110796166,1021.2435
1741110796200,1021.2454
1741110796241,1021.22546
1741110796261,1021.22833
1741110796303,1021.22925
1741110796345,1021.2289
1741110796361,1021.2162
1741110796402,1021.2446
1741110796440,1021.2602
1741110796460,1021.24817
1741110796501,1021.2739
1741110796542,1021.29016
1741110796562,1021.3004
1741110796600,1021.2963
1741110796642,1021.2938
1741110796661,1021.27966
1741110796700,1021.2694
1741110796740,1021.2606
1741110796764,1021.25305
1741110796800,1021.25134
1741110796842,1021.24347
1741110796861,1021.2397
1741110796901,1021.23334
1741110796940,1021.22687
1741110796961,1021.2305
1741110797005,1021.23193
1741110797041,1021.23254
1741110797060,1021.23627
1741110797101,1021.2458
1741110797139,1021.2511
1741110797159,1021.25085
1741110797200,1021.27
1741110797241,1021.261
1741110797260,1021.2544
1741110797299,1021.24927
1741110797339,1021.25037
1741110797360,1021.2353
1741110797401,1021.23676
1741110797440,1021.24005
1741110797460,1021.2639
1741110797500,1021.28546
1741110797540,1021.2882
1741110797559,1021.2963
1741110797600,1021.2982
1741110797650,1021.2797
1741110797659,1021.2875
1741110797700,1021.2825
1741110797742,1021.2737
1741110797763,1021.27313
1741110797801,1021.26135
1741110797841,1021.2575
1741110797862,1021.2643
1741110797900,1021.2681
1741110797940,1021.26227
1741110797959,1021.25836
1741110798001,1021.2574
1741110798042,1021.24664
1741110798060,1021.23035
1741110798102,1021.2154
1741110798142,1021.2446
1741110798159,1021.25446
1741110798199,1021.2302
1741110798239,1021.2439
1741110798260,1021.2555
1741110798300,1021.2783
1741110798342,1021.2842
1741110798362,1021.2822
1741110798400,1021.2802
1741110798452,1021.273
1741110798464,1021.2656
1741110798500,1021.2607
1741110798538,1021.2489
1741110798560,1021.2394
1741110798601,1021.2336
1741110798640,1021.2288
1741110798661,1021.2251
1741110798703,1021.219
1741110798743,1021.22986
1741110798759,1021.223
1741110798800,1021.2278
1741110798840,1021.2337
1741110798862,1021.2361
1741110798898,1021.2368
1741110798942,1021.2334
1741110798959,1021.22754
1741110799004,1021.2262
1741110799041,1021.2301
1741110799062,1021.2276
1741110799100,1021.2192
1741110799140,1021.21497
1741110799160,1021.21356
1741110799198,1021.2014
1741110799241,1021.20197
1741110799264,1021.22144
1741110799301,1021.23584
1741110799344,1021.24335
1741110799359,1021.24585
1741110799400,1021.2522
1741110799439,1021.24927
1741110799459,1021.2347
1741110799501,1021.224
1741110799542,1021.2189
1741110799564,1021.2308
1741110799601,1021.22546
1741110799639,1021.22784
1741110799660,1021.2294
1741110799705,1021.2274
1741110799742,1021.219
1741110799758,1021.2085
1741110799799,1021.1931
1741110799841,1021.18823
1741110799859,1021.2
1741110799901,1021.2206
1741110799939,1021.225
1741110799960,1021.228
1741110800000,1021.2353
1741110800038,1021.2422
1741110800059,1021.25586
1741110800099,1021.2682
1741110800141,1021.2708
1741110800159,1021.25977
1741110800201,1021.2545
1741110800247,1021.2435
1741110800257,1021.2317
1741110800299,1021.2268
1741110800340,1021.2102
1741110800369,1021.1973
1741110800397,1021.2004
1741110800441,1021.1962
1741110800460,1021.2081
1741110800500,1021.2039
1741110800538,1021.2016
1741110800559,1021.1975
1741110800602,1021.2012
1741110800642,1021.2032
1741110800661,1021.1943
1741110800700,1021.1899
1741110800743,1021.18555
1741110800758,1021.18494
1741110800800,1021.1848
1741110800839,1021.1808
1741110800870,1021.1886
1741110800899,1021.1908
1741110800940,1021.1813
1741110800961,1021.1723
1741110801000,1021.1769
1741110801038,1021.1759
1741110801060,1021.1799
1741110801099,1021.18555
1741110801138,1021.1892
1741110801158,1021.1955
1741110801201,1021.19666
1741110801238,1021.19226
1741110801258,1021.19446
1741110801306,1021.2055
1741110801339,1021.20135
1741110801360,1021.2029
1741110801405,1021.2063
1741110801439,1021.2113
1741110801458,1021.20306
1741110801498,1021.1871
1741110801538,1021.1665
1741110801565,1021.1627
1741110801598,1021.17224
1741110801642,1021.19403
1741110801658,1021.2089
1741110801698,1021.2025
1741110801738,1021.21173
1741110801758,1021.21783
1741110801797,1021.2274
1741110801839,1021.2292
1741110801863,1021.213
1741110801902,1021.2085
1741110801941,1021.20056
1741110801959,1021.19916
1741110802002,1021.18646
1741110802037,1021.17834
1741110802058,1021.17334
1741110802100,1021.1679
1741110802137,1021.1648
1741110802157,1021.1686
1741110802201,1021.1705
1741110802238,1021.16064
1741110802258,1021.1536
1741110802299,1021.1505
1741110802340,1021.152
1741110802357,1021.14343
1741110802399,1021.1411
1741110802441,1021.1393
1741110802458,1021.1439
1741110802499,1021.1461
1741110802548,1021.14703
1741110802558,1021.1393
1741110802598,1021.1276
1741110802639,1021.1384
1741110802657,1021.151
1741110802700,1021.14856
1741110802737,1021.1441
1741110802760,1021.14575
1741110802797,1021.15076
1741110802840,1021.162
1741110802865,1021.1691
1741110802897,1021.16296
1741110802936,1021.1484
1741110802960,1021.1465
1741110802998,1021.145
1741110803038,1021.1476
1741110803057,1021.14575
1741110803100,1021.1456
1741110803139,1021.152
1741110803168,1021.1498
1741110803197,1021.1489
1741110803240,1021.13965
1741110803257,1021.12354
1741110803303,1021.1095
1741110803337,1021.10767
1741110803356,1021.11804
1741110803398,1021.13727
1741110803439,1021.14465
1741110803458,1021.14685
1741110803498,1021.15393
1741110803539,1021.1641
1741110803556,1021.1821
1741110803597,1021.17303
1741110803640,1021.16394
1741110803656,1021.15906
1741110803724,1021.15265
1741110803739,1021.13403
1741110803756,1021.1336
1741110803800,1021.1309
1741110803836,1021.1185
1741110803856,1021.1216
1741110803902,1021.1172
1741110803941,1021.1162
1741110803959,1021.11664
1741110803998,1021.13007
1741110804039,1021.125
1741110804059,1021.1121
1741110804096,1021.10864
1741110804138,1021.10364
1741110804157,1021.11127
1741110804197,1021.10205
1741110804236,1021.0886
1741110804258,1021.0982
1741110804297,1021.1081
1741110804343,1021.1085
1741110804356,1021.1101
1741110804399,1021.1001
1741110804450,1021.0868
1741110804455,1021.081
1741110804495,1021.08496
1741110804535,1021.098
1741110804555,1021.1083
1741110804595,1021.11
1741110804635,1021.11005
1741110804656,1021.1105
1741110804697,1021.1244
1741110804736,1021.12823
1741110804758,1021.1101
1741110804799,1021.0994
1741110804836,1021.10333
1741110804861,1021.1089
1741110804896,1021.1065
1741110804938,1021.0998
1741110804956,1021.09314
1741110805002,1021.09595
1741110805035,1021.09656
1741110805056,1021.0682
1741110805102,1021.06537
1741110805136,1021.0809
1741110805170,1021.09094
1741110805195,1021.10693
1741110805250,1021.11914
1741110805255,1021.14294
1741110805295,1021.1557
1741110805335,1021.15674
1741110805356,1021.15283
1741110805395,1021.1413
1741110805441,1021.1346
1741110805457,1021.13074
1741110805496,1021.1232
1741110805536,1021.10925
1741110805556,1021.10297
1741110805596,1021.0799
1741110805635,1021.0675
1741110805656,1021.0681
1741110805697,1021.07007
1741110805736,1021.0732
1741110805756,1021.0757
1741110805796,1021.07385
1741110805837,1021.06714
1741110805855,1021.0588
1741110805902,1021.058
1741110805944,1021.0525
1741110805958,1021.0422
1741110805995,1021.04553
1741110806038,1021.0415
1741110806055,1021.0488
1741110806102,1021.05084
1741110806135,1021.036
1741110806156,1021.03577
1741110806195,1021.0354
1741110806235,1021.03516
1741110806256,1021.04095
1741110806295,1021.0447
1741110806337,1021.0605
1741110806361,1021.067
1741110806410,1021.0672
1741110806435,1021.06934
1741110806455,1021.06116
1741110806496,1021.0556
1741110806541,1021.0506
1741110806555,1021.0468
1741110806605,1021.051
1741110806635,1021.0516
1741110806656,1021.05597
1741110806696,1021.0594
1741110806735,1021.04724
1741110806756,1021.0365
1741110806798,1021.01965
1741110806836,1021.03314
1741110806854,1021.0427
1741110806895,1021.0492
1741110806934,1021.0645
1741110806955,1021.09576
1741110806996,1021.08746
1741110807034,1021.0875
1741110807055,1021.0858
1741110807101,1021.0775
1741110807135,1021.06476
1741110807166,1021.0652
1741110807194,1021.058
1741110807234,1021.04663
1741110807255,1021.0323
1741110807295,1021.0279
1741110807334,1021.0254
1741110807355,1021.0224
1741110807396,1021.00854
1741110807434,1020.9928
1741110807455,1020.9933
1741110807494,1020.9939
1741110807536,1020.99615
1741110807555,1021.0016
1741110807594,1021.00684
1741110807636,1020.99036
1741110807658,1020.9755
1741110807695,1020.9819
1741110807734,1020.99097
1741110807755,1020.98694
1741110807796,1020.9837
1741110807835,1020.9736
1741110807856,1020.951
1741110807896,1020.94806
1741110807936,1020.9509
1741110807954,1020.96246
1741110807993,1020.9738
1741110808035,1020.9776
1741110808054,1020.9807
1741110808094,1020.9828
1741110808139,1020.985
1741110808154,1020.9862
1741110808194,1020.9913
1741110808235,1020.99536
1741110808254,1020.9943
1741110808294,1020.99084
1741110808335,1020.9904
1741110808354,1020.97955
1741110808395,1020.9646
1741110808439,1020.9529
1741110808454,1020.94366
1741110808495,1020.9612
1741110808533,1020.9859
1741110808554,1020.98425
1741110808601,1020.9922
1741110808637,1020.99664
1741110808653,1021.0042
1741110808694,1021.00555
1741110808734,1021.001
1741110808754,1020.9931
1741110808794,1020.97754
1741110808835,1020.97
1741110808854,1020.96826
1741110808898,1020.9625
1741110808935,1020.97
1741110808954,1020.9669
1741110808992,1020.96594
1741110809034,1020.9652
1741110809054,1020.9675
1741110809095,1020.9705
1741110809134,1020.96924
1741110809154,1020.9705
1741110809192,1020.9642
1741110809234,1020.96326
1741110809256,1020.9746
1741110809294,1020.9639
1741110809333,1020.95233
1741110809354,1020.9502
1741110809394,1020.96216
1741110809436,1020.9452
1741110809454,1020.931
1741110809494,1020.93994
1741110809534,1020.94543
1741110809554,1020.9631
1741110809601,1020.9738
1741110809633,1020.98193
1741110809654,1020.981
1741110809693,1020.9718
1741110809735,1020.9705
1741110809757,1020.9782
1741110809793,1020.97363
1741110809841,1020.9603
1741110809853,1020.94336
1741110809896,1020.93945
1741110809934,1020.97034
1741110809954,1020.9911
1741110809995,1020.9719
1741110810033,1020.9615
1741110810054,1020.97363
1741110810094,1021.00134
1741110810133,1021.00323
1741110810153,1020.9938
1741110810193,1020.9866
1741110810252,1020.9875
1741110810252,1020.9753
1741110810293,1020.96454
1741110810332,1020.9586
1741110810353,1020.96387
1741110810392,1020.96423
1741110810433,1020.9525
1741110810453,1020.9516
1741110810493,1020.9513
1741110810535,1020.9531
1741110810552,1020.95764
1741110810593,1020.95557
1741110810633,1020.95703
1741110810654,1020.95166
1741110810693,1020.95715
1741110810732,1020.97815
1741110810754,1020.9912
1741110810794,1020.9868
1741110810838,1020.9756
1741110810852,1020.966
1741110810893,1020.95355
1741110810932,1020.9562
1741110810954,1020.9573
1741110810995,1020.9658
1741110811035,1020.96674
1741110811052,1020.962
1741110811093,1020.9632
1741110811133,1020.9874
1741110811152,1020.9676
1741110811199,1020.9614
1741110811234,1020.95276
1741110811257,1020.97186
1741110811291,1020.9988
1741110811333,1020.9821
1741110811359,1020.9669
1741110811397,1020.9614
1741110811433,1020.97784
1741110811453,1020.9853
1741110811504,1020.9831
1741110811532,1020.96783
1741110811552,1020.981
1741110811592,1020.9768
1741110811638,1020.9678
1741110811652,1020.9617
1741110811692,1020.9591
1741110811733,1020.9645
1741110811753,1020.9636
1741110811793,1020.96924
1741110811833,1020.973
1741110811855,1020.9708
1741110811892,1020.96924
1741110811940,1020.959
1741110811952,1020.96875
1741110811992,1020.9623
1741110812039,1020.94836
1741110812052,1020.95
1741110812092,1020.9547
1741110812132,1020.9585
1741110812152,1020.9686
1741110812193,1020.97064
1741110812234,1020.9558
1741110812255,1020.9403
1741110812293,1020.9347
1741110812333,1020.94775
1741110812354,1020.9571
1741110812391,1020.953
1741110812432,1020.94495
1741110812452,1020.9413
1741110812492,1020.95197
1741110812533,1020.95337
1741110812552,1020.9382
1741110812595,1020.91956
1741110812632,1020.9498
1741110812652,1020.96094
1741110812696,1020.9385
1741110812732,1020.9436
1741110812752,1020.9704
1741110812794,1021.00195
1741110812832,1021.0088
1741110812851,1020.9911
1741110812904,1020.98126
1741110812932,1020.97955
1741110812951,1020.96533
1741110812992,1020.9625
1741110813031,1020.95465
1741110813052,1020.9461
1741110813091,1020.95215
1741110813133,1020.9597
1741110813151,1020.9617
1741110813191,1020.96265
1741110813232,1020.9605
1741110813254,1020.96893
1741110813295,1020.9643
1741110813331,1020.951
1741110813352,1020.9611
1741110813392,1020.9674
1741110813432,1020.966
1741110813453,1020.9663
1741110813495,1020.9462
1741110813533,1020.93463
1741110813551,1020.9266
1741110813592,1020.93176
1741110813631,1020.94135
1741110813652,1020.94165
1741110813690,1020.939
1741110813732,1020.95465
1741110813751,1020.95557
1741110813798,1020.95435
1741110813832,1020.9381
1741110813854,1020.9302
1741110813892,1020.9672
1741110813932,1020.96295
1741110813971,1020.94824
1741110813992,1020.9624
1741110814032,1020.9792
1741110814072,1020.9939
1741110814098,1020.994
1741110814133,1020.98706
1741110814172,1020.98315
1741110814195,1020.98364
1741110814231,1020.97375
1741110814271,1020.9635
1741110814292,1020.9442
1741110814330,1020.947
1741110814373,1020.948
1741110814391,1020.9492
1741110814432,1020.9531
1741110814471,1020.94885
1741110814492,1020.9385
1741110814530,1020.94635
1741110814573,1020.95435
1741110814591,1020.9559
1741110814644,1020.9519
1741110814671,1020.95703
1741110814691,1020.96094
1741110814731,1020.9703
1741110814772,1020.94275
1741110814790,1020.941
1741110814836,1020.9452
1741110814870,1020.9556
1741110814896,1020.9602
1741110814931,1020.96155
1741110814971,1020.9579
1741110814990,1020.96686
1741110815031,1020.9741
1741110815075,1020.9709
1741110815107,1020.96155
1741110815130,1020.947
1741110815173,1020.9294
1741110815192,1020.98157
1741110815246,1020.967
1741110815270,1020.9729
1741110815291,1021.0048
1741110815330,1021.0254
1741110815373,1021.0283
1741110815409,1021.00665
1741110815431,1020.9953
1741110815470,1020.98145
1741110815493,1020.97034
1741110815531,1020.9691
1741110815572,1020.9522
1741110815591,1020.95056
1741110815632,1020.95416
1741110815669,1020.9612
1741110815691,1020.9509
1741110815730,1020.958
1741110815769,1020.9595
1741110815791,1020.96313
1741110815835,1020.9714
1741110815871,1020.9777
1741110815891,1020.9733
1741110815931,1020.9796
1741110815971,1020.9678
1741110815990,1020.9487
1741110816031,1020.92957
1741110816070,1020.9247
1741110816102,1020.92865
1741110816131,1020.9457
1741110816172,1020.961
1741110816190,1020.96265
1741110816234,1020.9631
1741110816271,1020.959
1741110816292,1020.96857
1741110816332,1020.9666
1741110816370,1020.93835
1741110816390,1020.92523
1741110816431,1020.95984
1741110816470,1020.9839
1741110816491,1020.9592
1741110816529,1020.9618
1741110816570,1020.9839
1741110816591,1021.00256
1741110816631,1021.0038
1741110816670,1021.0063
1741110816689,1021.0034
1741110816738,1020.9901
1741110816770,1020.9701
1741110816789,1020.9606
1741110816831,1020.9592
1741110816869,1020.9695
1741110816891,1020.97455
1741110816930,1020.9726
1741110816970,1020.96423
1741110816990,1020.96326
1741110817033,1020.9566
1741110817072,1020.9614
1741110817094,1020.973
1741110817133,1020.9735
1741110817170,1020.9758
1741110817190,1020.9804
1741110817229,1020.978
1741110817271,1020.969
1741110817290,1020.9426
1741110817330,1020.9525
1741110817371,1020.9689
1741110817391,1020.9848
1741110817430,1020.9862
1741110817471,1020.9817
1741110817491,1020.9828
1741110817532,1020.9813
1741110817570,1020.99475
1741110817590,1020.98895
1741110817629,1020.9806
1741110817670,1020.9715
1741110817690,1020.9668
1741110817730,1021.0057
1741110817772,1021.00806
1741110817790,1021.00073
1741110817833,1021.00476
1741110817870,1021.0094
1741110817889,1021.0245
1741110817932,1021.03485
1741110817968,1021.0338
1741110817989,1021.0326
1741110818031,1021.0338
1741110818070,1021.02325
1741110818088,1021.00604
1741110818129,1021.00977
1741110818170,1021.0014
1741110818189,1021.0062
1741110818231,1021.0128
1741110818281,1021.0122
1741110818289,1021.0028
1741110818330,1020.9998
1741110818370,1020.99994
1741110818388,1021.0138
1741110818430,1021.02106
1741110818468,1021.0277
1741110818489,1021.0244
1741110818530,1021.02435
1741110818570,1021.03186
1741110818592,1021.02435
1741110818631,1021.0008
1741110818671,1021.00415
1741110818689,1020.9998
1741110818730,1021.00134
1741110818771,1021.0091
1741110818789,1020.9985
1741110818830,1021.00446
1741110818869,1021.0072
1741110818889,1021.0176
1741110818929,1021.0177
1741110818969,1021.0206
1741110818991,1021.0102
1741110819031,1021.00476
1741110819070,1021.00574
1741110819089,1021.03503
1741110819133,1021.04144
1741110819173,1021.0383
1741110819190,1021.03204
1741110819228,1021.0581
1741110819275,1021.0735
1741110819291,1021.067
1741110819328,1021.058
1741110819370,1021.0564
1741110819387,1021.04504
1741110819441,1021.02765
1741110819469,1021.02637
1741110819490,1021.02655
1741110819531,1021.0263
1741110819569,1021.03467
1741110819588,1021.0291
1741110819628,1021.02936
1741110819670,1021.0277
1741110819691,1021.0265
1741110819729,1021.03394
1741110819770,1021.04584
1741110819788,1021.0359
1741110819829,1021.0331
1741110819872,1021.04486
1741110819889,1021.0412
1741110819928,1021.012
1741110819969,1021.00256
1741110819989,1021.0071
1741110820030,1021.0217
1741110820069,1021.0341
1741110820089,1021.0358
1741110820127,1021.0314
1741110820172,1021.03345
1741110820189,1021.04083
1741110820252,1021.0479
1741110820267,1021.0383
1741110820287,1021.0288
1741110820331,1021.02625
1741110820368,1021.0388
1741110820387,1021.06525
1741110820435,1021.0598
1741110820468,1021.0621
1741110820488,1021.07135
1741110820529,1021.0942
1741110820573,1021.1018
1741110820589,1021.09485
1741110820630,1021.0787
1741110820669,1021.06915
1741110820694,1021.0672
1741110820728,1021.06494
1741110820767,1021.0567
1741110820790,1021.05804
1741110820828,1021.05493
1741110820869,1021.0507
1741110820886,1021.042
1741110820928,1021.0453
1741110820970,1021.0465
1741110820986,1021.0628
1741110821029,1021.0641
1741110821073,1021.0585
1741110821088,1021.0545
1741110821131,1021.04376
1741110821172,1021.03033
1741110821189,1021.02234
1741110821229,1021.01764
1741110821266,1021.0184
1741110821288,1021.0222
1741110821328,1021.0318
1741110821368,1021.0443
1741110821387,1021.04144
1741110821429,1021.04675
1741110821466,1021.069
1741110821489,1021.07715
1741110821532,1021.06366
1741110821566,1021.0559
1741110821588,1021.04834
1741110821638,1021.04553
1741110821668,1021.0593
1741110821686,1021.09045
1741110821725,1021.0747
1741110821768,1021.07825
1741110821788,1021.08624
1741110821827,1021.1005
1741110821869,1021.11
1741110821887,1021.1056
1741110821928,1021.09436
1741110821972,1021.082
1741110821986,1021.06665
1741110822039,1021.0535
1741110822067,1021.0424
1741110822088,1021.0405
1741110822127,1021.04926
1741110822166,1021.04553
1741110822186,1021.0429
1741110822226,1021.0525
1741110822267,1021.05896
1741110822292,1021.05304
1741110822329,1021.0586
1741110822366,1021.0658
1741110822388,1021.07434
1741110822428,1021.06903
1741110822466,1021.07385
1741110822487,1021.0797
1741110822529,1021.07635
1741110822567,1021.0647
1741110822586,1021.0598
1741110822630,1021.0568
1741110822665,1021.047
1741110822686,1021.05273
1741110822745,1021.05396
1741110822765,1021.05225
1741110822793,1021.0514
1741110822826,1021.05945
1741110822868,1021.0552
1741110822886,1021.0709
1741110822926,1021.0637
1741110822968,1021.06146
1741110822987,1021.0473
1741110823031,1021.04803
1741110823066,1021.05914
1741110823088,1021.05865
1741110823126,1021.0578
1741110823169,1021.063
1741110823186,1021.05725
1741110823226,1021.05334
1741110823266,1021.0663
1741110823286,1021.067
1741110823330,1021.0552
1741110823365,1021.0515
1741110823385,1021.0502
1741110823436,1021.04517
1741110823476,1021.0532
1741110823489,1021.05164
1741110823526,1021.0477
1741110823566,1021.0499
1741110823595,1021.05066
1741110823626,1021.05914
1741110823666,1021.062
1741110823695,1021.0604
1741110823725,1021.06165
1741110823769,1021.057
1741110823785,1021.0501
1741110823828,1021.0521
1741110823866,1021.04224
1741110823888,1021.0483
1741110823925,1021.0435
1741110823969,1021.0483
1741110823986,1021.04987
1741110824030,1021.0477
1741110824065,1021.0558
1741110824088,1021.0609
1741110824125,1021.0574
1741110824168,1021.0518
1741110824188,1021.0513
1741110824225,1021.0534
1741110824266,1021.0543
1741110824284,1021.04565
1741110824334,1021.0521
1741110824369,1021.0431
1741110824384,1021.0302
1741110824425,1021.0272
1741110824469,1021.02966
1741110824488,1021.01086
1741110824526,1021.03033
1741110824565,1021.0409
1741110824585,1021.0443
1741110824628,1021.0807
1741110824665,1021.0862
1741110824688,1021.09
1741110824725,1021.1029
1741110824764,1021.11835
1741110824785,1021.1345
1741110824826,1021.1054
1741110824870,1021.0751
1741110824884,1021.06635
1741110824941,1021.05005
1741110824964,1021.0511
1741110824985,1021.08746
1741110825026,1021.0955
1741110825066,1021.09766
1741110825088,1021.1205
1741110825125,1021.07764
1741110825164,1021.04315
1741110825185,1021.01526
1741110825245,1020.9995
1741110825264,1020.98413
1741110825285,1020.9837
1741110825324,1020.9905
1741110825364,1021.01074
1741110825391,1021.0237
1741110825426,1021.01984
1741110825466,1021.0309
1741110825484,1021.04126
1741110825525,1021.0613
1741110825569,1021.0745
1741110825584,1021.06506
1741110825625,1021.0519
1741110825664,1021.0472
1741110825685,1021.0523
1741110825729,1021.06177
1741110825764,1021.0604
1741110825786,1021.0564
1741110825825,1021.0585
1741110825864,1021.0564
1741110825883,1021.04016
1741110825932,1021.0382
1741110825964,1021.02893
1741110825983,1020.9968
1741110826025,1020.9584
1741110826064,1020.949
1741110826083,1020.9674
1741110826123,1020.98364
1741110826163,1020.99744
1741110826183,1020.9962
1741110826223,1021.0025
1741110826263,1021.019
1741110826283,1021.0158
1741110826323,1021.0203
1741110826363,1021.027
1741110826383,1021.0145
1741110826423,1021.0212
1741110826462,1021.0217
1741110826483,1021.01227
1741110826523,1021.0176
1741110826563,1021.02216
1741110826583,1021.00134
1741110826623,1021.0061
1741110826662,1021.01324
1741110826682,1021.006
1741110826731,1021.00635
1741110826766,1021.0132
1741110826796,1021.00354
1741110826866,1020.9996
1741110826866,1020.9915
1741110826882,1020.9946
1741110826922,1020.9987
1741110826963,1020.99585
1741110826982,1020.9962
1741110827023,1020.9966
1741110827062,1020.99945
1741110827084,1021.00256
1741110827123,1020.9996
1741110827163,1020.99646
1741110827182,1020.9926
1741110827224,1021.0041
1741110827262,1021.0102
1741110827282,1021.0073
1741110827322,1021.01447
1741110827362,1021.006
1741110827382,1020.9956
1741110827422,1020.9976
1741110827463,1020.9985
1741110827484,1021.00604
1741110827523,1021.00116
1741110827562,1021.0069
1741110827582,1021.01447
1741110827622,1021.0186
