1741111987705,1022.13086
1741111987726,1022.1465
1741111987765,1022.1484
1741111987804,1022.1511
1741111987824,1022.15173
1741111987865,1022.1548
1741111987904,1022.1609
1741111987924,1022.1571
1741111987964,1022.1499
1741111988004,1022.1516
1741111988024,1022.1512
1741111988064,1022.1467
1741111988107,1022.1518
1741111988125,1022.1433
1741111988174,1022.1494
1741111988205,1022.16406
1741111988225,1022.16864
1741111988264,1022.1778
1741111988304,1022.1713
1741111988324,1022.15063
1741111988364,1022.1273
1741111988406,1022.1234
1741111988425,1022.1412
1741111988468,1022.13635
1741111988505,1022.14856
1741111988524,1022.2086
1741111988564,1022.2312
1741111988605,1022.21155
1741111988624,1022.19885
1741111988664,1022.2
1741111988704,1022.2288
1741111988724,1022.22046
1741111988764,1022.2218
1741111988815,1022.255
1741111988826,1022.22394
1741111988865,1022.234
1741111988904,1022.2582
1741111988925,1022.2467
1741111988964,1022.2358
1741111989004,1022.2275
1741111989025,1022.2146
1741111989065,1022.2041
1741111989104,1022.19415
1741111989123,1022.2045
1741111989173,1022.20483
1741111989204,1022.1971
1741111989226,1022.1876
1741111989264,1022.12524
1741111989304,1022.06165
1741111989323,1022.0928
1741111989364,1022.0939
1741111989466,1022.1255
1741111989487,1022.13525
1741111989524,1022.1679
1741111989564,1022.16675
1741111989585,1022.16327
1741111989626,1022.1666
1741111989667,1022.1626
1741111989684,1022.16693
1741111989724,1022.2088
1741111989767,1022.1863
1741111989786,1022.1895
1741111989827,1022.17456
1741111989871,1022.16016
1741111989887,1022.17474
1741111989929,1022.17834
1741111989966,1022.17
1741111989985,1022.1855
1741111990027,1022.1974
1741111990063,1022.1965
1741111990083,1022.1892
1741111990124,1022.18524
1741111990164,1022.1765
1741111990185,1022.1741
1741111990224,1022.16797
1741111990265,1022.1593
1741111990285,1022.20483
1741111990327,1022.23816
1741111990364,1022.23846
1741111990384,1022.2273
1741111990424,1022.2112
1741111990466,1022.1931
1741111990490,1022.19
1741111990524,1022.17896
1741111990563,1022.1757
1741111990585,1022.16986
1741111990627,1022.1776
1741111990664,1022.1768
1741111990689,1022.1866
1741111990724,1022.15295
1741111990765,1022.1628
1741111990785,1022.17957
1741111990826,1022.17554
1741111990867,1022.167
1741111990884,1022.1772
1741111990927,1022.1734
1741111990964,1022.16736
1741111990984,1022.16
1741111991027,1022.16473
1741111991064,1022.194
1741111991083,1022.26025
1741111991126,1022.29755
1741111991164,1022.31573
1741111991184,1022.28107
1741111991224,1022.24805
1741111991265,1022.2206
1741111991298,1022.2039
1741111991324,1022.1872
1741111991363,1022.183
1741111991384,1022.18463
1741111991424,1022.1776
1741111991464,1022.17084
1741111991490,1022.1625
1741111991536,1022.19275
1741111991564,1022.1911
1741111991591,1022.1563
1741111991625,1022.15576
1741111991664,1022.1531
1741111991685,1022.1524
1741111991723,1022.15063
1741111991764,1022.1488
1741111991786,1022.1474
1741111991827,1022.1616
1741111991864,1022.19946
1741111991884,1022.2268
1741111991925,1022.27
1741111991965,1022.278
1741111991984,1022.25586
1741111992025,1022.2229
1741111992064,1022.19574
1741111992084,1022.181
1741111992123,1022.16504
1741111992164,1022.16724
1741111992188,1022.1506
1741111992224,1022.1826
1741111992263,1022.1801
1741111992284,1022.1854
1741111992324,1022.1383
1741111992363,1022.1331
1741111992384,1022.1255
1741111992424,1022.1311
1741111992463,1022.1206
1741111992484,1022.13885
1741111992527,1022.1477
1741111992565,1022.1592
1741111992587,1022.20337
1741111992623,1022.2577
1741111992664,1022.2542
1741111992691,1022.24445
1741111992723,1022.2223
1741111992766,1022.1991
1741111992785,1022.1821
1741111992824,1022.173
1741111992864,1022.1678
1741111992883,1022.15283
1741111992924,1022.16003
1741111992964,1022.16174
1741111992984,1022.1462
1741111993022,1022.151
1741111993063,1022.15204
1741111993085,1022.14526
1741111993124,1022.1257
1741111993162,1022.1316
1741111993183,1022.1194
1741111993223,1022.11633
1741111993264,1022.1263
1741111993282,1022.13446
1741111993322,1022.1373
1741111993363,1022.1509
1741111993382,1022.20105
1741111993425,1022.24316
1741111993464,1022.32794
1741111993483,1022.305
1741111993525,1022.2686
1741111993563,1022.23553
1741111993584,1022.21027
1741111993624,1022.1977
1741111993662,1022.1735
1741111993683,1022.1574
1741111993724,1022.136
1741111993766,1022.15533
1741111993782,1022.1326
1741111993822,1022.1473
1741111993863,1022.14105
1741111993881,1022.12134
1741111993923,1022.13245
1741111993963,1022.15515
1741111993982,1022.1542
1741111994024,1022.1467
1741111994063,1022.1502
1741111994082,1022.1379
1741111994144,1022.12256
1741111994162,1022.20593
1741111994181,1022.2228
1741111994224,1022.3569
1741111994264,1022.42175
1741111994284,1022.36206
1741111994323,1022.30896
1741111994362,1022.26624
1741111994382,1022.2338
1741111994423,1022.1925
1741111994462,1022.1809
1741111994484,1022.1924
1741111994529,1022.1822
1741111994577,1022.1492
1741111994581,1022.1543
1741111994622,1022.12964
1741111994663,1022.1048
1741111994683,1022.09485
1741111994722,1022.0982
1741111994764,1022.113
1741111994782,1022.1212
1741111994822,1022.1471
1741111994862,1022.1703
1741111994881,1022.16565
1741111994925,1022.1485
1741111994965,1022.1489
1741111994982,1022.20044
1741111995023,1022.2062
1741111995062,1022.21576
1741111995082,1022.26245
1741111995123,1022.2761
1741111995162,1022.2716
1741111995183,1022.2439
1741111995222,1022.21185
1741111995261,1022.19293
1741111995281,1022.1896
1741111995323,1022.1794
1741111995363,1022.1982
1741111995384,1022.1763
1741111995422,1022.19794
1741111995461,1022.163
1741111995484,1022.1465
1741111995522,1022.1638
1741111995567,1022.15015
1741111995582,1022.11926
1741111995623,1022.1279
1741111995663,1022.154
1741111995683,1022.1564
1741111995723,1022.1916
1741111995764,1022.21954
1741111995791,1022.20013
1741111995823,1022.2174
1741111995874,1022.2235
1741111995884,1022.22614
1741111995921,1022.2196
1741111995962,1022.21326
1741111995983,1022.18884
1741111996023,1022.1777
1741111996062,1022.17505
1741111996082,1022.15686
1741111996124,1022.15924
1741111996163,1022.1609
1741111996182,1022.1815
1741111996224,1022.17084
1741111996263,1022.12646
1741111996282,1022.1057
1741111996323,1022.1298
1741111996360,1022.1428
1741111996384,1022.1432
1741111996421,1022.16364
1741111996461,1022.1591
1741111996481,1022.1349
1741111996528,1022.19006
1741111996562,1022.224
1741111996583,1022.3125
1741111996635,1022.38824
1741111996660,1022.3493
1741111996682,1022.30206
1741111996724,1022.2583
1741111996760,1022.22473
1741111996783,1022.1984
1741111996824,1022.19714
1741111996863,1022.1918
1741111996882,1022.1748
1741111996922,1022.1776
1741111996963,1022.18317
1741111996980,1022.18646
1741111997031,1022.14764
1741111997060,1022.14246
1741111997081,1022.10876
1741111997120,1022.11816
1741111997162,1022.14075
1741111997181,1022.15405
1741111997222,1022.15686
1741111997268,1022.1516
1741111997281,1022.20264
1741111997321,1022.2239
1741111997363,1022.2595
1741111997380,1022.30927
1741111997421,1022.3131
1741111997464,1022.2869
1741111997480,1022.25146
1741111997522,1022.2289
1741111997560,1022.2023
1741111997580,1022.189
1741111997621,1022.1878
1741111997665,1022.18384
1741111997683,1022.1996
1741111997722,1022.1848
1741111997762,1022.1935
1741111997782,1022.21185
1741111997821,1022.1813
1741111997867,1022.1451
1741111997881,1022.15375
1741111997925,1022.1423
1741111997966,1022.13605
1741111997982,1022.14453
1741111998022,1022.1443
1741111998061,1022.1634
1741111998089,1022.20715
1741111998119,1022.25385
1741111998161,1022.38477
1741111998179,1022.4309
1741111998226,1022.3688
1741111998259,1022.309
1741111998282,1022.2599
1741111998321,1022.2082
1741111998361,1022.19855
1741111998384,1022.1916
1741111998420,1022.15283
1741111998460,1022.1734
1741111998479,1022.16644
1741111998519,1022.16284
1741111998560,1022.10223
1741111998580,1022.1089
1741111998629,1022.103
1741111998661,1022.11096
1741111998684,1022.1163
1741111998719,1022.1381
1741111998765,1022.15765
1741111998783,1022.17847
1741111998823,1022.20544
1741111998862,1022.20325
1741111998880,1022.3086
1741111998921,1022.41205
1741111998959,1022.38416
1741111998980,1022.3215
1741111999020,1022.27515
1741111999060,1022.23553
1741111999083,1022.2071
1741111999127,1022.2025
1741111999159,1022.20325
1741111999178,1022.17737
1741111999219,1022.172
1741111999258,1022.1726
1741111999278,1022.19904
1741111999321,1022.1953
1741111999359,1022.16455
1741111999379,1022.1368
1741111999424,1022.12573
1741111999472,1022.12476
1741111999483,1022.14294
1741111999520,1022.15063
1741111999563,1022.1513
1741111999579,1022.1904
1741111999618,1022.21954
1741111999658,1022.2603
1741111999679,1022.2952
1741111999719,1022.2806
1741111999760,1022.24896
1741111999779,1022.2197
1741111999821,1022.2009
1741111999860,1022.19714
1741111999879,1022.1842
1741111999919,1022.1713
1741111999961,1022.1707
1741111999983,1022.17615
1741112000020,1022.175
1741112000061,1022.1655
1741112000080,1022.1223
1741112000123,1022.10315
1741112000161,1022.0964
1741112000178,1022.0879
1741112000223,1022.09534
1741112000258,1022.1301
1741112000279,1022.14026
1741112000319,1022.1481
1741112000358,1022.1639
1741112000378,1022.1871
1741112000421,1022.22375
1741112000458,1022.2645
1741112000480,1022.27527
1741112000518,1022.2593
1741112000560,1022.2295
1741112000584,1022.2081
1741112000620,1022.18176
1741112000658,1022.1771
1741112000679,1022.16986
1741112000719,1022.15283
1741112000762,1022.1643
1741112000778,1022.1662
1741112000818,1022.19086
1741112000857,1022.17773
1741112000878,1022.15295
1741112000920,1022.1199
1741112000958,1022.12885
1741112000979,1022.1238
1741112001019,1022.13007
1741112001058,1022.14233
1741112001084,1022.12964
1741112001118,1022.132
1741112001159,1022.1677
1741112001179,1022.3017
1741112001219,1022.39545
1741112001259,1022.3973
1741112001282,1022.3286
1741112001319,1022.284
1741112001359,1022.2287
1741112001383,1022.208
1741112001418,1022.1932
1741112001465,1022.1844
1741112001486,1022.19354
1741112001518,1022.1804
1741112001558,1022.1518
1741112001578,1022.1642
1741112001618,1022.157
1741112001659,1022.13226
1741112001679,1022.15466
1741112001723,1022.1463
1741112001759,1022.13354
1741112001779,1022.1332
1741112001822,1022.1384
1741112001860,1022.1458
1741112001879,1022.2162
1741112001921,1022.236
1741112001958,1022.32043
1741112001988,1022.402
1741112002038,1022.37866
1741112002057,1022.3369
1741112002083,1022.2793
1741112002122,1022.23425
1741112002161,1022.2133
1741112002177,1022.19415
1741112002218,1022.16174
1741112002263,1022.15173
1741112002277,1022.1561
1741112002317,1022.16437
1741112002359,1022.1701
1741112002382,1022.15814
1741112002419,1022.1064
1741112002458,1022.1053
1741112002479,1022.1178
1741112002536,1022.1117
1741112002557,1022.0953
1741112002578,1022.11993
1741112002621,1022.1288
1741112002658,1022.1972
1741112002679,1022.2113
1741112002719,1022.29846
1741112002758,1022.4023
1741112002777,1022.35474
1741112002817,1022.29553
1741112002860,1022.2502
1741112002877,1022.2193
1741112002926,1022.1831
1741112002958,1022.16846
1741112002979,1022.17523
1741112003017,1022.156
1741112003059,1022.1634
1741112003078,1022.15607
1741112003121,1022.1703
1741112003158,1022.1213
1741112003182,1022.0925
1741112003219,1022.0774
1741112003256,1022.1051
1741112003278,1022.0866
1741112003317,1022.10535
1741112003364,1022.128
1741112003379,1022.1329
1741112003419,1022.14087
1741112003465,1022.16833
1741112003481,1022.1829
1741112003517,1022.21326
1741112003562,1022.25385
1741112003577,1022.25464
1741112003619,1022.22845
1741112003658,1022.20483
1741112003679,1022.1745
1741112003718,1022.1499
1741112003758,1022.13983
1741112003779,1022.13165
1741112003817,1022.1189
1741112003857,1022.1242
1741112003877,1022.1221
1741112003918,1022.1367
1741112003962,1022.1512
1741112003977,1022.0842
1741112004018,1022.05505
1741112004059,1022.0594
1741112004076,1022.08545
1741112004115,1022.1182
1741112004157,1022.1167
1741112004179,1022.1216
1741112004216,1022.12
1741112004255,1022.1699
1741112004275,1022.1945
1741112004315,1022.2511
1741112004356,1022.3589
1741112004379,1022.3629
1741112004415,1022.3075
1741112004459,1022.2603
1741112004478,1022.2284
1741112004516,1022.1884
1741112004557,1022.18286
1741112004577,1022.15576
1741112004621,1022.13324
1741112004656,1022.12585
1741112004675,1022.12256
1741112004718,1022.14233
1741112004775,1022.1054
1741112004778,1022.09546
1741112004816,1022.1213
1741112004873,1022.1077
1741112004876,1022.111
1741112004919,1022.1333
1741112004957,1022.1317
1741112004976,1022.1261
1741112005016,1022.1872
1741112005055,1022.20764
1741112005075,1022.2417
1741112005117,1022.2399
1741112005156,1022.22675
1741112005175,1022.20483
1741112005215,1022.18945
1741112005256,1022.18964
1741112005275,1022.18225
1741112005316,1022.17126
1741112005355,1022.1592
1741112005376,1022.1526
1741112005415,1022.135
1741112005456,1022.13477
1741112005476,1022.16425
1741112005535,1022.1216
1741112005556,1022.1001
1741112005576,1022.07715
1741112005617,1022.08325
1741112005655,1022.0924
1741112005676,1022.10846
1741112005715,1022.11914
1741112005756,1022.13306
1741112005779,1022.1763
1741112005816,1022.2194
1741112005856,1022.2373
1741112005876,1022.22424
1741112005918,1022.219
1741112005958,1022.2044
1741112005977,1022.18396
1741112006017,1022.17554
1741112006056,1022.1593
1741112006076,1022.14764
1741112006116,1022.15906
1741112006158,1022.17114
1741112006186,1022.1605
1741112006217,1022.1647
1741112006255,1022.1672
1741112006275,1022.1591
1741112006317,1022.10474
1741112006356,1022.0967
1741112006376,1022.0825
1741112006415,1022.09937
1741112006457,1022.09344
1741112006475,1022.1124
1741112006517,1022.1403
1741112006555,1022.1546
1741112006581,1022.17444
1741112006615,1022.18994
1741112006657,1022.20465
1741112006676,1022.2112
1741112006723,1022.2275
1741112006755,1022.2127
1741112006781,1022.1881
1741112006816,1022.1722
1741112006855,1022.1501
1741112006877,1022.15247
1741112006917,1022.1559
1741112006955,1022.1553
1741112006975,1022.1681
1741112007017,1022.1669
1741112007060,1022.1937
1741112007081,1022.14215
1741112007117,1022.11786
1741112007156,1022.102
1741112007178,1022.1153
1741112007214,1022.1153
1741112007266,1022.12445
1741112007275,1022.1294
1741112007316,1022.1659
1741112007355,1022.218
1741112007375,1022.20935
1741112007416,1022.31494
1741112007455,1022.3609
1741112007475,1022.30774
1741112007514,1022.26276
1741112007556,1022.22076
1741112007579,1022.19556
1741112007616,1022.17444
1741112007656,1022.1731
1741112007679,1022.1649
1741112007715,1022.15753
1741112007756,1022.1611
1741112007774,1022.1637
1741112007816,1022.18164
1741112007855,1022.1438
1741112007875,1022.09644
1741112007924,1022.08527
1741112007956,1022.1132
1741112007976,1022.11206
1741112008015,1022.1241
1741112008059,1022.13556
1741112008074,1022.1447
1741112008115,1022.1636
1741112008154,1022.1929
1741112008184,1022.1952
1741112008214,1022.3183
1741112008255,1022.3342
1741112008274,1022.2948
1741112008315,1022.24585
1741112008354,1022.2001
1741112008375,1022.15576
1741112008416,1022.135
1741112008463,1022.12805
1741112008474,1022.12897
1741112008521,1022.124
1741112008554,1022.1205
1741112008575,1022.1122
1741112008614,1022.13074
1741112008655,1022.10846
1741112008678,1022.07983
1741112008714,1022.09155
1741112008755,1022.082
1741112008777,1022.0857
1741112008815,1022.1035
1741112008854,1022.1199
1741112008876,1022.10406
1741112008915,1022.0937
1741112008954,1022.1809
1741112008981,1022.1768
1741112009014,1022.2018
1741112009052,1022.28534
1741112009073,1022.2799
1741112009113,1022.26636
1741112009154,1022.2393
1741112009175,1022.20667
1741112009222,1022.18097
1741112009256,1022.17725
1741112009273,1022.161
1741112009313,1022.15466
1741112009353,1022.147
1741112009375,1022.1414
1741112009416,1022.144
1741112009457,1022.1123
1741112009474,1022.09375
1741112009514,1022.10114
1741112009556,1022.10095
1741112009575,1022.1006
1741112009617,1022.09875
1741112009654,1022.12225
1741112009673,1022.143
1741112009716,1022.12585
1741112009753,1022.1738
1741112009774,1022.23157
1741112009814,1022.29755
1741112009854,1022.37415
1741112009874,1022.37537
1741112009919,1022.31885
1741112009955,1022.2655
1741112009973,1022.22925
1741112010015,1022.1964
1741112010054,1022.1819
1741112010075,1022.18536
1741112010124,1022.17004
1741112010155,1022.1647
1741112010174,1022.1533
1741112010214,1022.1682
1741112010256,1022.161
1741112010278,1022.1169
1741112010313,1022.12274
1741112010353,1022.1174
1741112010374,1022.1116
1741112010413,1022.1064
1741112010452,1022.12866
1741112010475,1022.137
1741112010512,1022.1297
1741112010555,1022.1411
1741112010577,1022.18805
1741112010613,1022.2247
1741112010653,1022.34033
1741112010673,1022.34204
1741112010714,1022.29626
1741112010755,1022.2482
1741112010774,1022.214
1741112010815,1022.18823
1741112010855,1022.1615
1741112010873,1022.15894
1741112010914,1022.1427
1741112010954,1022.13104
1741112010973,1022.15497
1741112011014,1022.15
1741112011059,1022.15564
1741112011073,1022.1229
1741112011113,1022.05963
1741112011153,1022.0641
1741112011175,1022.093
1741112011216,1022.09357
1741112011253,1022.1127
1741112011273,1022.1355
1741112011314,1022.127
1741112011353,1022.14966
1741112011373,1022.2234
1741112011415,1022.20276
1741112011454,1022.1974
1741112011492,1022.2502
1741112011512,1022.2699
1741112011553,1022.2508
1741112011592,1022.2382
1741112011612,1022.20984
1741112011654,1022.1763
1741112011698,1022.1594
1741112011715,1022.1548
1741112011753,1022.1424
1741112011775,1022.1394
1741112011814,1022.13245
1741112011853,1022.14276
1741112011892,1022.1387
1741112011912,1022.07776
1741112011955,1022.0659
1741112011995,1022.081
1741112012015,1022.0993
1741112012054,1022.11206
1741112012094,1022.1282
1741112012113,1022.10596
1741112012158,1022.15466
1741112012192,1022.2039
1741112012213,1022.22986
1741112012253,1022.2897
1741112012297,1022.353
1741112012312,1022.2966
1741112012354,1022.252
1741112012392,1022.2078
1741112012411,1022.1788
1741112012455,1022.15375
1741112012493,1022.1416
1741112012515,1022.14417
1741112012552,1022.13965
1741112012592,1022.12805
1741112012611,1022.1279
1741112012652,1022.15784
1741112012693,1022.1595
1741112012712,1022.12445
1741112012761,1022.1295
1741112012793,1022.1083
1741112012815,1022.09485
1741112012855,1022.1053
1741112012894,1022.12695
1741112012913,1022.1397
1741112012952,1022.15234
1741112013002,1022.17804
1741112013011,1022.214
1741112013056,1022.26575
1741112013091,1022.30994
1741112013112,1022.2774
1741112013154,1022.2583
1741112013192,1022.226
1741112013213,1022.2009
1741112013254,1022.17285
1741112013291,1022.16296
1741112013312,1022.16785
1741112013353,1022.16113
1741112013401,1022.18616
1741112013412,1022.1808
1741112013453,1022.19525
1741112013492,1022.14844
1741112013513,1022.12085
1741112013553,1022.12555
1741112013602,1022.12317
1741112013611,1022.11847
1741112013652,1022.1356
1741112013693,1022.1497
1741112013711,1022.1548
1741112013753,1022.14886
1741112013792,1022.21094
1741112013824,1022.1926
1741112013852,1022.2228
1741112013895,1022.29517
1741112013914,1022.2876
1741112013953,1022.26263
1741112013992,1022.24713
1741112014014,1022.21234
1741112014054,1022.1882
1741112014110,1022.1859
1741112014110,1022.1785
1741112014151,1022.1582
1741112014193,1022.17773
1741112014214,1022.18005
1741112014252,1022.1887
1741112014292,1022.2209
1741112014311,1022.1793
1741112014358,1022.13336
1741112014392,1022.12683
1741112014415,1022.1156
1741112014452,1022.12427
1741112014491,1022.14954
1741112014522,1022.15753
1741112014554,1022.15906
1741112014603,1022.24426
1741112014611,1022.258
1741112014652,1022.35156
1741112014691,1022.3948
1741112014711,1022.32166
1741112014751,1022.26794
1741112014798,1022.22833
1741112014810,1022.20526
1741112014859,1022.1902
1741112014891,1022.1935
1741112014912,1022.1776
1741112014951,1022.17017
1741112014992,1022.17993
1741112015010,1022.17053
1741112015051,1022.1808
1741112015093,1022.1621
1741112015110,1022.13965
1741112015154,1022.143
1741112015191,1022.1399
1741112015212,1022.129
1741112015256,1022.1399
1741112015291,1022.16815
1741112015311,1022.1604
1741112015351,1022.1747
1741112015390,1022.2306
1741112015412,1022.25684
1741112015463,1022.3372
1741112015490,1022.35986
1741112015512,1022.30676
1741112015550,1022.265
1741112015591,1022.2284
1741112015611,1022.20557
1741112015649,1022.19104
1741112015692,1022.16675
1741112015711,1022.1776
1741112015750,1022.1827
1741112015793,1022.186
1741112015810,1022.187
1741112015851,1022.15906
1741112015890,1022.1441
1741112015911,1022.1305
1741112015951,1022.1273
1741112015997,1022.1509
1741112016010,1022.16565
1741112016051,1022.14874
1741112016090,1022.14594
1741112016110,1022.18176
1741112016153,1022.2157
1741112016191,1022.26825
1741112016212,1022.41016
1741112016249,1022.40985
1741112016296,1022.3546
1741112016310,1022.3102
1741112016357,1022.27496
1741112016391,1022.2337
1741112016412,1022.20776
1741112016462,1022.1984
1741112016490,1022.1697
1741112016513,1022.1859
1741112016550,1022.1811
1741112016591,1022.18365
1741112016614,1022.18097
1741112016651,1022.1212
1741112016697,1022.1201
1741112016711,1022.13165
1741112016750,1022.1093
1741112016792,1022.1139
1741112016810,1022.14374
1741112016850,1022.16815
1741112016895,1022.18066
1741112016909,1022.1931
1741112016951,1022.2047
1741112016993,1022.23926
1741112017011,1022.29395
1741112017051,1022.2886
1741112017090,1022.2715
1741112017111,1022.23065
1741112017149,1022.21387
1741112017190,1022.19543
1741112017211,1022.1891
1741112017252,1022.1941
1741112017289,1022.1737
1741112017311,1022.188
1741112017351,1022.173
1741112017393,1022.18256
1741112017409,1022.1475
1741112017453,1022.1108
1741112017495,1022.1343
1741112017514,1022.1552
1741112017549,1022.15204
1741112017589,1022.1444
1741112017609,1022.1285
1741112017649,1022.1406
1741112017689,1022.14484
1741112017710,1022.17505
1741112017750,1022.22107
1741112017792,1022.2172
1741112017812,1022.2578
1741112017852,1022.28815
1741112017889,1022.27094
1741112017909,1022.2537
1741112017948,1022.2206
1741112017990,1022.19977
1741112018011,1022.183
1741112018051,1022.17993
1741112018095,1022.1666
1741112018108,1022.1676
1741112018152,1022.1591
1741112018190,1022.14734
1741112018209,1022.15625
1741112018249,1022.1225
1741112018290,1022.1111
1741112018308,1022.12335
1741112018350,1022.1306
1741112018390,1022.13116
1741112018411,1022.1359
1741112018451,1022.151
1741112018490,1022.1439
1741112018510,1022.1969
1741112018549,1022.24286
1741112018589,1022.24316
1741112018632,1022.3158
1741112018648,1022.3218
1741112018689,1022.2979
1741112018711,1022.2566
1741112018751,1022.22205
1741112018789,1022.20483
1741112018814,1022.19934
1741112018848,1022.1831
1741112018901,1022.1647
1741112018908,1022.17126
1741112018954,1022.16956
1741112018989,1022.1771
1741112019013,1022.22156
1741112019049,1022.18176
1741112019105,1022.1293
1741112019107,1022.1379
1741112019148,1022.13824
1741112019188,1022.12164
1741112019209,1022.12823
1741112019249,1022.131
1741112019290,1022.1506
1741112019316,1022.2369
1741112019349,1022.25946
1741112019389,1022.35236
1741112019409,1022.4001
1741112019447,1022.3585
1741112019488,1022.3237
1741112019510,1022.26294
1741112019548,1022.22906
1741112019589,1022.20667
1741112019621,1022.19867
1741112019649,1022.18054
1741112019688,1022.1582
1741112019712,1022.1782
1741112019748,1022.1653
1741112019789,1022.16693
1741112019813,1022.1353
1741112019848,1022.1116
1741112019895,1022.12335
1741112019909,1022.1322
1741112019948,1022.13403
1741112019988,1022.1361
1741112020008,1022.1503
1741112020049,1022.14813
1741112020089,1022.21014
1741112020108,1022.2411
1741112020152,1022.3323
1741112020188,1022.42554
1741112020207,1022.3959
1741112020249,1022.32416
1741112020302,1022.27795
1741112020307,1022.2417
1741112020348,1022.21716
1741112020388,1022.2068
1741112020408,1022.1953
1741112020454,1022.17285
1741112020488,1022.17957
1741112020509,1022.1889
1741112020549,1022.1913
1741112020588,1022.215
1741112020609,1022.1849
1741112020648,1022.1607
1741112020689,1022.15283
1741112020718,1022.1405
1741112020749,1022.16187
1741112020788,1022.1771
1741112020809,1022.1829
1741112020849,1022.1765
1741112020887,1022.16956
1741112020909,1022.24365
1741112020963,1022.24316
1741112020987,1022.2454
1741112021007,1022.28674
1741112021048,1022.2881
1741112021088,1022.2784
1741112021109,1022.2467
1741112021148,1022.2102
1741112021187,1022.20715
1741112021208,1022.2197
1741112021247,1022.20557
1741112021287,1022.18933
1741112021308,1022.1914
1741112021348,1022.1843
1741112021388,1022.2054
1741112021407,1022.2025
1741112021449,1022.1617
1741112021488,1022.16034
1741112021509,1022.1578
1741112021547,1022.1667
1741112021588,1022.1416
1741112021607,1022.13684
1741112021650,1022.1377
1741112021688,1022.1647
1741112021707,1022.22815
1741112021748,1022.25415
1741112021788,1022.3228
1741112021807,1022.3699
1741112021846,1022.3235
1741112021886,1022.2809
1741112021906,1022.2387
1741112021959,1022.2203
1741112021987,1022.19666
1741112022008,1022.1935
1741112022046,1022.17664
1741112022095,1022.1952
1741112022107,1022.19354
1741112022147,1022.18335
1741112022187,1022.19574
1741112022207,1022.1544
1741112022248,1022.12585
1741112022287,1022.1205
1741112022307,1022.1315
1741112022358,1022.1273
1741112022387,1022.1407
1741112022408,1022.15125
1741112022446,1022.1566
1741112022492,1022.24164
1741112022507,1022.23376
1741112022547,1022.37946
1741112022587,1022.4048
1741112022607,1022.3511
1741112022646,1022.3058
1741112022685,1022.2599
1741112022707,1022.23175
1741112022746,1022.1979
1741112022786,1022.1964
1741112022812,1022.18286
1741112022848,1022.18604
1741112022891,1022.18384
1741112022909,1022.1753
1741112022947,1022.20306
1741112022990,1022.1722
1741112023006,1022.1415
1741112023046,1022.1437
1741112023086,1022.1403
1741112023107,1022.14343
1741112023148,1022.1466
1741112023187,1022.149
1741112023206,1022.1486
1741112023246,1022.17615
1741112023287,1022.2216
1741112023310,1022.2416
1741112023347,1022.34454
1741112023386,1022.3794
1741112023407,1022.33154
1741112023447,1022.28326
1741112023486,1022.24146
1741112023505,1022.21106
1741112023547,1022.2042
1741112023585,1022.2038
1741112023607,1022.1998
1741112023651,1022.1832
1741112023686,1022.1898
1741112023710,1022.1733
1741112023746,1022.2241
1741112023786,1022.1886
1741112023806,1022.1565
1741112023847,1022.14954
1741112023887,1022.1395
1741112023906,1022.1388
1741112023947,1022.1369
1741112023986,1022.1528
1741112024006,1022.1469
1741112024046,1022.17194
1741112024084,1022.20154
1741112024105,1022.2435
1741112024148,1022.32275
1741112024185,1022.3175
1741112024207,1022.2879
1741112024250,1022.243
1741112024287,1022.22314
1741112024307,1022.2125
1741112024347,1022.20245
1741112024386,1022.17804
1741112024409,1022.1703
1741112024452,1022.16846
1741112024487,1022.172
1741112024505,1022.14343
1741112024545,1022.0795
1741112024586,1022.07263
1741112024623,1022.0858
1741112024645,1022.1089
1741112024685,1022.11804
1741112024706,1022.13074
1741112024746,1022.14526
1741112024790,1022.17786
1741112024806,1022.25696
1741112024848,1022.2412
1741112024886,1022.24066
1741112024905,1022.28644
1741112024947,1022.30634
1741112024986,1022.27795
1741112025007,1022.2428
1741112025048,1022.22046
1741112025085,1022.1896
1741112025105,1022.17
1741112025145,1022.16345
1741112025189,1022.15704
1741112025205,1022.17896
1741112025245,1022.16675
1741112025289,1022.16565
1741112025306,1022.16376
1741112025345,1022.12805
1741112025388,1022.1081
1741112025404,1022.0991
1741112025445,1022.1007
1741112025487,1022.1197
1741112025506,1022.1215
1741112025545,1022.12695
1741112025585,1022.2146
1741112025605,1022.22473
1741112025644,1022.3019
1741112025692,1022.3584
1741112025705,1022.31506
1741112025746,1022.2728
1741112025785,1022.2376
1741112025809,1022.2152
1741112025845,1022.19806
1741112025888,1022.18243
1741112025907,1022.1682
1741112025947,1022.16296
1741112025985,1022.163
1741112026005,1022.15265
1741112026045,1022.1626
1741112026085,1022.1249
1741112026106,1022.10785
1741112026156,1022.118
1741112026185,1022.1255
1741112026205,1022.1117
1741112026245,1022.1206
1741112026285,1022.1234
1741112026304,1022.135
1741112026344,1022.21814
1741112026384,1022.2207
1741112026404,1022.2663
1741112026444,1022.31244
1741112026483,1022.29114
1741112026505,1022.25867
1741112026545,1022.2379
1741112026585,1022.22107
1741112026607,1022.20447
1741112026646,1022.17786
1741112026684,1022.1687
1741112026705,1022.161
1741112026744,1022.1628
1741112026786,1022.1721
1741112026805,1022.16974
1741112026845,1022.10815
1741112026885,1022.08606
1741112026905,1022.12744
1741112026945,1022.1227
1741112026985,1022.1157
1741112027007,1022.1438
1741112027045,1022.1554
1741112027085,1022.15894
1741112027104,1022.1912
1741112027147,1022.20605
1741112027189,1022.262
1741112027204,1022.3338
1741112027243,1022.31055
1741112027284,1022.27405
1741112027307,1022.2285
1741112027355,1022.20544
1741112027385,1022.1882
1741112027404,1022.1753
1741112027444,1022.1718
1741112027488,1022.1641
1741112027506,1022.1682
1741112027544,1022.17163
1741112027585,1022.1671
1741112027606,1022.12445
1741112027645,1022.1309
1741112027688,1022.12494
1741112027710,1022.11566
1741112027746,1022.116
1741112027785,1022.1397
1741112027813,1022.1355
1741112027844,1022.141
1741112027885,1022.195
1741112027904,1022.2259
1741112027945,1022.3162
1741112027984,1022.3988
1741112028003,1022.3538
1741112028044,1022.30896
1741112028085,1022.2543
1741112028103,1022.2342
1741112028146,1022.20184
1741112028184,1022.19226
1741112028206,1022.1628
1741112028243,1022.1722
1741112028282,1022.1696
1741112028304,1022.1647
1741112028346,1022.15784
1741112028384,1022.11597
1741112028406,1022.1138
1741112028446,1022.10126
1741112028482,1022.1237
1741112028504,1022.1188
1741112028543,1022.12775
1741112028584,1022.1382
1741112028604,1022.1412
1741112028651,1022.2088
1741112028683,1022.22943
1741112028705,1022.34186
1741112028743,1022.41895
1741112028783,1022.36816
1741112028807,1022.30817
1741112028843,1022.25464
1741112028884,1022.2328
1741112028903,1022.20795
1741112028945,1022.1907
1741112028983,1022.1756
1741112029003,1022.1604
1741112029044,1022.1578
1741112029110,1022.1675
1741112029110,1022.193
1741112029146,1022.1316
1741112029183,1022.1035
1741112029205,1022.1006
1741112029248,1022.1113
1741112029284,1022.11255
1741112029304,1022.1369
1741112029343,1022.16064
1741112029383,1022.1489
1741112029404,1022.171
1741112029453,1022.2161
1741112029488,1022.2551
1741112029502,1022.3959
1741112029545,1022.39905
1741112029584,1022.3416
1741112029603,1022.28406
1741112029643,1022.2422
1741112029687,1022.22253
1741112029705,1022.1966
1741112029744,1022.1887
1741112029796,1022.1774
1741112029803,1022.1744
1741112029845,1022.1644
1741112029889,1022.17236
1741112029902,1022.192
1741112029943,1022.1347
1741112029985,1022.1348
1741112030009,1022.1174
1741112030043,1022.13025
1741112030082,1022.12805
1741112030103,1022.1471
1741112030151,1022.14984
1741112030183,1022.15125
1741112030204,1022.19806
1741112030243,1022.21576
1741112030285,1022.23785
1741112030302,1022.299
1741112030354,1022.2777
1741112030383,1022.2468
1741112030403,1022.22675
1741112030443,1022.2008
1741112030484,1022.1806
1741112030503,1022.15875
1741112030542,1022.1618
1741112030583,1022.14764
1741112030602,1022.1564
1741112030644,1022.1476
1741112030682,1022.1721
1741112030704,1022.1316
1741112030742,1022.12415
1741112030786,1022.1182
1741112030801,1022.1289
1741112030844,1022.11707
1741112030885,1022.11346
1741112030902,1022.11804
1741112030943,1022.13214
1741112030982,1022.1681
1741112031003,1022.19855
1741112031043,1022.2649
1741112031088,1022.30493
1741112031103,1022.2857
1741112031142,1022.25726
1741112031182,1022.21643
1741112031203,1022.19257
1741112031242,1022.1732
1741112031283,1022.1735
1741112031303,1022.1743
1741112031344,1022.15686
1741112031383,1022.15344
1741112031403,1022.1362
1741112031443,1022.1685
1741112031485,1022.1366
1741112031502,1022.10406
1741112031544,1022.0891
1741112031582,1022.0967
1741112031619,1022.1006
1741112031641,1022.13806
1741112031684,1022.1557
1741112031702,1022.1552
1741112031742,1022.1638
1741112031782,1022.19666
1741112031802,1022.2047
1741112031842,1022.25903
1741112031881,1022.25024
1741112031904,1022.2168
1741112031942,1022.2121
1741112031982,1022.1963
1741112032004,1022.169
1741112032043,1022.1659
1741112032082,1022.1759
1741112032102,1022.15845
1741112032142,1022.1543
1741112032193,1022.14526
1741112032203,1022.17786
1741112032242,1022.133
1741112032285,1022.11993
1741112032304,1022.123
1741112032342,1022.1484
1741112032386,1022.1394
1741112032403,1022.1408
1741112032443,1022.13715
1741112032481,1022.13617
1741112032501,1022.1681
1741112032542,1022.218
1741112032584,1022.219
1741112032600,1022.2144
1741112032644,1022.20215
1741112032680,1022.1851
1741112032701,1022.17316
1741112032740,1022.1679
1741112032782,1022.1614
1741112032804,1022.1587
1741112032862,1022.16327
1741112032881,1022.1362
1741112032901,1022.13916
1741112032943,1022.1404
1741112032982,1022.118
1741112033003,1022.1079
1741112033042,1022.0962
1741112033083,1022.0983
1741112033102,1022.1052
1741112033141,1022.1301
1741112033183,1022.1369
1741112033221,1022.15063
1741112033240,1022.1681
1741112033282,1022.1967
1741112033321,1022.2286
1741112033348,1022.2574
1741112033381,1022.2477
1741112033423,1022.21185
1741112033443,1022.18933
1741112033481,1022.17084
1741112033526,1022.15155
1741112033542,1022.14526
1741112033588,1022.1467
1741112033622,1022.1292
1741112033642,1022.1389
1741112033681,1022.13696
1741112033723,1022.1717
1741112033746,1022.1347
1741112033792,1022.1002
1741112033821,1022.08356
1741112033841,1022.0952
1741112033885,1022.0892
1741112033923,1022.11755
1741112033942,1022.13837
1741112033981,1022.1447
1741112034021,1022.16614
1741112034041,1022.1926
1741112034106,1022.2123
1741112034119,1022.3287
1741112034142,1022.3303
1741112034182,1022.2806
1741112034227,1022.2404
1741112034241,1022.2102
1741112034288,1022.18005
1741112034321,1022.16376
1741112034339,1022.16046
1741112034386,1022.136
1741112034421,1022.15015
1741112034448,1022.1445
1741112034481,1022.1604
1741112034522,1022.1263
1741112034543,1022.09546
1741112034582,1022.088
1741112034621,1022.1035
1741112034642,1022.1049
1741112034682,1022.12067
1741112034719,1022.13904
1741112034739,1022.13995
1741112034784,1022.15216
1741112034820,1022.1654
1741112034839,1022.20764
1741112034878,1022.26587
1741112034919,1022.25586
1741112034939,1022.2367
1741112034979,1022.20715
1741112035019,1022.17645
1741112035039,1022.15906
1741112035087,1022.1485
1741112035120,1022.1561
1741112035140,1022.1146
1741112035179,1022.1012
1741112035219,1022.1064
1741112035239,1022.1284
1741112035280,1022.0839
1741112035320,1022.0902
1741112035339,1022.08044
1741112035380,1022.07916
1741112035420,1022.0822
1741112035441,1022.12463
1741112035479,1022.13873
1741112035526,1022.14417
1741112035540,1022.1488
1741112035579,1022.1773
1741112035618,1022.2144
1741112035639,1022.2242
1741112035679,1022.2051
1741112035720,1022.18445
1741112035738,1022.1598
1741112035778,1022.1443
1741112035819,1022.1392
1741112035838,1022.13696
1741112035880,1022.1416
1741112035918,1022.12024
1741112035939,1022.13153
1741112035979,1022.13763
1741112036019,1022.16785
1741112036038,1022.1287
1741112036078,1022.09863
1741112036119,1022.0824
1741112036138,1022.0824
1741112036183,1022.0813
1741112036218,1022.1105
1741112036238,1022.1237
1741112036278,1022.12866
1741112036318,1022.1288
1741112036339,1022.1721
1741112036379,1022.1975
1741112036418,1022.2797
1741112036439,1022.298
1741112036478,1022.2439
1741112036518,1022.20605
1741112036538,1022.1724
1741112036580,1022.1455
1741112036619,1022.1214
1741112036638,1022.11084
1741112036681,1022.1046
1741112036719,1022.0859
1741112036738,1022.06946
1741112036780,1022.10596
1741112036819,1022.1013
1741112036838,1022.067
1741112036880,1022.0963
1741112036919,1022.1022
1741112036938,1022.09155
1741112036978,1022.0844
1741112037018,1022.0922
1741112037039,1022.11664
1741112037080,1022.1262
1741112037119,1022.1555
1741112037138,1022.1658
1741112037179,1022.19653
1741112037218,1022.1781
1741112037238,1022.14624
1741112037279,1022.14307
1741112037324,1022.11224
1741112037341,1022.09875
1741112037378,1022.096
1741112037417,1022.1008
1741112037438,1022.09607
1741112037478,1022.11066
1741112037517,1022.0878
1741112037539,1022.0968
1741112037578,1022.12524
1741112037619,1022.12976
1741112037640,1022.1094
1741112037679,1022.0959
1741112037717,1022.0875
1741112037737,1022.09863
1741112037778,1022.1203
1741112037818,1022.13055
1741112037838,1022.1222
1741112037878,1022.14404
1741112037918,1022.1941
1741112037937,1022.22815
1741112037980,1022.28564
1741112038018,1022.27856
1741112038037,1022.2394
1741112038077,1022.2006
1741112038117,1022.1782
1741112038138,1022.1559
1741112038178,1022.14734
1741112038217,1022.1514
1741112038238,1022.12854
1741112038278,1022.1196
1741112038318,1022.1293
1741112038338,1022.1438
1741112038377,1022.1487
1741112038417,1022.0901
1741112038437,1022.07715
1741112038478,1022.1056
1741112038520,1022.12976
1741112038543,1022.1248
1741112038577,1022.1372
1741112038617,1022.1398
1741112038637,1022.1326
1741112038677,1022.1649
1741112038717,1022.185
1741112038737,1022.2506
1741112038777,1022.34125
1741112038817,1022.35645
1741112038837,1022.3043
1741112038877,1022.25
1741112038917,1022.21484
1741112038939,1022.1947
1741112038981,1022.1692
1741112039018,1022.1601
1741112039040,1022.13324
1741112039077,1022.1366
1741112039116,1022.1216
1741112039138,1022.1411
1741112039177,1022.1057
1741112039218,1022.09564
1741112039236,1022.092
1741112039277,1022.0932
1741112039318,1022.0895
1741112039338,1022.1214
1741112039382,1022.1315
1741112039419,1022.1355
1741112039437,1022.15564
1741112039477,1022.19604
1741112039517,1022.2008
1741112039537,1022.2294
1741112039577,1022.23694
1741112039617,1022.20624
1741112039637,1022.17664
1741112039676,1022.15564
1741112039716,1022.1374
1741112039736,1022.13464
1741112039779,1022.1359
1741112039816,1022.1316
1741112039836,1022.1358
1741112039877,1022.1327
1741112039917,1022.13684
1741112039938,1022.09515
1741112039976,1022.0792
1741112040016,1022.09644
1741112040037,1022.1184
1741112040076,1022.1045
1741112040116,1022.09784
1741112040136,1022.12006
1741112040176,1022.1334
1741112040217,1022.20465
1741112040236,1022.2453
1741112040276,1022.23914
1741112040317,1022.31506
1741112040336,1022.28394
1741112040376,1022.2375
1741112040416,1022.2049
1741112040436,1022.1791
1741112040476,1022.156
1741112040516,1022.14624
1741112040536,1022.1575
1741112040576,1022.1215
1741112040616,1022.11237
1741112040636,1022.0868
1741112040677,1022.1171
1741112040716,1022.1414
1741112040739,1022.08594
1741112040775,1022.07495
1741112040816,1022.06866
1741112040836,1022.0797
1741112040877,1022.12616
1741112040916,1022.13336
1741112040936,1022.11005
1741112040975,1022.192
1741112041016,1022.2035
1741112041036,1022.19653
1741112041077,1022.2326
1741112041116,1022.2389
1741112041137,1022.21893
1741112041175,1022.1892
1741112041226,1022.17065
1741112041243,1022.1463
1741112041275,1022.1463
1741112041315,1022.14624
1741112041335,1022.15924
1741112041375,1022.1603
1741112041416,1022.15186
1741112041437,1022.1477
1741112041477,1022.1256
1741112041515,1022.13025
1741112041535,1022.1229
1741112041575,1022.11755
1741112041616,1022.1033
1741112041635,1022.11884
1741112041676,1022.1301
1741112041717,1022.10693
1741112041736,1022.1818
1741112041777,1022.21344
1741112041817,1022.3259
1741112041836,1022.3832
1741112041875,1022.36237
1741112041915,1022.30695
1741112041936,1022.26575
1741112041975,1022.2345
1741112042016,1022.2096
1741112042035,1022.19434
1741112042075,1022.17395
1741112042116,1022.1526
1741112042137,1022.16504
1741112042184,1022.1634
1741112042215,1022.1861
1741112042235,1022.1319
1741112042275,1022.1318
1741112042316,1022.1186
1741112042336,1022.1084
1741112042376,1022.10876
1741112042415,1022.13354
1741112042445,1022.137
1741112042477,1022.2002
1741112042517,1022.22235
1741112042536,1022.24744
1741112042575,1022.327
1741112042616,1022.2924
1741112042634,1022.25543
1741112042675,1022.20544
1741112042714,1022.1916
1741112042736,1022.16486
1741112042775,1022.1631
1741112042815,1022.1614
1741112042834,1022.1646
1741112042874,1022.18604
1741112042915,1022.1721
1741112042934,1022.17926
1741112042975,1022.14233
1741112043015,1022.11707
1741112043036,1022.12244
1741112043075,1022.1373
1741112043114,1022.1209
1741112043134,1022.11786
1741112043174,1022.1358
1741112043214,1022.1339
1741112043235,1022.16943
1741112043275,1022.24097
1741112043315,1022.2676
1741112043335,1022.38513
1741112043374,1022.368
1741112043414,1022.3084
1741112043435,1022.26324
1741112043474,1022.2214
1741112043515,1022.1981
1741112043536,1022.18585
1741112043575,1022.1919
1741112043624,1022.1834
1741112043640,1022.2036
1741112043676,1022.20447
1741112043714,1022.2053
1741112043736,1022.227
1741112043778,1022.17065
1741112043817,1022.1509
1741112043836,1022.14594
1741112043877,1022.14825
1741112043915,1022.1455
1741112043936,1022.1532
1741112043979,1022.1394
1741112044016,1022.14954
1741112044043,1022.20856
1741112044075,1022.22473
1741112044121,1022.3285
1741112044134,1022.36633
1741112044176,1022.3268
1741112044215,1022.2924
1741112044234,1022.25085
1741112044275,1022.2235
1741112044315,1022.2152
1741112044337,1022.21173
1741112044375,1022.1854
1741112044419,1022.1747
1741112044437,1022.16016
1741112044475,1022.1765
1741112044514,1022.1906
1741112044539,1022.1474
1741112044578,1022.13776
1741112044615,1022.13086
1741112044637,1022.12854
1741112044674,1022.12964
1741112044718,1022.1386
1741112044735,1022.13715
1741112044774,1022.16986
1741112044821,1022.19037
1741112044841,1022.21893
1741112044875,1022.3079
1741112044921,1022.3158
1741112044935,1022.2612
1741112044975,1022.2308
1741112045014,1022.1887
1741112045035,1022.16235
1741112045076,1022.16125
1741112045122,1022.14746
1741112045139,1022.13165
1741112045178,1022.11707
1741112045217,1022.12537
1741112045237,1022.16626
1741112045277,1022.1612
1741112045322,1022.11487
1741112045334,1022.10596
1741112045375,1022.114
1741112045413,1022.13257
1741112045434,1022.15674
1741112045482,1022.1476
1741112045514,1022.1191
1741112045535,1022.17645
1741112045574,1022.1851
1741112045615,1022.20984
1741112045635,1022.27057
1741112045683,1022.266
1741112045714,1022.2366
1741112045735,1022.218
1741112045787,1022.19086
1741112045815,1022.16833
1741112045834,1022.1728
1741112045873,1022.15356
1741112045915,1022.15173
1741112045934,1022.1432
1741112045974,1022.15186
1741112046017,1022.1955
1741112046035,1022.1856
1741112046073,1022.1577
1741112046115,1022.14233
1741112046134,1022.1595
1741112046174,1022.15894
1741112046215,1022.1659
1741112046238,1022.14594
1741112046277,1022.1216
1741112046315,1022.1642
1741112046334,1022.2037
1741112046374,1022.2149
1741112046421,1022.2394
1741112046434,1022.2376
1741112046473,1022.2279
1741112046514,1022.1959
1741112046533,1022.1776
1741112046578,1022.18396
1741112046613,1022.1732
1741112046634,1022.1349
1741112046676,1022.1299
1741112046716,1022.14264
1741112046734,1022.1446
1741112046774,1022.15906
1741112046812,1022.11774
1741112046836,1022.12415
1741112046877,1022.12415
1741112046913,1022.155
1741112046934,1022.1545
1741112046973,1022.1611
1741112047014,1022.14606
1741112047034,1022.11035
1741112047072,1022.1799
1741112047113,1022.2002
1741112047135,1022.27814
1741112047173,1022.3544
1741112047212,1022.34106
1741112047236,1022.3003
1741112047278,1022.24567
1741112047313,1022.20557
1741112047337,1022.19196
1741112047378,1022.1722
1741112047417,1022.1472
1741112047433,1022.1741
1741112047473,1022.15186
1741112047517,1022.157
1741112047532,1022.13916
1741112047582,1022.09216
1741112047613,1022.09973
1741112047634,1022.1114
1741112047675,1022.1345
1741112047721,1022.13275
1741112047732,1022.13367
1741112047773,1022.1346
1741112047814,1022.15027
1741112047833,1022.2012
1741112047874,1022.2129
1741112047913,1022.2433
1741112047933,1022.2749
1741112047972,1022.2562
1741112048013,1022.2268
1741112048034,1022.20557
1741112048073,1022.194
1741112048115,1022.1878
1741112048132,1022.17017
1741112048173,1022.1491
1741112048213,1022.161
1741112048233,1022.1444
1741112048279,1022.1494
1741112048312,1022.13574
1741112048332,1022.12964
1741112048376,1022.1508
1741112048414,1022.1557
1741112048436,1022.1543
1741112048486,1022.1523
1741112048516,1022.1576
1741112048532,1022.1587
1741112048573,1022.18445
1741112048612,1022.23254
1741112048635,1022.24695
1741112048674,1022.28845
1741112048711,1022.2925
1741112048734,1022.2532
1741112048772,1022.2233
1741112048813,1022.20435
1741112048834,1022.18823
1741112048889,1022.17664
1741112048912,1022.1627
1741112048933,1022.16644
1741112048982,1022.17725
1741112049015,1022.1711
1741112049032,1022.1939
1741112049077,1022.146
1741112049113,1022.13354
1741112049133,1022.1543
1741112049173,1022.147
1741112049212,1022.14734
1741112049233,1022.1544
1741112049272,1022.1518
1741112049319,1022.1498
1741112049332,1022.16394
1741112049373,1022.20996
1741112049414,1022.2339
1741112049434,1022.2692
1741112049471,1022.2725
1741112049523,1022.2513
1741112049532,1022.21674
1741112049573,1022.18823
1741112049621,1022.1758
1741112049632,1022.17175
1741112049673,1022.17004
1741112049713,1022.15515
1741112049742,1022.1443
1741112049774,1022.1395
1741112049811,1022.1433
1741112049832,1022.1455
1741112049874,1022.1129
1741112049918,1022.1079
1741112049932,1022.11804
1741112049974,1022.1265
1741112050014,1022.11896
1741112050033,1022.1214
1741112050073,1022.12476
1741112050112,1022.12164
1741112050143,1022.1788
1741112050171,1022.2033
1741112050212,1022.2278
1741112050245,1022.25214
1741112050272,1022.2348
1741112050311,1022.1979
1741112050333,1022.17334
1741112050383,1022.15967
1741112050412,1022.157
1741112050434,1022.15356
1741112050477,1022.1356
1741112050512,1022.1545
1741112050536,1022.1272
1741112050572,1022.13684
1741112050613,1022.1195
1741112050632,1022.08295
1741112050671,1022.11584
1741112050710,1022.12787
1741112050733,1022.1348
1741112050775,1022.1255
1741112050814,1022.1216
1741112050832,1022.14014
1741112050871,1022.13196
1741112050922,1022.1925
1741112050930,1022.2246
1741112050972,1022.30194
1741112051012,1022.3408
1741112051031,1022.3075
1741112051071,1022.2666
1741112051112,1022.2396
1741112051131,1022.21094
1741112051172,1022.1991
1741112051211,1022.19214
1741112051234,1022.1732
1741112051273,1022.1655
1741112051312,1022.16223
1741112051331,1022.17566
1741112051371,1022.1912
1741112051423,1022.17194
1741112051433,1022.13617
1741112051477,1022.1465
1741112051511,1022.15607
1741112051533,1022.1461
1741112051583,1022.11633
1741112051611,1022.1133
1741112051633,1022.1615
1741112051682,1022.18994
1741112051712,1022.2557
1741112051732,1022.3043
1741112051771,1022.308
1741112051811,1022.27795
1741112051831,1022.235
1741112051869,1022.2024
1741112051911,1022.1828
1741112051932,1022.17725
1741112051984,1022.1597
1741112052011,1022.1452
1741112052032,1022.1334
1741112052079,1022.1298
1741112052110,1022.1223
1741112052131,1022.1249
1741112052171,1022.15515
1741112052212,1022.149
1741112052232,1022.144
1741112052276,1022.12714
1741112052311,1022.1258
1741112052331,1022.1175
1741112052371,1022.11743
1741112052413,1022.1807
1741112052431,1022.16504
1741112052471,1022.20605
1741112052510,1022.25104
1741112052531,1022.2432
1741112052571,1022.2222
1741112052611,1022.1907
1741112052634,1022.179
1741112052670,1022.1729
1741112052710,1022.157
1741112052731,1022.1362
1741112052772,1022.1501
1741112052810,1022.1271
1741112052830,1022.1412
1741112052875,1022.12146
1741112052912,1022.1171
1741112052935,1022.13794
1741112052972,1022.14417
1741112053011,1022.1394
1741112053043,1022.1186
1741112053076,1022.1298
1741112053111,1022.1207
1741112053129,1022.1266
1741112053170,1022.1824
1741112053211,1022.2142
1741112053230,1022.28015
1741112053271,1022.29895
1741112053310,1022.2615
1741112053332,1022.21954
1741112053369,1022.20105
1741112053412,1022.1884
1741112053429,1022.18353
1741112053471,1022.1813
1741112053511,1022.16833
1741112053531,1022.16644
1741112053569,1022.1327
1741112053612,1022.1428
1741112053631,1022.12415
1741112053670,1022.1052
1741112053711,1022.12085
1741112053729,1022.1151
1741112053773,1022.1106
1741112053811,1022.10925
1741112053829,1022.1243
1741112053883,1022.1113
1741112053909,1022.13245
1741112053930,1022.1915
1741112053977,1022.18164
1741112054009,1022.2182
1741112054031,1022.2428
1741112054069,1022.21545
1741112054113,1022.1966
1741112054134,1022.16693
1741112054169,1022.1531
1741112054209,1022.15247
1741112054230,1022.15753
1741112054270,1022.14417
1741112054311,1022.1527
1741112054332,1022.1547
1741112054371,1022.16223
1741112054410,1022.1559
1741112054440,1022.13794
1741112054469,1022.1246
1741112054512,1022.1304
1741112054529,1022.12604
1741112054571,1022.1216
1741112054609,1022.1387
1741112054631,1022.1297
1741112054669,1022.12286
1741112054709,1022.2064
1741112054731,1022.17755
1741112054787,1022.2236
1741112054808,1022.2682
1741112054829,1022.2532
1741112054873,1022.22406
1741112054911,1022.1951
1741112054929,1022.1803
1741112054968,1022.1696
1741112055012,1022.1698
1741112055035,1022.14087
1741112055069,1022.1677
1741112055111,1022.16547
1741112055151,1022.1909
1741112055192,1022.16406
1741112055208,1022.11597
1741112055230,1022.09894
1741112055268,1022.11084
1741112055309,1022.1037
1741112055355,1022.1126
1741112055368,1022.1337
1741112055411,1022.1416
1741112055448,1022.1534
1741112055469,1022.194
1741112055509,1022.1951
1741112055529,1022.23755
1741112055569,1022.2699
1741112055611,1022.2392
1741112055648,1022.224
1741112055671,1022.20325
1741112055708,1022.18176
1741112055761,1022.1753
1741112055768,1022.1737
1741112055809,1022.17664
1741112055848,1022.16626
1741112055875,1022.16833
1741112055908,1022.1914
1741112055956,1022.199
1741112055968,1022.15424
1741112056016,1022.12146
1741112056055,1022.1256
1741112056068,1022.1378
1741112056108,1022.15576
1741112056149,1022.16113
1741112056168,1022.13257
1741112056214,1022.18
1741112056248,1022.18134
1741112056270,1022.189
1741112056313,1022.2467
1741112056349,1022.25183
1741112056383,1022.2407
1741112056409,1022.2189
1741112056457,1022.19507
1741112056468,1022.18933
1741112056508,1022.20386
1741112056555,1022.1924
1741112056568,1022.18506
1741112056611,1022.1806
1741112056648,1022.18335
1741112056668,1022.18616
1741112056708,1022.138
1741112056748,1022.1204
1741112056770,1022.11523
1741112056811,1022.11365
1741112056849,1022.1343
1741112056867,1022.15894
1741112056907,1022.13025
1741112056949,1022.1833
1741112056969,1022.2084
1741112057016,1022.22003
1741112057049,1022.3065
1741112057067,1022.2898
1741112057109,1022.255
1741112057148,1022.2167
1741112057173,1022.19763
1741112057209,1022.2042
1741112057247,1022.1983
1741112057267,1022.16675
1741112057309,1022.17664
1741112057355,1022.18396
1741112057367,1022.18
1741112057409,1022.1588
1741112057448,1022.13666
1741112057468,1022.1238
1741112057508,1022.11896
1741112057549,1022.1144
1741112057569,1022.13544
1741112057607,1022.142
1741112057648,1022.13965
1741112057675,1022.2175
1741112057711,1022.20496
1741112057749,1022.2419
1741112057769,1022.2706
1741112057809,1022.2602
1741112057847,1022.24
1741112057867,1022.22345
1741112057912,1022.19904
1741112057953,1022.1867
1741112057968,1022.17456
1741112058022,1022.1692
1741112058047,1022.17126
1741112058067,1022.1682
1741112058108,1022.15356
1741112058153,1022.13257
1741112058168,1022.1397
1741112058206,1022.1476
1741112058258,1022.1403
1741112058267,1022.13934
1741112058308,1022.1553
1741112058346,1022.1653
1741112058366,1022.20325
1741112058408,1022.218
1741112058452,1022.2306
1741112058479,1022.3019
1741112058508,1022.2973
1741112058548,1022.2746
1741112058569,1022.2314
1741112058606,1022.2036
1741112058647,1022.18506
1741112058670,1022.17786
1741112058708,1022.1649
1741112058759,1022.1545
1741112058766,1022.16296
1741112058808,1022.16547
1741112058846,1022.17535
1741112058866,1022.1794
1741112058906,1022.1467
1741112058948,1022.1233
1741112058968,1022.11053
1741112059007,1022.1049
1741112059051,1022.11584
1741112059066,1022.137
1741112059108,1022.14545
1741112059148,1022.1903
1741112059166,1022.18536
1741112059208,1022.1884
1741112059247,1022.2237
1741112059266,1022.23035
1741112059312,1022.21136
1741112059353,1022.1971
1741112059366,1022.184
1741112059407,1022.1737
1741112059446,1022.1721
1741112059472,1022.1643
1741112059507,1022.1586
1741112059549,1022.1641
1741112059568,1022.1643
1741112059608,1022.1662
1741112059653,1022.1643
1741112059665,1022.1322
1741112059707,1022.1304
1741112059746,1022.1241
1741112059766,1022.1163
1741112059807,1022.1134
1741112059845,1022.12805
1741112059867,1022.12537
1741112059906,1022.14703
1741112059946,1022.1836
1741112059967,1022.22015
1741112060006,1022.2853
1741112060046,1022.3147
1741112060065,1022.28735
1741112060107,1022.2534
1741112060147,1022.2176
1741112060184,1022.1994
1741112060207,1022.19214
1741112060249,1022.1885
1741112060268,1022.1739
1741112060309,1022.1765
1741112060349,1022.17706
1741112060365,1022.18
1741112060406,1022.1858
1741112060451,1022.1544
1741112060469,1022.13403
1741112060509,1022.11633
1741112060552,1022.0935
1741112060568,1022.1273
1741112060608,1022.1375
1741112060645,1022.1478
1741112060666,1022.15894
1741112060706,1022.1926
1741112060748,1022.1843
1741112060768,1022.1875
1741112060807,1022.1881
1741112060850,1022.18994
1741112060865,1022.18774
1741112060906,1022.17676
1741112060949,1022.1571
1741112060966,1022.1563
1741112061006,1022.1853
1741112061046,1022.1796
1741112061070,1022.15466
1741112061105,1022.16486
1741112061145,1022.195
1741112061166,1022.1907
1741112061206,1022.1435
1741112061245,1022.1315
1741112061265,1022.1231
1741112061308,1022.11597
1741112061348,1022.12634
1741112061365,1022.1371
1741112061405,1022.1398
1741112061444,1022.1547
1741112061465,1022.19617
1741112061506,1022.1818
1741112061546,1022.1826
1741112061565,1022.20483
1741112061606,1022.21674
1741112061646,1022.2174
1741112061667,1022.19995
1741112061705,1022.1777
1741112061754,1022.16187
1741112061765,1022.1737
1741112061804,1022.1596
1741112061844,1022.1693
1741112061866,1022.1651
1741112061904,1022.16455
1741112061946,1022.1836
1741112061967,1022.15564
1741112062004,1022.11206
1741112062045,1022.11694
1741112062065,1022.1165
1741112062104,1022.1302
1741112062145,1022.1289
1741112062165,1022.1358
1741112062205,1022.1362
1741112062249,1022.21606
1741112062266,1022.18976
1741112062304,1022.19073
1741112062348,1022.2087
1741112062364,1022.2283
1741112062407,1022.213
1741112062446,1022.18665
1741112062466,1022.1767
1741112062505,1022.17346
1741112062544,1022.17163
1741112062564,1022.1547
1741112062605,1022.1521
1741112062646,1022.1663
1741112062665,1022.1706
1741112062705,1022.17444
1741112062747,1022.14484
1741112062764,1022.1278
1741112062806,1022.12756
1741112062845,1022.127
1741112062865,1022.11334
1741112062904,1022.12366
1741112062944,1022.13635
1741112062965,1022.1318
1741112063005,1022.20264
1741112063044,1022.18256
1741112063066,1022.2005
1741112063104,1022.2235
1741112063146,1022.2175
1741112063165,1022.21954
1741112063205,1022.19775
1741112063258,1022.17633
1741112063264,1022.17285
1741112063307,1022.1697
1741112063349,1022.14923
1741112063364,1022.1685
1741112063413,1022.1697
1741112063445,1022.1703
1741112063465,1022.17755
1741112063504,1022.13226
1741112063544,1022.11053
1741112063574,1022.1161
1741112063604,1022.1241
1741112063644,1022.13135
1741112063664,1022.1361
1741112063706,1022.1291
1741112063744,1022.14154
1741112063763,1022.16895
1741112063804,1022.17773
1741112063844,1022.2537
1741112063864,1022.2785
1741112063904,1022.2597
1741112063945,1022.2461
1741112063976,1022.2077
1741112064004,1022.1743
1741112064044,1022.1796
1741112064065,1022.17084
1741112064107,1022.16144
1741112064149,1022.17413
1741112064164,1022.1742
1741112064205,1022.18787
1741112064243,1022.1547
1741112064265,1022.1035
1741112064307,1022.0906
1741112064344,1022.10114
1741112064365,1022.09875
1741112064403,1022.1212
1741112064444,1022.11743
1741112064463,1022.1047
1741112064505,1022.1614
1741112064543,1022.14624
1741112064564,1022.18713
1741112064605,1022.22595
1741112064644,1022.2224
1741112064664,1022.2175
1741112064704,1022.2089
1741112064752,1022.19165
1741112064762,1022.18506
1741112064805,1022.1837
1741112064844,1022.16
1741112064863,1022.1578
1741112064909,1022.14923
1741112064943,1022.15173
1741112064963,1022.17896
1741112065004,1022.1384
1741112065044,1022.10535
1741112065065,1022.10144
1741112065106,1022.11536
1741112065144,1022.12024
1741112065182,1022.1269
1741112065202,1022.1287
1741112065244,1022.114
1741112065266,1022.15967
1741112065306,1022.1638
1741112065344,1022.20264
1741112065364,1022.271
1741112065403,1022.28674
1741112065443,1022.27496
1741112065465,1022.23773
1741112065502,1022.2167
1741112065544,1022.2131
1741112065563,1022.20074
1741112065603,1022.1761
1741112065643,1022.1931
1741112065671,1022.17194
1741112065704,1022.18176
1741112065750,1022.1949
1741112065763,1022.1305
1741112065803,1022.1207
1741112065844,1022.104
1741112065863,1022.09564
1741112065908,1022.10547
1741112065943,1022.1266
1741112065965,1022.12067
1741112066010,1022.164
1741112066044,1022.19574
1741112066067,1022.1759
1741112066103,1022.2118
1741112066164,1022.23315
1741112066165,1022.2152
1741112066202,1022.19415
1741112066242,1022.17255
1741112066264,1022.16626
1741112066303,1022.16016
1741112066342,1022.15125
1741112066363,1022.1471
1741112066402,1022.1561
1741112066443,1022.1575
1741112066462,1022.1668
1741112066503,1022.1338
1741112066543,1022.1067
1741112066562,1022.10645
1741112066602,1022.09705
1741112066643,1022.10657
1741112066662,1022.1264
1741112066702,1022.13605
1741112066741,1022.13635
1741112066761,1022.20514
1741112066803,1022.2037
1741112066848,1022.2112
1741112066862,1022.2391
1741112066903,1022.2236
1741112066942,1022.202
1741112066964,1022.1786
1741112067003,1022.1696
1741112067045,1022.1743
1741112067063,1022.1749
1741112067105,1022.14166
1741112067145,1022.15076
1741112067166,1022.1374
1741112067203,1022.1504
1741112067243,1022.1419
1741112067268,1022.1103
1741112067303,1022.0927
1741112067343,1022.0705
1741112067363,1022.05725
1741112067402,1022.0836
1741112067452,1022.1182
1741112067462,1022.13605
1741112067503,1022.21466
1741112067542,1022.2109
1741112067562,1022.21875
1741112067602,1022.2371
1741112067660,1022.2161
1741112067663,1022.19324
1741112067704,1022.1833
1741112067743,1022.16437
1741112067763,1022.16614
1741112067802,1022.173
1741112067847,1022.1448
1741112067863,1022.1592
1741112067916,1022.1579
1741112067941,1022.16724
1741112067962,1022.15076
1741112068002,1022.0813
1741112068042,1022.08154
1741112068063,1022.0969
1741112068102,1022.1015
1741112068141,1022.1144
1741112068162,1022.1176
1741112068207,1022.1205
1741112068242,1022.17676
1741112068264,1022.1968
1741112068302,1022.2393
1741112068343,1022.2826
1741112068362,1022.2706
1741112068411,1022.2276
1741112068443,1022.20306
1741112068462,1022.1813
1741112068512,1022.16296
1741112068541,1022.1742
1741112068562,1022.1604
1741112068603,1022.1648
1741112068642,1022.16516
1741112068661,1022.1892
1741112068705,1022.1769
1741112068740,1022.121
1741112068762,1022.1044
1741112068800,1022.10205
1741112068842,1022.1123
1741112068866,1022.11975
1741112068903,1022.1368
1741112068942,1022.1428
1741112068962,1022.1378
1741112069001,1022.1758
1741112069042,1022.1802
1741112069062,1022.2717
1741112069101,1022.2979
1741112069143,1022.2766
1741112069164,1022.2504
1741112069203,1022.2153
1741112069243,1022.18494
1741112069262,1022.18646
1741112069307,1022.17865
1741112069342,1022.1584
1741112069363,1022.1617
1741112069402,1022.14777
1741112069442,1022.1569
1741112069468,1022.1543
1741112069501,1022.11145
1741112069540,1022.09674
1741112069561,1022.08594
1741112069604,1022.0919
1741112069643,1022.12476
1741112069661,1022.14435
1741112069703,1022.139
1741112069746,1022.1511
1741112069762,1022.1762
1741112069803,1022.219
1741112069843,1022.28516
1741112069861,1022.28516
1741112069922,1022.2499
1741112069940,1022.22296
1741112069960,1022.2141
1741112070000,1022.19806
1741112070043,1022.19226
1741112070061,1022.1738
1741112070100,1022.17615
1741112070141,1022.182
1741112070159,1022.1791
1741112070201,1022.1969
1741112070241,1022.1846
1741112070260,1022.14886
1741112070301,1022.1392
1741112070341,1022.12604
1741112070361,1022.11346
1741112070404,1022.12836
1741112070442,1022.12726
1741112070460,1022.14703
1741112070503,1022.19
1741112070543,1022.18665
1741112070561,1022.2742
1741112070600,1022.3225
1741112070644,1022.30316
1741112070662,1022.26196
1741112070700,1022.2317
1741112070741,1022.2166
1741112070761,1022.2093
1741112070799,1022.1917
1741112070842,1022.1738
1741112070863,1022.17914
1741112070899,1022.1767
1741112070942,1022.1808
1741112070962,1022.1835
1741112071000,1022.1308
1741112071041,1022.12134
1741112071062,1022.09454
1741112071100,1022.1196
1741112071148,1022.1401
1741112071163,1022.1476
1741112071199,1022.15
1741112071239,1022.1785
1741112071259,1022.18835
1741112071301,1022.2335
1741112071341,1022.28424
1741112071359,1022.2713
1741112071403,1022.2589
1741112071439,1022.22314
1741112071461,1022.19476
1741112071501,1022.18646
1741112071542,1022.185
1741112071562,1022.17944
1741112071599,1022.1858
1741112071639,1022.1928
1741112071663,1022.19293
1741112071702,1022.1684
1741112071744,1022.1463
1741112071760,1022.1384
1741112071800,1022.1409
1741112071841,1022.12146
1741112071860,1022.1289
1741112071907,1022.13403
1741112071943,1022.14594
1741112071958,1022.2073
1741112072003,1022.1865
1741112072040,1022.2042
1741112072062,1022.2444
1741112072099,1022.2429
1741112072140,1022.2368
1741112072161,1022.2076
1741112072203,1022.1982
1741112072244,1022.2012
1741112072260,1022.1963
1741112072300,1022.1829
1741112072338,1022.1851
1741112072359,1022.1782
1741112072402,1022.19653
1741112072439,1022.1309
1741112072460,1022.1139
1741112072504,1022.1017
1741112072542,1022.08575
1741112072558,1022.10046
1741112072599,1022.1439
1741112072641,1022.16754
1741112072659,1022.213
1741112072703,1022.23926
1741112072741,1022.2235
1741112072765,1022.25195
1741112072805,1022.2352
1741112072839,1022.21155
1741112072860,1022.20404
1741112072914,1022.1888
1741112072942,1022.1775
1741112072958,1022.1797
1741112072999,1022.1759
1741112073038,1022.16284
1741112073058,1022.174
1741112073099,1022.178
1741112073140,1022.22266
1741112073159,1022.2303
1741112073202,1022.18787
1741112073239,1022.16284
1741112073259,1022.1457
1741112073298,1022.131
1741112073339,1022.1605
1741112073360,1022.14746
1741112073399,1022.16235
1741112073439,1022.2089
1741112073464,1022.19855
1741112073497,1022.2461
1741112073543,1022.2606
1741112073560,1022.2423
1741112073601,1022.21716
1741112073640,1022.1986
1741112073658,1022.1904
1741112073702,1022.2043
1741112073742,1022.1957
1741112073758,1022.17554
1741112073802,1022.1886
1741112073839,1022.1911
1741112073858,1022.20593
1741112073898,1022.1556
1741112073938,1022.11365
1741112073965,1022.1154
1741112073997,1022.1161
1741112074042,1022.1073
1741112074058,1022.151
1741112074101,1022.1656
1741112074141,1022.1684
1741112074160,1022.22614
1741112074205,1022.21094
1741112074240,1022.2378
1741112074257,1022.25586
1741112074299,1022.2575
1741112074339,1022.24756
1741112074359,1022.2146
1741112074398,1022.1997
1741112074440,1022.19775
1741112074460,1022.1954
1741112074498,1022.16626
1741112074539,1022.17975
1741112074560,1022.1864
1741112074597,1022.18896
1741112074641,1022.1949
1741112074659,1022.1395
1741112074699,1022.12866
1741112074741,1022.14087
1741112074757,1022.15295
1741112074799,1022.14514
1741112074839,1022.1644
1741112074860,1022.17804
1741112074899,1022.1885
1741112074939,1022.2399
1741112074957,1022.2136
1741112074998,1022.21265
1741112075039,1022.2174
1741112075059,1022.21545
1741112075099,1022.202
1741112075141,1022.1829
1741112075157,1022.1738
1741112075199,1022.1745
1741112075239,1022.1708
1741112075257,1022.1923
1741112075299,1022.1896
1741112075337,1022.1938
1741112075360,1022.1968
1741112075400,1022.1496
1741112075438,1022.1456
1741112075458,1022.1407
1741112075501,1022.1433
1741112075537,1022.1363
1741112075556,1022.1383
1741112075597,1022.1346
1741112075637,1022.13983
1741112075659,1022.2139
1741112075698,1022.2297
1741112075737,1022.32104
1741112075763,1022.34467
1741112075797,1022.31866
1741112075838,1022.2868
1741112075857,1022.2597
1741112075897,1022.2414
1741112075940,1022.24146
1741112075957,1022.2163
1741112075998,1022.20807
1741112076038,1022.21375
1741112076058,1022.1997
1741112076097,1022.21246
1741112076137,1022.1958
1741112076176,1022.1502
1741112076199,1022.14624
1741112076237,1022.12854
1741112076259,1022.1133
1741112076297,1022.1315
1741112076337,1022.1505
1741112076362,1022.1494
1741112076397,1022.1881
1741112076439,1022.21216
1741112076456,1022.2498
1741112076501,1022.33185
1741112076537,1022.3299
1741112076572,1022.29834
1741112076596,1022.2502
1741112076638,1022.2248
1741112076656,1022.1975
1741112076698,1022.19116
1741112076742,1022.1812
1741112076757,1022.2395
1741112076803,1022.21484
1741112076838,1022.2078
1741112076884,1022.195
1741112076899,1022.15356
1741112076944,1022.14636
1741112076977,1022.1316
1741112076996,1022.1146
1741112077036,1022.10925
1741112077078,1022.1481
1741112077099,1022.1837
1741112077136,1022.2094
1741112077177,1022.2516
1741112077196,1022.2168
1741112077236,1022.2226
1741112077283,1022.227
1741112077298,1022.2234
1741112077338,1022.21643
1741112077377,1022.1963
1741112077396,1022.17236
1741112077445,1022.1824
1741112077476,1022.178
1741112077497,1022.1795
1741112077545,1022.19525
1741112077576,1022.1975
1741112077596,1022.20056
1741112077636,1022.17786
1741112077676,1022.1471
1741112077698,1022.1392
1741112077736,1022.1224
1741112077776,1022.1276
1741112077797,1022.1556
1741112077836,1022.17456
1741112077875,1022.15784
1741112077897,1022.18695
1741112077938,1022.1872
1741112077962,1022.2363
1741112077998,1022.29694
1741112078039,1022.2894
1741112078082,1022.26843
1741112078095,1022.237
1741112078136,1022.2169
1741112078179,1022.20984
1741112078198,1022.1963
1741112078236,1022.1744
1741112078277,1022.1902
1741112078297,1022.17725
1741112078338,1022.1768
1741112078376,1022.18005
1741112078396,1022.13873
1741112078437,1022.12024
1741112078477,1022.11304
1741112078540,1022.11035
1741112078540,1022.12177
1741112078576,1022.1416
1741112078599,1022.1425
1741112078635,1022.1688
1741112078683,1022.21124
1741112078701,1022.22156
1741112078735,1022.2693
1741112078776,1022.2842
1741112078796,1022.2639
1741112078847,1022.2389
1741112078875,1022.2174
1741112078896,1022.2037
1741112078937,1022.20264
1741112078977,1022.18585
1741112078998,1022.1922
1741112079038,1022.1731
1741112079077,1022.17773
1741112079096,1022.19934
1741112079136,1022.19434
1741112079176,1022.15576
1741112079195,1022.15344
1741112079237,1022.15393
1741112079277,1022.16504
1741112079314,1022.1775
1741112079335,1022.16925
1741112079377,1022.16534
1741112079399,1022.1923
1741112079436,1022.2041
1741112079477,1022.28625
1741112079502,1022.3775
1741112079536,1022.3682
1741112079577,1022.3173
1741112079595,1022.2729
1741112079637,1022.24493
1741112079677,1022.22205
1741112079695,1022.2038
1741112079736,1022.18646
1741112079776,1022.1826
1741112079794,1022.171
1741112079841,1022.1833
1741112079875,1022.1828
1741112079894,1022.1934
1741112079936,1022.1909
1741112079975,1022.18567
1741112079995,1022.17786
1741112080036,1022.1677
1741112080074,1022.173
1741112080095,1022.1646
1741112080135,1022.18353
1741112080175,1022.2258
1741112080198,1022.2564
1741112080236,1022.28564
1741112080277,1022.30945
1741112080302,1022.2783
1741112080335,1022.25415
1741112080378,1022.2343
1741112080395,1022.2148
1741112080443,1022.20966
1741112080474,1022.1914
1741112080509,1022.1913
1741112080540,1022.20233
1741112080576,1022.19806
1741112080596,1022.20996
1741112080636,1022.2072
1741112080679,1022.18787
1741112080694,1022.15704
1741112080736,1022.13226
1741112080776,1022.1267
1741112080796,1022.147
1741112080834,1022.155
1741112080877,1022.18726
1741112080896,1022.23193
1741112080939,1022.21844
1741112080974,1022.2522
1741112080995,1022.29504
1741112081037,1022.28735
1741112081075,1022.2516
1741112081095,1022.2314
1741112081134,1022.2225
1741112081175,1022.2223
1741112081196,1022.22156
1741112081235,1022.1896
1741112081276,1022.1952
1741112081294,1022.1979
1741112081335,1022.19617
1741112081375,1022.2092
1741112081399,1022.1693
1741112081436,1022.13983
1741112081474,1022.12213
1741112081495,1022.09717
1741112081534,1022.09674
1741112081575,1022.1334
1741112081602,1022.1542
1741112081634,1022.16693
1741112081675,1022.2327
1741112081695,1022.22894
1741112081733,1022.2625
1741112081774,1022.2805
1741112081793,1022.24567
1741112081838,1022.2395
1741112081874,1022.2168
1741112081902,1022.19446
1741112081935,1022.1852
1741112081977,1022.19037
1741112081995,1022.1638
1741112082037,1022.1809
1741112082074,1022.18726
1741112082094,1022.19727
1741112082143,1022.20624
1741112082174,1022.1596
1741112082196,1022.1372
1741112082234,1022.12177
1741112082276,1022.12354
1741112082294,1022.1341
1741112082333,1022.1627
1741112082376,1022.16113
1741112082394,1022.2077
1741112082442,1022.24774
1741112082474,1022.2728
1741112082497,1022.32733
1741112082534,1022.34937
1741112082573,1022.3191
1741112082595,1022.29474
1741112082634,1022.26245
1741112082674,1022.2421
1741112082696,1022.22974
1741112082740,1022.2128
1741112082777,1022.20795
1741112082794,1022.2197
1741112082838,1022.21704
1741112082873,1022.2339
1741112082896,1022.18304
1741112082938,1022.1531
1741112082975,1022.1337
1741112082994,1022.1268
1741112083038,1022.12665
1741112083082,1022.16125
1741112083093,1022.17834
1741112083134,1022.1687
1741112083173,1022.2395
1741112083196,1022.2176
1741112083235,1022.2321
1741112083273,1022.24445
1741112083293,1022.2397
1741112083335,1022.2382
1741112083375,1022.22485
1741112083394,1022.2086
1741112083441,1022.20306
1741112083475,1022.19464
1741112083534,1022.17865
1741112083534,1022.20074
1741112083574,1022.2101
1741112083593,1022.2015
1741112083633,1022.2114
1741112083676,1022.1666
1741112083698,1022.1353
1741112083734,1022.129
1741112083773,1022.1427
1741112083795,1022.1615
1741112083836,1022.1859
1741112083872,1022.1882
1741112083894,1022.1882
1741112083941,1022.2581
1741112083974,1022.2279
1741112083994,1022.2181
1741112084045,1022.22595
1741112084074,1022.22644
1741112084094,1022.2231
1741112084134,1022.21136
1741112084173,1022.2142
1741112084197,1022.2108
1741112084238,1022.21716
1741112084273,1022.1858
1741112084295,1022.2003
1741112084333,1022.19293
1741112084375,1022.19995
1741112084392,1022.20013
1741112084433,1022.1598
1741112084473,1022.1512
1741112084496,1022.1445
1741112084532,1022.1388
1741112084574,1022.13885
1741112084598,1022.1575
1741112084633,1022.17206
1741112084673,1022.24005
1741112084696,1022.2397
1741112084733,1022.3335
1741112084774,1022.37866
1741112084792,1022.3329
1741112084834,1022.2997
1741112084871,1022.26056
1741112084894,1022.2432
1741112084935,1022.2201
1741112084973,1022.2069
1741112084995,1022.20856
1741112085032,1022.2108
1741112085086,1022.1949
1741112085092,1022.1836
1741112085132,1022.1845
1741112085182,1022.1749
1741112085192,1022.1645
1741112085232,1022.1632
1741112085274,1022.1706
1741112085296,1022.1593
1741112085332,1022.14954
1741112085372,1022.15625
1741112085396,1022.15765
1741112085432,1022.1676
1741112085474,1022.2322
1741112085494,1022.2477
1741112085534,1022.3272
1741112085576,1022.3634
1741112085592,1022.3417
1741112085633,1022.30835
1741112085676,1022.2697
1741112085692,1022.2378
1741112085738,1022.2206
1741112085779,1022.2095
1741112085792,1022.199
1741112085833,1022.1881
1741112085873,1022.1993
1741112085901,1022.19244
1741112085931,1022.19495
1741112085972,1022.17163
1741112086001,1022.1341
1741112086034,1022.1331
1741112086072,1022.1377
1741112086093,1022.13165
1741112086134,1022.1343
1741112086178,1022.133
1741112086193,1022.14667
1741112086233,1022.1577
1741112086272,1022.20715
1741112086298,1022.23157
1741112086334,1022.273
1741112086372,1022.3543
1741112086401,1022.329
1741112086433,1022.29224
1741112086472,1022.2549
1741112086495,1022.2253
1741112086533,1022.2033
1741112086573,1022.1897
1741112086592,1022.16675
1741112086632,1022.16547
1741112086672,1022.14984
1741112086692,1022.1744
1741112086734,1022.18524
1741112086773,1022.1291
1741112086793,1022.1219
1741112086832,1022.1245
1741112086872,1022.1118
1741112086896,1022.1074
1741112086932,1022.11865
1741112086971,1022.1268
1741112086995,1022.13684
1741112087036,1022.2307
1741112087081,1022.20447
1741112087094,1022.21875
1741112087132,1022.23694
1741112087171,1022.2483
1741112087192,1022.2336
1741112087231,1022.2019
1741112087274,1022.17944
1741112087294,1022.17114
1741112087331,1022.16425
1741112087377,1022.176
1741112087393,1022.1472
1741112087432,1022.16675
1741112087472,1022.1654
1741112087493,1022.1653
1741112087531,1022.13696
1741112087573,1022.14636
1741112087602,1022.1435
1741112087631,1022.13184
1741112087677,1022.12115
1741112087691,1022.0959
1741112087732,1022.1102
1741112087770,1022.1329
1741112087798,1022.14795
1741112087832,1022.17883
1741112087871,1022.1931
1741112087892,1022.2126
1741112087932,1022.253
1741112087971,1022.25714
1741112087991,1022.23676
1741112088039,1022.20703
1741112088071,1022.18304
1741112088091,1022.16956
1741112088131,1022.1606
1741112088172,1022.16113
1741112088201,1022.16284
1741112088231,1022.17
1741112088270,1022.1636
1741112088303,1022.1566
1741112088334,1022.13763
1741112088372,1022.126
1741112088390,1022.13385
1741112088432,1022.1352
1741112088471,1022.1285
1741112088491,1022.1231
1741112088533,1022.11475
1741112088570,1022.12524
1741112088593,1022.1377
1741112088630,1022.1981
1741112088679,1022.1949
1741112088690,1022.1831
1741112088732,1022.16833
1741112088774,1022.16205
1741112088789,1022.166
1741112088831,1022.1505
1741112088870,1022.13824
1741112088891,1022.1412
1741112088931,1022.14777
1741112088972,1022.14233
1741112088991,1022.11414
1741112089030,1022.12683
1741112089071,1022.12427
1741112089101,1022.14746
1741112089131,1022.12054
1741112089183,1022.1139
1741112089191,1022.11743
1741112089230,1022.12024
1741112089274,1022.1222
1741112089291,1022.11316
1741112089332,1022.1251
1741112089369,1022.1482
1741112089393,1022.1904
1741112089430,1022.2261
1741112089473,1022.2032
1741112089505,1022.19275
1741112089529,1022.17975
1741112089577,1022.1692
1741112089590,1022.16614
1741112089631,1022.16064
1741112089671,1022.1597
1741112089691,1022.15704
1741112089730,1022.1448
1741112089778,1022.14124
1741112089791,1022.14136
1741112089833,1022.1294
1741112089892,1022.14355
1741112089893,1022.1085
1741112089941,1022.0918
1741112089975,1022.0922
1741112089992,1022.08057
1741112090032,1022.07324
1741112090069,1022.06757
1741112090090,1022.0955
1741112090130,1022.11597
1741112090184,1022.1786
1741112090190,1022.1902
1741112090230,1022.22864
1741112090276,1022.3168
1741112090293,1022.2927
1741112090332,1022.25696
1741112090369,1022.2178
1741112090394,1022.18066
1741112090430,1022.1652
1741112090469,1022.149
1741112090491,1022.1315
1741112090528,1022.1348
1741112090568,1022.1435
1741112090590,1022.14465
1741112090631,1022.14465
1741112090669,1022.07715
1741112090689,1022.0835
1741112090735,1022.0773
1741112090770,1022.08374
1741112090790,1022.1058
1741112090838,1022.11884
1741112090871,1022.13043
1741112090892,1022.136
1741112090929,1022.14545
1741112090969,1022.1919
1741112090994,1022.1885
1741112091034,1022.24347
1741112091069,1022.30273
1741112091089,1022.28424
1741112091133,1022.2559
1741112091169,1022.2213
1741112091191,1022.194
1741112091232,1022.18475
1741112091274,1022.1786
1741112091289,1022.1563
1741112091330,1022.12897
1741112091369,1022.1339
1741112091391,1022.12177
1741112091428,1022.1236
1741112091470,1022.10046
1741112091502,1022.1021
1741112091529,1022.10486
1741112091582,1022.09985
1741112091589,1022.1081
1741112091629,1022.10944
1741112091669,1022.12915
1741112091691,1022.13495
1741112091729,1022.1681
1741112091770,1022.20685
1741112091802,1022.1914
1741112091831,1022.26227
1741112091868,1022.28577
1741112091901,1022.25726
1741112091928,1022.21765
1741112091968,1022.18896
1741112091999,1022.1853
1741112092028,1022.17395
1741112092068,1022.1708
1741112092088,1022.1559
1741112092128,1022.15173
1741112092178,1022.1385
1741112092201,1022.1461
1741112092228,1022.13837
1741112092272,1022.1342
1741112092288,1022.1304
1741112092329,1022.1387
1741112092368,1022.14075
1741112092389,1022.133
1741112092442,1022.1369
1741112092468,1022.1491
1741112092487,1022.18054
1741112092528,1022.2187
1741112092568,1022.23193
1741112092589,1022.231
1741112092630,1022.2104
1741112092668,1022.18756
1741112092691,1022.1727
1741112092728,1022.16125
1741112092768,1022.1516
1741112092789,1022.13824
1741112092837,1022.12885
1741112092868,1022.1263
1741112092891,1022.13257
1741112092928,1022.12463
1741112092969,1022.1344
1741112092988,1022.10095
1741112093033,1022.09143
1741112093068,1022.0863
1741112093088,1022.0915
1741112093128,1022.0741
1741112093167,1022.0982
1741112093199,1022.11414
1741112093227,1022.1234
1741112093270,1022.1936
1741112093288,1022.17847
1741112093328,1022.26605
1741112093368,1022.29834
1741112093387,1022.25
1741112093429,1022.2236
1741112093469,1022.1998
1741112093488,1022.1719
1741112093539,1022.1631
1741112093566,1022.15924
1741112093590,1022.1317
1741112093630,1022.14453
1741112093672,1022.1288
1741112093688,1022.1415
1741112093729,1022.1199
1741112093774,1022.1017
1741112093787,1022.0691
1741112093828,1022.0732
1741112093878,1022.08124
1741112093888,1022.1029
1741112093929,1022.1293
1741112093969,1022.12463
1741112093987,1022.1671
1741112094027,1022.20013
1741112094068,1022.2256
1741112094087,1022.3251
1741112094129,1022.2915
1741112094167,1022.2487
1741112094188,1022.21844
1741112094227,1022.1937
1741112094269,1022.1706
1741112094287,1022.1683
1741112094328,1022.16046
1741112094368,1022.1393
1741112094387,1022.1605
1741112094426,1022.15295
1741112094467,1022.1743
1741112094486,1022.1472
1741112094528,1022.1089
1741112094567,1022.08795
1741112094588,1022.09216
1741112094627,1022.0984
1741112094668,1022.1042
1741112094689,1022.1356
1741112094732,1022.1377
1741112094766,1022.1473
1741112094786,1022.1887
1741112094828,1022.1982
1741112094869,1022.3014
1741112094898,1022.3184
1741112094933,1022.275
1741112094967,1022.2369
1741112094987,1022.1899
1741112095037,1022.1703
1741112095068,1022.151
1741112095096,1022.14685
1741112095127,1022.13446
1741112095171,1022.1463
1741112095187,1022.14355
1741112095233,1022.1294
1741112095267,1022.1405
1741112095288,1022.1083
1741112095327,1022.08203
1741112095368,1022.077
1741112095387,1022.0627
1741112095428,1022.06946
1741112095467,1022.0811
1741112095489,1022.0902
1741112095528,1022.08105
1741112095567,1022.1455
1741112095587,1022.15027
1741112095637,1022.15216
1741112095667,1022.20215
1741112095688,1022.21497
1741112095727,1022.2018
1741112095766,1022.1744
1741112095786,1022.1488
1741112095828,1022.1465
1741112095867,1022.1348
1741112095886,1022.11444
1741112095926,1022.1109
1741112095966,1022.13257
1741112095987,1022.12415
1741112096028,1022.1252
1741112096067,1022.10284
1741112096087,1022.0726
1741112096125,1022.0695
1741112096166,1022.06274
1741112096188,1022.06384
1741112096236,1022.0923
1741112096266,1022.10425
1741112096288,1022.10254
1741112096327,1022.1141
1741112096367,1022.16437
1741112096397,1022.1433
1741112096426,1022.1839
1741112096467,1022.2168
1741112096486,1022.20087
1741112096527,1022.17804
1741112096567,1022.14984
1741112096587,1022.1346
1741112096626,1022.12317
1741112096666,1022.13135
1741112096685,1022.1229
1741112096726,1022.12946
1741112096769,1022.1354
1741112096786,1022.13794
1741112096828,1022.12115
1741112096866,1022.095
1741112096885,1022.0841
1741112096925,1022.0847
1741112096965,1022.0835
1741112096986,1022.0797
1741112097025,1022.08936
1741112097066,1022.0944
1741112097085,1022.09875
1741112097125,1022.1696
1741112097165,1022.1904
1741112097185,1022.2226
1741112097226,1022.2676
1741112097265,1022.2482
1741112097285,1022.22
1741112097325,1022.1775
1741112097365,1022.1542
1741112097385,1022.1446
1741112097425,1022.1422
1741112097465,1022.1266
1741112097485,1022.14014
1741112097526,1022.10864
1741112097574,1022.12
1741112097585,1022.1105
1741112097626,1022.0714
1741112097665,1022.0809
1741112097686,1022.0835
1741112097726,1022.0824
1741112097775,1022.08
1741112097785,1022.0755
1741112097827,1022.0923
1741112097865,1022.10913
1741112097887,1022.1711
1741112097926,1022.15015
1741112097965,1022.1869
1741112097986,1022.22424
1741112098026,1022.2003
1741112098065,1022.17975
1741112098085,1022.15625
1741112098131,1022.13245
1741112098166,1022.118
1741112098185,1022.11206
1741112098223,1022.0872
1741112098270,1022.1157
1741112098285,1022.0671
1741112098325,1022.07837
1741112098366,1022.05457
1741112098392,1022.0753
1741112098426,1022.0763
1741112098464,1022.0779
1741112098489,1022.0747
1741112098546,1022.0655
1741112098563,1022.084
1741112098587,1022.0928
1741112098625,1022.1295
1741112098664,1022.1831
1741112098685,1022.1775
1741112098725,1022.3059
1741112098764,1022.30725
1741112098808,1022.24945
1741112098824,1022.2155
1741112098865,1022.18567
1741112098905,1022.15326
1741112098927,1022.1316
1741112098964,1022.10706
1741112099011,1022.109
1741112099024,1022.1136
1741112099065,1022.0986
1741112099106,1022.0981
1741112099127,1022.0723
1741112099174,1022.06934
1741112099206,1022.0532
1741112099226,1022.0613
1741112099265,1022.06885
1741112099306,1022.077
1741112099328,1022.08215
1741112099366,1022.0921
1741112099405,1022.1334
1741112099424,1022.12866
1741112099468,1022.166
1741112099505,1022.2023
1741112099525,1022.2019
1741112099565,1022.1835
1741112099604,1022.14417
1741112099623,1022.1205
1741112099664,1022.12067
1741112099705,1022.1216
1741112099732,1022.1047
1741112099764,1022.11035
1741112099813,1022.1072
1741112099824,1022.1266
1741112099865,1022.07245
1741112099928,1022.0554
1741112099928,1022.04987
1741112099970,1022.0491
1741112100004,1022.05084
1741112100027,1022.05884
1741112100064,1022.0532
1741112100105,1022.0619
1741112100125,1022.12146
1741112100163,1022.1241
1741112100205,1022.2092
1741112100225,1022.23486
1741112100264,1022.2048
1741112100307,1022.1813
1741112100324,1022.1649
1741112100365,1022.15063
1741112100404,1022.1294
1741112100433,1022.11694
1741112100465,1022.1013
1741112100503,1022.1178
1741112100524,1022.10095
1741112100563,1022.1147
1741112100609,1022.0934
1741112100624,1022.07935
1741112100666,1022.06323
1741112100703,1022.05255
1741112100725,1022.03613
1741112100765,1022.0322
1741112100803,1022.0585
1741112100824,1022.0554
1741112100864,1022.109
1741112100904,1022.1011
1741112100926,1022.1512
1741112100963,1022.2006
1741112101004,1022.1834
1741112101025,1022.16614
1741112101064,1022.1355
1741112101107,1022.1142
1741112101123,1022.1017
1741112101165,1022.1054
1741112101203,1022.0754
1741112101223,1022.07355
1741112101263,1022.05414
1741112101304,1022.0555
1741112101323,1022.05365
1741112101365,1022.01184
1741112101406,1022.0049
1741112101423,1021.999
1741112101465,1021.9901
1741112101504,1022.0155
1741112101524,1022.05646
1741112101572,1022.0647
1741112101605,1022.0502
1741112101623,1022.1199
1741112101665,1022.16223
1741112101704,1022.29926
1741112101724,1022.31055
1741112101764,1022.2494
1741112101802,1022.208
1741112101823,1022.1498
1741112101865,1022.11145
1741112101904,1022.09985
1741112101923,1022.1094
1741112101963,1022.0789
1741112102004,1022.07764
1741112102024,1022.07635
1741112102065,1022.08356
1741112102104,1022.03143
1741112102130,1022.0258
1741112102164,1022.0059
1741112102203,1022.00555
1741112102223,1022.0149
1741112102263,1022.0362
1741112102305,1022.0438
1741112102324,1022.0344
1741112102363,1022.0933
1741112102404,1022.1172
1741112102424,1022.2246
1741112102463,1022.2854
1741112102502,1022.2423
1741112102523,1022.19977
1741112102563,1022.1422
1741112102605,1022.1111
1741112102623,1022.1017
1741112102664,1022.0932
1741112102703,1022.07074
1741112102722,1022.06555
1741112102764,1022.0532
1741112102803,1022.05994
1741112102824,1022.04193
1741112102863,1022.0017
1741112102904,1022.00415
1741112102928,1022.0093
1741112102963,1022.0133
1741112103003,1022.0436
1741112103023,1022.0737
1741112103063,1022.06006
1741112103103,1022.08246
1741112103131,1022.11255
1741112103163,1022.08264
1741112103203,1022.09735
1741112103222,1022.12164
1741112103264,1022.1239
1741112103305,1022.11487
1741112103323,1022.09143
1741112103364,1022.0644
1741112103402,1022.05237
1741112103422,1022.05615
1741112103463,1022.05505
1741112103527,1022.0811
1741112103528,1022.05615
1741112103563,1022.0685
1741112103606,1022.0806
1741112103629,1022.03766
1741112103662,1022.03235
1741112103708,1022.0252
1741112103723,1022.0248
1741112103763,1022.0404
1741112103807,1022.04535
1741112103823,1022.02905
1741112103863,1022.05896
1741112103903,1022.0939
1741112103925,1022.0907
1741112103964,1022.1493
1741112104005,1022.15485
1741112104023,1022.1397
1741112104062,1022.1156
1741112104102,1022.08734
1741112104122,1022.0697
1741112104162,1022.0757
1741112104204,1022.07184
1741112104222,1022.03296
1741112104263,1022.04376
1741112104303,1022.0375
1741112104322,1022.0665
1741112104367,1022.0752
1741112104401,1022.00977
1741112104422,1021.99414
1741112104466,1022.0051
1741112104504,1021.9979
1741112104523,1022.0081
1741112104563,1022.02435
1741112104603,1022.0318
1741112104624,1022.05786
1741112104669,1022.0931
1741112104704,1022.11255
1741112104724,1022.19977
1741112104762,1022.18915
1741112104801,1022.1587
1741112104838,1022.14825
1741112104864,1022.1264
1741112104902,1022.1084
1741112104920,1022.10144
1741112104962,1022.0819
1741112105007,1022.0936
1741112105023,1022.0794
1741112105063,1022.08044
1741112105102,1022.0699
1741112105122,1022.03973
1741112105162,1022.0357
1741112105206,1022.0397
1741112105222,1022.0411
1741112105261,1022.053
1741112105301,1022.0728
1741112105322,1022.05896
1741112105362,1022.14136
1741112105403,1022.1499
1741112105420,1022.204
1741112105465,1022.2638
1741112105500,1022.2396
1741112105521,1022.2027
1741112105561,1022.17523
1741112105606,1022.14514
1741112105624,1022.12494
1741112105660,1022.1189
1741112105707,1022.0953
1741112105721,1022.11536
1741112105761,1022.09827
1741112105804,1022.1052
1741112105822,1022.0977
1741112105866,1022.0631
1741112105904,1022.06177
1741112105923,1022.0528
1741112105963,1022.0464
1741112106001,1022.0543
1741112106025,1022.0818
1741112106061,1022.0805
1741112106114,1022.12964
1741112106123,1022.15295
1741112106162,1022.15295
1741112106202,1022.19006
1741112106221,1022.2136
1741112106261,1022.19446
1741112106301,1022.1697
1741112106321,1022.1538
1741112106362,1022.13513
1741112106404,1022.1198
1741112106421,1022.10864
1741112106462,1022.103
1741112106507,1022.09296
1741112106522,1022.0931
1741112106566,1022.0984
1741112106600,1022.04816
1741112106622,1022.0329
1741112106667,1022.03284
1741112106701,1022.03766
1741112106729,1022.06036
1741112106761,1022.08606
1741112106803,1022.1038
1741112106821,1022.0867
1741112106862,1022.128
1741112106901,1022.14374
1741112106922,1022.1478
1741112106963,1022.19104
1741112107003,1022.2164
1741112107021,1022.20044
1741112107060,1022.17914
1741112107099,1022.1498
1741112107120,1022.1367
1741112107165,1022.13525
1741112107208,1022.1144
1741112107223,1022.12866
1741112107260,1022.12024
1741112107303,1022.1228
1741112107323,1022.11707
1741112107362,1022.07477
1741112107401,1022.06476
1741112107434,1022.08185
1741112107459,1022.0791
1741112107501,1022.09406
1741112107523,1022.12866
1741112107561,1022.1129
1741112107601,1022.08563
1741112107621,1022.16315
1741112107667,1022.1675
1741112107699,1022.23615
1741112107720,1022.29443
1741112107762,1022.2875
1741112107799,1022.25195
1741112107823,1022.21747
1741112107860,1022.1812
1741112107912,1022.1588
1741112107922,1022.14636
1741112107962,1022.14276
1741112108001,1022.1562
1741112108020,1022.1548
1741112108075,1022.1776
1741112108102,1022.13153
1741112108119,1022.09814
1741112108163,1022.0925
1741112108200,1022.09534
1741112108221,1022.08374
1741112108259,1022.1061
1741112108300,1022.1231
1741112108333,1022.1206
1741112108359,1022.1925
1741112108399,1022.1661
1741112108435,1022.1828
1741112108459,1022.1964
1741112108537,1022.1835
1741112108537,1022.19824
1741112108560,1022.1898
1741112108600,1022.1725
1741112108620,1022.14685
1741112108668,1022.1463
1741112108698,1022.1277
1741112108726,1022.1084
1741112108759,1022.1385
1741112108807,1022.16003
1741112108821,1022.19293
1741112108865,1022.22015
1741112108899,1022.21204
1741112108920,1022.1953
1741112108962,1022.1887
1741112109002,1022.1798
1741112109022,1022.1774
1741112109059,1022.1271
1741112109104,1022.1229
1741112109122,1022.1065
1741112109159,1022.1816
1741112109201,1022.1948
1741112109219,1022.199
1741112109258,1022.18054
1741112109299,1022.16864
1741112109322,1022.14984
1741112109358,1022.0444
1741112109398,1022.0576
1741112109419,1022.1029
1741112109459,1022.1207
1741112109499,1022.12744
1741112109519,1022.1364
1741112109558,1022.14136
1741112109603,1022.14215
1741112109621,1022.1603
1741112109659,1022.1593
1741112109701,1022.162
1741112109719,1022.16003
1741112109759,1022.1504
1741112109802,1022.13983
1741112109820,1022.1276
1741112109859,1022.1381
1741112109899,1022.1407
1741112109918,1022.1372
1741112109959,1022.14453
1741112110003,1022.14417
1741112110020,1022.1492
1741112110059,1022.1485
1741112110102,1022.15155
1741112110118,1022.1415
1741112110158,1022.1348
1741112110198,1022.1301
1741112110222,1022.1269
1741112110258,1022.1291
1741112110300,1022.1405
1741112110319,1022.1366
1741112110360,1022.1405
1741112110398,1022.139
1741112110420,1022.1327
1741112110458,1022.1262
1741112110502,1022.1372
1741112110518,1022.1333
1741112110560,1022.14325
1741112110598,1022.14404
1741112110618,1022.1405
1741112110659,1022.1406
1741112110697,1022.12354
1741112110720,1022.1253
1741112110759,1022.1262
1741112110798,1022.1273
1741112110819,1022.119
1741112110858,1022.1178
1741112110900,1022.11597
1741112110917,1022.121
1741112110959,1022.1218
1741112111004,1022.128
1741112111022,1022.1428
1741112111062,1022.14075
1741112111102,1022.14886
1741112111116,1022.16754
1741112111161,1022.1828
1741112111199,1022.16956
1741112111218,1022.1384
1741112111256,1022.1185
1741112111296,1022.1144
1741112111317,1022.1157
1741112111357,1022.1222
1741112111396,1022.1348
1741112111416,1022.1477
1741112111456,1022.14746
1741112111496,1022.15717
1741112111516,1022.13995
1741112111556,1022.1371
1741112111597,1022.14343
1741112111616,1022.129
1741112111656,1022.12585
1741112111697,1022.1339
1741112111716,1022.14307
1741112111756,1022.1408
1741112111797,1022.1432
1741112111816,1022.1428
1741112111857,1022.12476
1741112111896,1022.1238
1741112111916,1022.13666
1741112111957,1022.14044
1741112111996,1022.1311
1741112112016,1022.1274
1741112112057,1022.1471
1741112112097,1022.1433
1741112112116,1022.12646
1741112112156,1022.1183
1741112112196,1022.11273
1741112112216,1022.11725
1741112112256,1022.1221
1741112112296,1022.1347
1741112112317,1022.1356
1741112112356,1022.1273
1741112112396,1022.13696
1741112112429,1022.13947
1741112112465,1022.13684
1741112112533,1022.135
1741112112533,1022.127
1741112112556,1022.13007
1741112112596,1022.12573
1741112112615,1022.1227
1741112112656,1022.12036
1741112112696,1022.1187
1741112112715,1022.1279
1741112112755,1022.13586
1741112112795,1022.1354
1741112112815,1022.1385
1741112112855,1022.1316
1741112112896,1022.1262
1741112112916,1022.12585
1741112112956,1022.1295
1741112112996,1022.12317
1741112113015,1022.1185
1741112113055,1022.138
