1741110137941,1021.8845
1741110137961,1021.9065
1741110138001,1021.9183
1741110138041,1021.9265
1741110138062,1021.92993
1741110138104,1021.925
1741110138121,1021.91724
1741110138161,1021.9121
1741110138201,1021.9131
1741110138241,1021.9082
1741110138267,1021.91656
1741110138302,1021.9318
1741110138341,1021.934
1741110138363,1021.92224
1741110138403,1021.92096
1741110138440,1021.907
1741110138464,1021.90295
1741110138501,1021.91943
1741110138541,1021.94226
1741110138561,1021.9198
1741110138601,1021.90875
1741110138641,1021.88916
1741110138661,1021.8925
1741110138702,1021.89325
1741110138749,1021.8989
1741110138761,1021.9042
1741110138801,1021.9142
1741110138840,1021.9302
1741110138861,1021.9346
1741110138903,1021.93585
1741110138940,1021.9511
1741110138960,1021.9514
1741110139001,1021.94543
1741110139040,1021.95337
1741110139061,1021.9552
1741110139112,1021.9514
1741110139150,1021.94604
1741110139160,1021.9451
1741110139210,1021.94653
1741110139241,1021.9447
1741110139260,1021.959
1741110139306,1021.9572
1741110139343,1021.94867
1741110139364,1021.94653
1741110139405,1021.9469
1741110139444,1021.9446
1741110139463,1021.95605
1741110139500,1022.0108
1741110139544,1021.98083
1741110139561,1021.9404
1741110139603,1021.9302
1741110139650,1021.95764
1741110139660,1021.95074
1741110139705,1021.94867
1741110139741,1021.95776
1741110139763,1021.90906
1741110139803,1021.89166
1741110139842,1021.8978
1741110139861,1021.90533
1741110139919,1021.9152
1741110140022,1021.9263
1741110140040,1021.9188
1741110140081,1021.92584
1741110140122,1021.93384
1741110140143,1021.9361
1741110140183,1021.9488
1741110140206,1021.9475
1741110140242,1021.9599
1741110140282,1021.9629
1741110140329,1021.9643
1741110140340,1021.95386
1741110140381,1021.9497
1741110140423,1021.949
1741110140443,1021.9525
1741110140485,1021.9551
1741110140501,1021.9507
1741110140544,1021.9618
1741110140588,1021.99097
1741110140622,1022.0114
1741110140646,1021.9636
1741110140686,1021.95325
1741110140724,1021.9754
1741110140745,1021.9833
1741110140783,1021.9797
1741110140828,1021.97797
1741110140845,1021.9687
1741110140884,1021.97577
1741110140923,1021.98035
1741110140947,1021.97003
1741110140981,1021.9719
1741110141022,1021.9708
1741110141043,1021.95874
1741110141083,1021.9486
1741110141125,1021.9497
1741110141145,1021.9551
1741110141180,1021.97156
1741110141224,1021.97595
1741110141242,1021.9894
1741110141284,1021.9894
1741110141321,1022.0204
1741110141342,1022.0234
1741110141385,1022.0129
1741110141422,1022.0004
1741110141445,1021.9857
1741110141485,1021.98035
1741110141522,1021.9832
1741110141540,1021.99255
1741110141584,1021.9864
1741110141622,1021.96716
1741110141642,1021.9675
1741110141692,1021.9692
1741110141721,1021.97235
1741110141741,1021.9679
1741110141781,1021.9853
1741110141820,1021.99585
1741110141843,1021.97046
1741110141880,1021.9752
1741110141923,1021.977
1741110141948,1021.98553
1741110141986,1021.99084
1741110142028,1021.9866
1741110142039,1021.99036
1741110142082,1021.9956
1741110142125,1021.9861
1741110142140,1021.9689
1741110142182,1021.9646
1741110142223,1021.9646
1741110142245,1021.97253
1741110142280,1021.98987
1741110142321,1022.0001
1741110142344,1022.02545
1741110142380,1022.0476
1741110142423,1022.04486
1741110142440,1022.03015
1741110142480,1022.012
1741110142528,1021.9983
1741110142543,1021.9982
1741110142580,1021.9983
1741110142623,1021.9982
1741110142641,1021.98267
1741110142680,1021.9747
1741110142725,1021.96533
1741110142740,1021.98035
1741110142792,1021.99634
1741110142820,1021.9947
1741110142841,1021.99396
1741110142880,1021.9958
1741110142922,1021.9845
1741110142941,1021.96814
1741110142982,1021.9745
1741110143022,1021.98206
1741110143039,1021.97266
1741110143097,1021.9803
1741110143119,1021.9773
1741110143140,1021.9886
1741110143186,1021.993
1741110143220,1021.9823
1741110143241,1021.9789
1741110143281,1021.9852
1741110143319,1021.989
1741110143341,1022.00616
1741110143380,1022.00885
1741110143421,1021.9997
1741110143442,1022.0005
1741110143480,1022.0095
1741110143520,1022.01624
1741110143546,1022.01135
1741110143579,1022.00446
1741110143621,1022.0012
1741110143653,1021.99713
1741110143679,1021.99316
1741110143721,1022.0005
1741110143742,1022.00006
1741110143779,1021.99976
1741110143833,1022.00134
1741110143843,1021.99695
1741110143879,1021.9921
1741110143922,1021.9946
1741110143939,1021.9917
1741110143982,1022.0051
1741110144020,1022.0156
1741110144040,1022.00366
1741110144092,1021.99585
1741110144119,1021.994
1741110144139,1021.9824
1741110144178,1021.9813
1741110144220,1021.9813
1741110144239,1021.9873
1741110144278,1021.98444
1741110144320,1021.97534
1741110144341,1021.9811
1741110144379,1021.9665
1741110144426,1021.96356
1741110144442,1021.9665
1741110144483,1021.9674
1741110144518,1021.9718
1741110144539,1021.98804
1741110144580,1021.9894
1741110144619,1021.99536
1741110144641,1022.00574
1741110144684,1022.0053
1741110144719,1021.9967
1741110144742,1021.987
1741110144778,1021.9811
1741110144825,1021.97095
1741110144846,1021.9808
1741110144879,1021.99994
1741110144930,1022.00793
1741110144940,1022.00635
1741110144992,1022.00183
1741110145018,1021.9953
1741110145039,1021.99
1741110145079,1021.98413
1741110145126,1021.9845
1741110145140,1021.9827
1741110145186,1021.99
1741110145219,1021.99976
1741110145240,1021.98987
1741110145282,1021.9927
1741110145321,1021.9947
1741110145349,1021.9923
1741110145378,1021.99084
1741110145421,1021.991
1741110145441,1021.9916
1741110145486,1021.99884
1741110145519,1021.9998
1741110145545,1021.9976
1741110145579,1021.99976
1741110145628,1021.99384
1741110145644,1021.9936
1741110145684,1021.9846
1741110145719,1021.98206
1741110145740,1021.9763
1741110145786,1021.9955
1741110145818,1022.0117
1741110145839,1022.0145
1741110145882,1022.00574
1741110145918,1022.0018
1741110145939,1022.0006
1741110145987,1021.9927
1741110146020,1021.9851
1741110146056,1021.98584
1741110146079,1021.9935
1741110146125,1021.9927
1741110146144,1021.99976
1741110146176,1021.99646
1741110146217,1021.98804
1741110146237,1021.9723
1741110146278,1021.96924
1741110146318,1021.97614
1741110146338,1021.98474
1741110146379,1021.98944
1741110146417,1021.9937
1741110146440,1021.9962
1741110146483,1021.9965
1741110146520,1021.98706
1741110146548,1021.98
1741110146581,1021.98206
1741110146625,1021.9822
1741110146638,1021.98425
1741110146689,1021.9803
1741110146719,1021.9851
1741110146748,1021.9769
1741110146778,1021.97687
1741110146827,1021.9741
1741110146838,1021.9708
1741110146882,1021.9711
1741110146918,1021.96906
1741110146946,1021.9728
1741110146982,1021.9783
1741110147018,1021.9768
1741110147042,1021.9879
1741110147079,1021.98285
1741110147117,1021.9897
1741110147137,1021.98737
1741110147179,1021.98517
1741110147217,1021.9684
1741110147237,1021.9591
1741110147278,1021.9567
1741110147326,1021.96716
1741110147338,1021.9694
1741110147379,1021.96375
1741110147422,1021.9701
1741110147443,1021.96857
1741110147478,1021.95605
1741110147520,1021.95624
1741110147539,1021.9558
1741110147586,1021.96326
1741110147618,1021.9673
1741110147644,1021.9525
1741110147678,1021.95917
1741110147719,1021.96606
1741110147738,1021.9647
1741110147778,1021.9634
1741110147820,1021.959
1741110147838,1021.95807
1741110147881,1021.96857
1741110147921,1021.9638
1741110147941,1021.9583
1741110147979,1021.95825
1741110148023,1021.9545
1741110148041,1021.9557
1741110148077,1021.9519
1741110148119,1021.9488
1741110148137,1021.943
1741110148179,1021.94446
1741110148218,1021.9475
1741110148238,1021.94635
1741110148277,1021.9485
1741110148318,1021.96185
1741110148342,1021.9569
1741110148380,1021.95636
1741110148419,1021.9651
1741110148444,1021.9617
1741110148478,1021.94824
1741110148524,1021.9359
1741110148537,1021.93115
1741110148578,1021.9301
1741110148618,1021.9354
1741110148646,1021.9363
1741110148677,1021.93365
1741110148717,1021.9317
1741110148739,1021.94183
1741110148776,1021.9402
1741110148818,1021.9454
1741110148844,1021.94226
1741110148877,1021.9439
1741110148922,1021.9453
1741110148944,1021.9365
1741110148975,1021.9466
1741110149024,1021.95764
1741110149037,1021.9448
1741110149085,1021.9447
1741110149115,1021.95306
1741110149136,1021.9477
1741110149177,1021.9582
1741110149217,1021.95746
1741110149238,1021.9503
1741110149276,1021.9401
1741110149322,1021.9459
1741110149336,1021.9507
1741110149379,1021.9467
1741110149419,1021.9416
1741110149441,1021.9361
1741110149478,1021.9369
1741110149515,1021.94745
1741110149537,1021.9449
1741110149575,1021.9549
1741110149618,1021.9529
1741110149641,1021.95593
1741110149676,1021.9628
1741110149723,1021.96643
1741110149740,1021.9607
1741110149790,1021.9565
1741110149817,1021.9501
1741110149849,1021.9456
1741110149876,1021.9396
1741110149916,1021.93884
1741110149946,1021.9377
1741110149976,1021.9352
1741110150017,1021.9377
1741110150038,1021.9363
1741110150082,1021.9356
1741110150117,1021.92645
1741110150136,1021.9376
1741110150178,1021.93805
1741110150216,1021.94116
1741110150238,1021.95624
1741110150292,1021.9594
1741110150319,1021.9487
1741110150343,1021.95215
1741110150376,1021.9592
1741110150423,1021.95996
1741110150436,1021.9465
1741110150479,1021.9497
1741110150518,1021.95715
1741110150546,1021.94867
1741110150576,1021.94366
1741110150625,1021.93854
1741110150649,1021.93884
1741110150677,1021.933
1741110150716,1021.93713
1741110150735,1021.9348
1741110150777,1021.93616
1741110150821,1021.94824
1741110150835,1021.95276
1741110150876,1021.95154
1741110150917,1021.9662
1741110150936,1021.96704
1741110150979,1021.95654
1741110151015,1021.9419
1741110151037,1021.9458
1741110151076,1021.93445
1741110151114,1021.9358
1741110151136,1021.93555
1741110151179,1021.9429
1741110151220,1021.94403
1741110151249,1021.95325
1741110151275,1021.9436
1741110151316,1021.93567
1741110151336,1021.9292
1741110151378,1021.9297
1741110151424,1021.93134
1741110151434,1021.9374
1741110151480,1021.93646
1741110151517,1021.93976
1741110151536,1021.94934
1741110151579,1021.9507
1741110151620,1021.9481
1741110151636,1021.94037
1741110151675,1021.9375
1741110151718,1021.94086
1741110151737,1021.9431
1741110151790,1021.94006
1741110151817,1021.947
1741110151838,1021.94135
1741110151875,1021.94446
1741110151923,1021.93414
1741110151935,1021.9259
1741110151975,1021.929
1741110152017,1021.9217
1741110152034,1021.92426
1741110152075,1021.9275
1741110152120,1021.9311
1741110152134,1021.9256
1741110152175,1021.9206
1741110152215,1021.9252
1741110152235,1021.93695
1741110152274,1021.93677
1741110152315,1021.92615
1741110152334,1021.91455
1741110152374,1021.91406
1741110152416,1021.9178
1741110152435,1021.9254
1741110152475,1021.9264
1741110152514,1021.93396
1741110152534,1021.93066
1741110152575,1021.92615
1741110152614,1021.9242
1741110152635,1021.9391
1741110152675,1021.934
1741110152713,1021.92535
1741110152735,1021.9219
1741110152791,1021.94055
1741110152815,1021.9518
1741110152840,1021.9507
1741110152877,1021.94934
1741110152925,1021.9503
1741110152934,1021.95123
1741110152977,1021.95624
1741110153015,1021.95215
1741110153040,1021.9516
1741110153075,1021.95386
1741110153116,1021.9598
1741110153134,1021.95984
1741110153176,1021.9514
1741110153215,1021.9473
1741110153234,1021.94214
1741110153276,1021.94434
1741110153316,1021.94385
1741110153335,1021.9442
1741110153375,1021.9452
1741110153425,1021.9453
1741110153434,1021.9478
1741110153474,1021.96014
1741110153516,1021.96985
1741110153534,1021.95026
1741110153576,1021.9482
1741110153613,1021.954
1741110153635,1021.9555
1741110153680,1021.9534
1741110153714,1021.9567
1741110153734,1021.9652
1741110153776,1021.9656
1741110153816,1021.9625
1741110153836,1021.953
1741110153879,1021.9456
1741110153916,1021.9414
1741110153936,1021.9458
1741110153990,1021.95123
1741110154017,1021.9584
1741110154035,1021.96924
1741110154075,1021.977
1741110154153,1021.97
1741110154153,1021.967
1741110154174,1021.95154
1741110154216,1021.94714
1741110154235,1021.9524
1741110154273,1021.96173
1741110154314,1021.9662
1741110154343,1021.96216
1741110154374,1021.95215
1741110154418,1021.9457
1741110154435,1021.9479
1741110154478,1021.94904
1741110154515,1021.9493
1741110154537,1021.9561
1741110154574,1021.949
1741110154614,1021.9588
1741110154632,1021.9692
1741110154675,1021.96313
1741110154715,1021.9607
1741110154745,1021.96344
1741110154774,1021.96857
1741110154820,1021.96277
1741110154839,1021.9569
1741110154874,1021.95544
1741110154918,1021.95215
1741110154934,1021.9618
1741110154975,1021.9707
1741110155015,1021.96106
1741110155038,1021.9425
1741110155074,1021.9444
1741110155113,1021.9496
1741110155134,1021.942
1741110155173,1021.94415
1741110155216,1021.94666
1741110155232,1021.94727
1741110155273,1021.9614
1741110155325,1021.96216
1741110155334,1021.96814
1741110155375,1021.9646
1741110155414,1021.9688
1741110155434,1021.9551
1741110155472,1021.95905
1741110155516,1021.96436
1741110155535,1021.9587
1741110155582,1021.9647
1741110155614,1021.95483
1741110155635,1021.94916
1741110155674,1021.9448
1741110155713,1021.9453
1741110155733,1021.94556
1741110155772,1021.9469
1741110155820,1021.94684
1741110155833,1021.945
1741110155877,1021.95746
1741110155914,1021.95776
1741110155935,1021.9546
1741110155976,1021.9673
1741110156016,1021.9682
1741110156033,1021.9692
1741110156078,1021.95465
1741110156134,1021.94556
1741110156135,1021.9563
1741110156174,1021.95654
1741110156216,1021.96106
1741110156242,1021.97205
1741110156274,1021.9723
1741110156316,1021.9715
1741110156333,1021.9657
1741110156376,1021.9615
1741110156413,1021.95245
1741110156434,1021.9529
1741110156472,1021.9544
1741110156514,1021.95544
1741110156534,1021.9563
1741110156573,1021.97345
1741110156619,1021.96796
1741110156632,1021.9574
1741110156676,1021.949
1741110156712,1021.94855
1741110156733,1021.9435
1741110156773,1021.9418
1741110156816,1021.94336
1741110156834,1021.9464
1741110156876,1021.94135
1741110156913,1021.93835
1741110156934,1021.9337
1741110156972,1021.924
1741110157012,1021.9227
1741110157031,1021.91516
1741110157073,1021.91284
1741110157112,1021.90845
1741110157134,1021.9018
1741110157172,1021.9132
1741110157213,1021.9154
1741110157233,1021.9254
1741110157276,1021.9432
1741110157311,1021.9515
1741110157332,1021.9579
1741110157375,1021.9516
1741110157413,1021.9503
1741110157436,1021.94946
1741110157474,1021.9477
1741110157515,1021.9469
1741110157540,1021.9431
1741110157572,1021.9519
1741110157614,1021.9636
1741110157633,1021.9573
1741110157673,1021.9402
1741110157711,1021.938
1741110157735,1021.9341
1741110157776,1021.9289
1741110157812,1021.94495
1741110157832,1021.9403
1741110157873,1021.9402
1741110157912,1021.9435
1741110157931,1021.94617
1741110157981,1021.94556
1741110158013,1021.9372
1741110158033,1021.93256
1741110158073,1021.94525
1741110158113,1021.9398
1741110158132,1021.948
1741110158192,1021.9459
1741110158210,1021.94824
1741110158232,1021.9507
1741110158273,1021.9568
1741110158311,1021.9515
1741110158333,1021.9442
1741110158373,1021.9339
1741110158415,1021.92523
1741110158431,1021.9267
1741110158471,1021.9329
1741110158516,1021.92834
1741110158531,1021.9363
1741110158573,1021.9403
1741110158612,1021.94495
1741110158633,1021.9452
1741110158674,1021.95605
1741110158714,1021.952
1741110158734,1021.9489
1741110158772,1021.93964
1741110158813,1021.9394
1741110158832,1021.9389
1741110158895,1021.9452
1741110158913,1021.9446
1741110158932,1021.9464
1741110158974,1021.95087
1741110159010,1021.94824
1741110159032,1021.94525
1741110159075,1021.9479
1741110159110,1021.94415
1741110159129,1021.9408
1741110159172,1021.93744
1741110159221,1021.9254
1741110159233,1021.9291
1741110159276,1021.9292
1741110159312,1021.9315
1741110159332,1021.93713
1741110159370,1021.9374
1741110159410,1021.9426
1741110159431,1021.9445
1741110159472,1021.92975
1741110159511,1021.92896
1741110159532,1021.93365
1741110159575,1021.93933
1741110159612,1021.9393
1741110159631,1021.94006
1741110159671,1021.9447
1741110159711,1021.9405
1741110159731,1021.9402
1741110159772,1021.932
1741110159810,1021.9391
1741110159834,1021.9403
1741110159873,1021.9385
1741110159918,1021.95026
1741110159935,1021.96063
1741110159970,1021.9686
1741110160010,1021.96387
1741110160031,1021.95386
1741110160071,1021.94763
1741110160111,1021.9315
1741110160133,1021.9241
1741110160170,1021.94604
1741110160211,1021.9451
1741110160232,1021.94104
1741110160271,1021.9346
1741110160310,1021.91956
1741110160331,1021.92114
1741110160372,1021.91846
1741110160410,1021.92566
1741110160431,1021.9365
1741110160470,1021.92053
1741110160511,1021.92163
1741110160530,1021.94885
1741110160571,1021.9385
1741110160610,1021.92444
1741110160632,1021.92334
1741110160677,1021.9317
1741110160711,1021.9399
1741110160734,1021.9348
1741110160772,1021.93677
1741110160819,1021.9321
1741110160831,1021.93066
1741110160871,1021.9312
1741110160911,1021.92883
1741110160930,1021.92896
1741110160973,1021.92664
1741110161013,1021.922
1741110161032,1021.9157
1741110161071,1021.9186
1741110161111,1021.93134
1741110161131,1021.92975
1741110161178,1021.94073
1741110161211,1021.9423
1741110161231,1021.9392
1741110161274,1021.9364
1741110161311,1021.94885
1741110161332,1021.9492
1741110161373,1021.93835
1741110161410,1021.9336
1741110161430,1021.9314
1741110161470,1021.9392
1741110161509,1021.9355
1741110161533,1021.9433
1741110161572,1021.93646
1741110161611,1021.93365
1741110161634,1021.94037
1741110161670,1021.9245
1741110161711,1021.9268
1741110161730,1021.93945
1741110161773,1021.9365
1741110161812,1021.93994
1741110161840,1021.9531
1741110161872,1021.9685
1741110161911,1021.95825
1741110161948,1021.95386
1741110161970,1021.9576
1741110162010,1021.95996
1741110162053,1021.96387
1741110162077,1021.9627
1741110162110,1021.95483
1741110162154,1021.95483
1741110162170,1021.9464
1741110162210,1021.94415
1741110162251,1021.94775
1741110162274,1021.9516
1741110162308,1021.9524
1741110162350,1021.94824
1741110162369,1021.94196
1741110162410,1021.93835
1741110162452,1021.94727
1741110162474,1021.94495
1741110162511,1021.9516
1741110162553,1021.9485
1741110162571,1021.951
1741110162612,1021.94714
1741110162649,1021.94336
1741110162671,1021.9418
1741110162714,1021.943
1741110162752,1021.94305
1741110162770,1021.9382
1741110162812,1021.9399
1741110162851,1021.9308
1741110162872,1021.9435
1741110162909,1021.9428
1741110162949,1021.9401
1741110162972,1021.93524
1741110163011,1021.9307
1741110163050,1021.9244
1741110163070,1021.9252
1741110163110,1021.92505
1741110163158,1021.9151
1741110163171,1021.92816
1741110163210,1021.9468
1741110163249,1021.94824
1741110163273,1021.9318
1741110163310,1021.9366
1741110163350,1021.9374
1741110163371,1021.9302
1741110163410,1021.9345
1741110163453,1021.92596
1741110163470,1021.93945
1741110163509,1021.94824
1741110163550,1021.9382
1741110163571,1021.9376
1741110163608,1021.9324
1741110163649,1021.9368
1741110163672,1021.9377
1741110163719,1021.9519
1741110163751,1021.944
1741110163772,1021.9448
1741110163810,1021.9486
1741110163850,1021.9332
1741110163870,1021.9361
1741110163910,1021.9421
1741110163951,1021.9281
1741110163972,1021.9343
1741110164010,1021.9358
1741110164060,1021.9333
1741110164071,1021.9371
1741110164108,1021.94293
1741110164147,1021.9487
1741110164167,1021.93945
1741110164216,1021.9326
1741110164250,1021.9291
1741110164270,1021.9317
1741110164311,1021.9431
1741110164349,1021.93774
1741110164369,1021.9365
1741110164423,1021.94556
1741110164448,1021.94446
1741110164478,1021.9327
1741110164509,1021.94196
1741110164549,1021.9397
1741110164589,1021.937
1741110164609,1021.9399
1741110164649,1021.93945
1741110164674,1021.9373
1741110164709,1021.9344
1741110164747,1021.93384
1741110164773,1021.9403
1741110164808,1021.93604
1741110164851,1021.93536
1741110164877,1021.93915
1741110164909,1021.9485
1741110164950,1021.94006
1741110164968,1021.94226
1741110165012,1021.9461
1741110165049,1021.9383
1741110165067,1021.9359
1741110165108,1021.9343
1741110165152,1021.9469
1741110165169,1021.9489
1741110165210,1021.9498
1741110165249,1021.95087
1741110165266,1021.9468
1741110165311,1021.9362
1741110165347,1021.9402
1741110165380,1021.94775
1741110165406,1021.9454
1741110165457,1021.93713
1741110165471,1021.94104
1741110165509,1021.9458
1741110165548,1021.93933
1741110165570,1021.9386
1741110165607,1021.93854
1741110165655,1021.92926
1741110165671,1021.9218
1741110165712,1021.92554
1741110165750,1021.93805
1741110165769,1021.9429
1741110165810,1021.9455
1741110165848,1021.94653
1741110165871,1021.9497
1741110165918,1021.94904
1741110165951,1021.9563
1741110165967,1021.95544
1741110166010,1021.95874
1741110166049,1021.9522
1741110166070,1021.9618
1741110166109,1021.9618
1741110166148,1021.9539
1741110166168,1021.95703
1741110166206,1021.9693
1741110166248,1021.9782
1741110166271,1021.97253
1741110166308,1021.97894
1741110166349,1021.9783
1741110166381,1021.985
1741110166412,1021.99744
1741110166455,1022.0186
1741110166470,1022.0157
1741110166510,1022.0123
1741110166551,1022.0038
1741110166568,1022.0174
1741110166611,1022.0192
1741110166649,1022.0247
1741110166672,1022.0417
1741110166711,1022.0506
1741110166749,1022.04956
1741110166768,1022.0505
1741110166806,1022.05273
1741110166852,1022.05316
1741110166870,1022.05695
1741110166911,1022.0542
1741110166947,1022.0476
1741110166969,1022.04846
1741110167007,1022.06726
1741110167050,1022.0842
1741110167070,1022.0866
1741110167110,1022.08496
1741110167150,1022.0934
1741110167166,1022.1012
1741110167209,1022.1052
1741110167251,1022.09796
1741110167269,1022.1028
1741110167310,1022.1051
1741110167346,1022.1081
1741110167370,1022.10004
1741110167408,1022.1055
1741110167451,1022.1095
1741110167465,1022.10535
1741110167506,1022.1122
1741110167548,1022.1094
1741110167568,1022.1177
1741110167606,1022.1326
1741110167648,1022.1344
1741110167670,1022.14
1741110167709,1022.1361
1741110167747,1022.1362
1741110167769,1022.1325
1741110167809,1022.1355
1741110167847,1022.1257
1741110167867,1022.13873
1741110167906,1022.1369
1741110167949,1022.14124
1741110167969,1022.1286
1741110168005,1022.1313
1741110168049,1022.1219
1741110168068,1022.1251
1741110168108,1022.1174
1741110168148,1022.1168
1741110168166,1022.10956
1741110168206,1022.1176
1741110168249,1022.125
1741110168265,1022.12
1741110168306,1022.13464
1741110168346,1022.1439
1741110168365,1022.1304
1741110168408,1022.1295
1741110168448,1022.1304
1741110168466,1022.12775
1741110168509,1022.12946
1741110168550,1022.12854
1741110168565,1022.1318
1741110168614,1022.1343
1741110168649,1022.12524
1741110168665,1022.1177
1741110168706,1022.1243
1741110168749,1022.1241
1741110168770,1022.1391
1741110168810,1022.1285
1741110168845,1022.12976
1741110168871,1022.1216
1741110168910,1022.1205
1741110168946,1022.1209
1741110168971,1022.122
1741110169008,1022.12646
1741110169045,1022.12317
1741110169067,1022.1279
1741110169106,1022.1294
1741110169144,1022.12476
1741110169165,1022.1103
1741110169211,1022.11566
1741110169246,1022.12134
1741110169268,1022.1128
1741110169304,1022.11487
1741110169346,1022.1167
1741110169367,1022.11285
1741110169408,1022.119
1741110169446,1022.12396
1741110169465,1022.10986
1741110169509,1022.1061
1741110169548,1022.104
1741110169564,1022.1065
1741110169610,1022.1151
1741110169650,1022.11743
1741110169671,1022.1216
1741110169716,1022.11646
1741110169744,1022.1034
1741110169764,1022.10406
1741110169810,1022.10693
1741110169853,1022.1124
1741110169874,1022.1116
1741110169905,1022.09644
1741110169948,1022.0913
1741110169970,1022.0881
1741110170005,1022.0845
1741110170046,1022.08484
1741110170067,1022.0792
1741110170105,1022.08325
1741110170145,1022.08435
1741110170165,1022.08417
1741110170208,1022.086
1741110170251,1022.0893
1741110170266,1022.0781
1741110170312,1022.0613
1741110170346,1022.05676
1741110170365,1022.05
1741110170404,1022.05914
1741110170444,1022.05963
1741110170469,1022.0554
1741110170514,1022.0542
1741110170545,1022.0377
1741110170566,1022.03564
1741110170606,1022.03613
1741110170644,1022.04315
1741110170666,1022.05
1741110170705,1022.0437
1741110170744,1022.0377
1741110170779,1022.04297
1741110170805,1022.0522
1741110170847,1022.0359
1741110170865,1022.028
1741110170906,1022.0341
1741110170949,1022.031
1741110170966,1022.0254
1741110171005,1022.0179
1741110171045,1022.0185
1741110171065,1022.0295
1741110171107,1022.03217
1741110171146,1022.02985
1741110171168,1022.02075
1741110171209,1022.00665
1741110171248,1021.9985
1741110171263,1022.00214
1741110171307,1022.00183
1741110171348,1021.99286
1741110171366,1022.01306
1741110171406,1022.01556
1741110171445,1022.02594
1741110171466,1022.0282
1741110171508,1022.0249
1741110171545,1022.0152
1741110171566,1022.0092
1741110171606,1022.0083
1741110171643,1022.01105
1741110171668,1022.0067
1741110171704,1021.9973
1741110171744,1022.0043
1741110171768,1021.9951
1741110171803,1021.9952
1741110171847,1021.98914
1741110171869,1021.9841
1741110171905,1021.9955
1741110171957,1021.9901
1741110171967,1021.99506
1741110172002,1021.9923
1741110172048,1021.9966
1741110172065,1021.9896
1741110172104,1021.99005
1741110172149,1021.9846
1741110172163,1021.9843
1741110172204,1021.9849
1741110172248,1021.98334
1741110172265,1021.97595
1741110172305,1021.9776
1741110172345,1021.9774
1741110172370,1021.9823
1741110172405,1021.9792
1741110172445,1021.96735
1741110172464,1021.9713
1741110172504,1021.9656
1741110172544,1021.96027
1741110172566,1021.9708
1741110172603,1021.9728
1741110172646,1021.9762
1741110172662,1021.97003
1741110172704,1021.98
1741110172747,1021.98926
1741110172762,1021.97217
1741110172807,1021.9685
1741110172843,1021.9706
1741110172865,1021.95935
1741110172913,1021.96295
1741110172950,1021.96436
1741110172968,1021.9607
1741110173008,1021.958
1741110173044,1021.96216
1741110173064,1021.954
1741110173106,1021.95355
1741110173146,1021.9569
1741110173171,1021.9529
1741110173204,1021.94556
1741110173245,1021.953
1741110173266,1021.9593
1741110173303,1021.956
1741110173346,1021.96136
1741110173362,1021.96564
1741110173409,1021.96423
1741110173444,1021.9553
1741110173463,1021.9553
1741110173509,1021.96155
1741110173547,1021.9567
1741110173567,1021.9576
1741110173602,1021.9642
1741110173643,1021.95825
1741110173663,1021.9508
1741110173710,1021.9491
1741110173743,1021.9456
1741110173764,1021.95044
1741110173804,1021.9549
1741110173843,1021.9623
1741110173863,1021.97125
1741110173904,1021.9676
1741110173942,1021.9654
1741110173965,1021.96954
1741110174002,1021.9674
1741110174044,1021.9569
1741110174063,1021.95135
1741110174104,1021.9488
1741110174147,1021.9519
1741110174163,1021.95154
1741110174204,1021.94763
1741110174244,1021.9512
1741110174263,1021.94415
1741110174302,1021.9439
1741110174342,1021.937
1741110174362,1021.9286
1741110174404,1021.93243
1741110174444,1021.9365
1741110174463,1021.9325
1741110174502,1021.93115
1741110174543,1021.94885
1741110174564,1021.93896
1741110174610,1021.9395
1741110174652,1021.94977
1741110174669,1021.94855
1741110174705,1021.9437
1741110174748,1021.9435
1741110174762,1021.9406
1741110174805,1021.93677
1741110174846,1021.9448
1741110174861,1021.95544
1741110174904,1021.9404
1741110174943,1021.94147
1741110174962,1021.9345
1741110175004,1021.9322
1741110175042,1021.937
1741110175070,1021.93555
1741110175101,1021.9455
1741110175142,1021.949
1741110175165,1021.9399
1741110175204,1021.9476
1741110175244,1021.95795
1741110175264,1021.959
1741110175303,1021.95123
1741110175343,1021.934
1741110175362,1021.93884
1741110175403,1021.93835
1741110175442,1021.93097
1741110175463,1021.9392
1741110175514,1021.9272
1741110175547,1021.91724
1741110175562,1021.92053
1741110175603,1021.92206
1741110175642,1021.923
1741110175663,1021.93604
1741110175702,1021.93616
1741110175742,1021.9396
1741110175762,1021.9497
1741110175804,1021.943
1741110175842,1021.9372
1741110175863,1021.94025
1741110175904,1021.9361
1741110175943,1021.93445
1741110175964,1021.93774
1741110176008,1021.9316
1741110176042,1021.93427
1741110176061,1021.9387
1741110176104,1021.9375
1741110176144,1021.93384
1741110176162,1021.93036
1741110176203,1021.9283
1741110176244,1021.9404
1741110176263,1021.9433
1741110176302,1021.94324
1741110176345,1021.9457
1741110176365,1021.94415
1741110176401,1021.94885
1741110176446,1021.94995
1741110176466,1021.94714
1741110176503,1021.9551
1741110176545,1021.9434
1741110176561,1021.9348
1741110176603,1021.93353
1741110176641,1021.9287
1741110176665,1021.92676
1741110176703,1021.92236
1741110176742,1021.92053
1741110176761,1021.92346
1741110176803,1021.92883
1741110176848,1021.93384
1741110176860,1021.94073
1741110176902,1021.9329
1741110176941,1021.91895
1741110176964,1021.9351
1741110177009,1021.9388
1741110177040,1021.9395
1741110177063,1021.93054
1741110177104,1021.9308
1741110177141,1021.9344
1741110177163,1021.93756
1741110177209,1021.9424
1741110177241,1021.93835
1741110177262,1021.9324
1741110177308,1021.932
1741110177341,1021.9348
1741110177364,1021.9318
1741110177406,1021.921
1741110177449,1021.92053
1741110177460,1021.92365
1741110177508,1021.93036
1741110177542,1021.9317
1741110177561,1021.9399
1741110177601,1021.9358
1741110177644,1021.9314
1741110177668,1021.9446
1741110177702,1021.9486
1741110177742,1021.9394
1741110177761,1021.93835
1741110177801,1021.93335
1741110177840,1021.92786
1741110177860,1021.933
1741110177906,1021.94617
1741110177942,1021.9451
1741110177962,1021.9357
1741110178005,1021.93225
1741110178041,1021.9337
1741110178064,1021.933
1741110178101,1021.94006
1741110178140,1021.93616
1741110178162,1021.942
1741110178203,1021.9524
1741110178245,1021.9332
1741110178264,1021.93164
1741110178301,1021.9246
1741110178341,1021.9253
1741110178361,1021.9381
1741110178406,1021.938
1741110178441,1021.9318
1741110178461,1021.9374
1741110178501,1021.9276
1741110178542,1021.9265
1741110178569,1021.9237
1741110178600,1021.9094
1741110178644,1021.90454
1741110178666,1021.91284
1741110178700,1021.9342
1741110178745,1021.92523
1741110178762,1021.93604
1741110178808,1021.9382
1741110178841,1021.933
1741110178862,1021.9497
1741110178900,1021.9549
1741110178941,1021.9448
1741110178959,1021.9333
1741110179000,1021.93164
1741110179041,1021.9356
1741110179060,1021.9378
1741110179099,1021.93945
1741110179141,1021.9397
1741110179161,1021.9353
1741110179200,1021.92914
1741110179244,1021.9161
1741110179263,1021.9165
1741110179300,1021.9293
1741110179339,1021.9315
1741110179359,1021.9108
1741110179400,1021.9183
1741110179441,1021.92505
1741110179461,1021.9275
1741110179500,1021.93054
1741110179541,1021.92444
1741110179568,1021.9246
1741110179600,1021.91785
1741110179644,1021.9264
1741110179660,1021.9265
1741110179706,1021.92535
1741110179742,1021.93286
1741110179764,1021.92944
1741110179803,1021.928
1741110179842,1021.92426
1741110179866,1021.9246
1741110179900,1021.9241
1741110179941,1021.9199
1741110179969,1021.91504
1741110180001,1021.91614
1741110180055,1021.91736
1741110180059,1021.9232
1741110180101,1021.91797
1741110180144,1021.9265
1741110180161,1021.9252
1741110180199,1021.922
1741110180240,1021.93097
1741110180261,1021.91785
1741110180303,1021.91394
1741110180339,1021.9101
1741110180360,1021.9183
1741110180403,1021.92395
1741110180440,1021.9242
1741110180460,1021.91223
1741110180500,1021.9104
1741110180541,1021.9048
1741110180558,1021.90454
1741110180602,1021.91
1741110180639,1021.911
1741110180661,1021.9128
1741110180703,1021.9087
1741110180742,1021.91003
1741110180768,1021.9171
1741110180799,1021.9258
1741110180841,1021.9169
1741110180860,1021.9185
1741110180903,1021.9096
1741110180939,1021.9116
1741110180959,1021.90857
1741110181001,1021.9074
1741110181045,1021.9036
1741110181064,1021.8935
1741110181105,1021.9078
1741110181144,1021.9071
1741110181159,1021.89075
1741110181200,1021.88617
1741110181240,1021.88794
1741110181265,1021.91205
1741110181301,1021.9048
1741110181349,1021.9183
1741110181358,1021.9257
1741110181399,1021.9126
1741110181445,1021.9141
1741110181461,1021.91644
1741110181501,1021.9098
1741110181541,1021.89966
1741110181560,1021.90356
1741110181599,1021.9005
1741110181641,1021.90234
1741110181661,1021.9192
1741110181698,1021.9093
1741110181738,1021.90497
1741110181761,1021.90497
1741110181800,1021.90845
1741110181840,1021.9125
1741110181858,1021.9104
1741110181902,1021.9106
1741110181942,1021.9165
1741110181961,1021.90564
1741110182005,1021.92224
1741110182038,1021.9181
1741110182058,1021.91064
1741110182099,1021.9177
1741110182140,1021.9137
1741110182158,1021.9169
1741110182202,1021.91693
1741110182239,1021.9115
1741110182258,1021.9075
1741110182309,1021.90894
1741110182340,1021.91223
1741110182359,1021.9033
1741110182401,1021.8964
1741110182441,1021.90466
1741110182463,1021.90967
1741110182499,1021.9067
1741110182541,1021.90906
1741110182558,1021.91016
1741110182599,1021.91907
1741110182641,1021.91583
1741110182660,1021.9187
1741110182698,1021.9219
1741110182747,1021.9066
1741110182758,1021.9043
1741110182800,1021.91174
1741110182837,1021.9088
1741110182856,1021.89905
1741110182897,1021.9067
1741110182939,1021.9156
1741110182961,1021.917
1741110183000,1021.91016
1741110183046,1021.9081
1741110183058,1021.9103
1741110183099,1021.912
1741110183137,1021.90076
1741110183158,1021.8986
1741110183197,1021.9141
1741110183236,1021.9136
1741110183260,1021.91156
1741110183296,1021.9093
1741110183337,1021.90137
1741110183357,1021.8938
1741110183397,1021.89417
1741110183438,1021.89746
1741110183461,1021.89795
1741110183500,1021.8995
1741110183536,1021.899
1741110183560,1021.9043
1741110183603,1021.8936
1741110183643,1021.8955
1741110183660,1021.8977
1741110183697,1021.90485
1741110183741,1021.91
1741110183783,1021.9197
1741110183797,1021.91437
1741110183837,1021.91974
1741110183879,1021.9187
1741110183909,1021.9159
1741110183939,1021.9115
1741110183978,1021.91156
1741110183998,1021.8958
1741110184038,1021.8965
1741110184076,1021.9019
1741110184097,1021.91077
1741110184142,1021.909
1741110184179,1021.9028
1741110184197,1021.9017
1741110184244,1021.90125
1741110184277,1021.90063
1741110184297,1021.90576
1741110184348,1021.90845
1741110184376,1021.90924
1741110184397,1021.9192
1741110184440,1021.9119
1741110184477,1021.9104
1741110184499,1021.90875
1741110184538,1021.91174
1741110184582,1021.91675
1741110184598,1021.9163
1741110184648,1021.90857
1741110184676,1021.90295
1741110184698,1021.90826
1741110184738,1021.90674
1741110184780,1021.90454
1741110184807,1021.89734
1741110184838,1021.8923
1741110184878,1021.8948
1741110184900,1021.901
1741110184938,1021.9156
1741110184976,1021.9148
1741110184996,1021.91296
1741110185036,1021.9274
1741110185076,1021.93024
1741110185097,1021.9298
1741110185138,1021.9173
1741110185178,1021.91614
1741110185202,1021.9062
1741110185242,1021.90485
1741110185280,1021.9105
1741110185300,1021.9066
1741110185338,1021.9045
1741110185379,1021.9083
1741110185397,1021.9099
1741110185437,1021.90906
1741110185488,1021.904
1741110185504,1021.9004
1741110185536,1021.88654
1741110185579,1021.9025
1741110185596,1021.9158
1741110185649,1021.9005
1741110185676,1021.89624
1741110185703,1021.895
1741110185742,1021.9022
1741110185788,1021.90424
1741110185796,1021.9049
1741110185836,1021.9039
1741110185878,1021.90857
1741110185897,1021.91187
1741110185940,1021.9057
1741110185979,1021.89124
1741110185995,1021.8881
1741110186036,1021.87994
1741110186076,1021.8887
1741110186096,1021.8913
1741110186139,1021.90533
1741110186189,1021.9055
1741110186204,1021.90704
1741110186239,1021.91815
1741110186281,1021.91437
1741110186299,1021.9187
1741110186352,1021.9075
1741110186376,1021.90894
1741110186401,1021.9093
1741110186438,1021.9141
1741110186475,1021.91833
1741110186496,1021.9183
1741110186538,1021.9176
1741110186577,1021.90356
1741110186597,1021.8944
1741110186640,1021.9103
1741110186676,1021.9024
1741110186702,1021.90076
1741110186736,1021.90326
1741110186777,1021.91077
1741110186809,1021.8998
1741110186836,1021.9044
1741110186880,1021.9081
1741110186896,1021.90515
1741110186937,1021.9103
1741110186977,1021.9077
1741110187014,1021.90173
1741110187035,1021.9106
1741110187076,1021.90967
1741110187100,1021.9077
1741110187138,1021.89325
1741110187178,1021.8862
1741110187209,1021.89984
1741110187237,1021.904
1741110187275,1021.9024
1741110187296,1021.9002
1741110187338,1021.89764
1741110187377,1021.89984
1741110187395,1021.9186
1741110187438,1021.92584
1741110187477,1021.9112
1741110187497,1021.90155
1741110187538,1021.9017
1741110187576,1021.91016
1741110187596,1021.9126
1741110187635,1021.90894
1741110187676,1021.9161
1741110187694,1021.9074
1741110187736,1021.90393
1741110187776,1021.9059
1741110187798,1021.9041
1741110187836,1021.9073
1741110187876,1021.9142
1741110187899,1021.9033
1741110187934,1021.9107
1741110187977,1021.90625
1741110188001,1021.901
1741110188037,1021.90436
1741110188077,1021.90826
1741110188096,1021.91144
1741110188136,1021.91486
1741110188175,1021.90955
1741110188195,1021.91473
1741110188240,1021.9198
1741110188274,1021.92285
1741110188296,1021.91077
1741110188345,1021.89465
1741110188377,1021.89417
1741110188397,1021.9061
1741110188438,1021.8917
1741110188478,1021.9021
1741110188503,1021.9143
1741110188536,1021.9209
1741110188575,1021.9242
1741110188594,1021.91766
1741110188636,1021.9092
1741110188674,1021.90137
1741110188695,1021.89417
1741110188736,1021.8927
1741110188775,1021.8921
1741110188795,1021.88684
1741110188834,1021.88806
1741110188875,1021.89197
1741110188907,1021.8989
1741110188936,1021.9053
1741110188983,1021.90405
1741110189004,1021.9016
1741110189035,1021.8968
1741110189079,1021.9104
1741110189094,1021.89764
1741110189139,1021.8905
1741110189175,1021.8822
1741110189193,1021.8965
1741110189237,1021.89905
1741110189274,1021.90234
1741110189296,1021.9099
1741110189343,1021.9076
1741110189375,1021.9094
1741110189394,1021.91003
1741110189434,1021.9069
1741110189474,1021.8883
1741110189495,1021.88184
1741110189536,1021.8834
1741110189578,1021.90125
1741110189596,1021.8945
1741110189637,1021.9035
1741110189688,1021.90717
1741110189694,1021.90063
1741110189736,1021.90906
1741110189780,1021.9182
1741110189794,1021.9194
1741110189835,1021.9075
1741110189875,1021.91077
1741110189895,1021.9141
1741110189933,1021.9116
1741110189974,1021.9082
1741110189994,1021.90326
1741110190034,1021.8997
1741110190081,1021.9
1741110190096,1021.8861
1741110190136,1021.89124
1741110190188,1021.8892
1741110190194,1021.8847
1741110190236,1021.8886
1741110190273,1021.8963
1741110190293,1021.89514
1741110190335,1021.8918
1741110190374,1021.8935
1741110190395,1021.8923
1741110190435,1021.8964
1741110190475,1021.9019
1741110190495,1021.8976
1741110190535,1021.89844
1741110190575,1021.9071
1741110190601,1021.90216
1741110190633,1021.8964
1741110190681,1021.8915
1741110190694,1021.88684
1741110190735,1021.90656
1741110190773,1021.89514
1741110190794,1021.88727
1741110190837,1021.8956
1741110190873,1021.8959
1741110190895,1021.91425
1741110190936,1021.9177
1741110190973,1021.9094
1741110190993,1021.90283
1741110191039,1021.8947
1741110191082,1021.89233
1741110191094,1021.89124
1741110191134,1021.91156
1741110191173,1021.90906
1741110191196,1021.89825
1741110191235,1021.89294
1741110191273,1021.8949
1741110191296,1021.8981
1741110191336,1021.89966
1741110191375,1021.90936
1741110191395,1021.91907
1741110191435,1021.9241
1741110191473,1021.91376
1741110191494,1021.90546
1741110191534,1021.90125
1741110191574,1021.8912
1741110191595,1021.88794
1741110191634,1021.8906
1741110191674,1021.89105
1741110191694,1021.89197
1741110191735,1021.8964
1741110191772,1021.898
1741110191794,1021.88947
1741110191835,1021.8814
1741110191873,1021.8872
1741110191898,1021.89374
1741110191935,1021.8955
1741110191974,1021.89496
1741110191994,1021.9102
1741110192033,1021.90625
1741110192075,1021.9108
1741110192092,1021.9383
1741110192133,1021.9396
1741110192173,1021.93
1741110192194,1021.92706
1741110192236,1021.92444
1741110192274,1021.9192
1741110192294,1021.9115
1741110192341,1021.90674
1741110192373,1021.90265
1741110192392,1021.8999
1741110192436,1021.89417
1741110192473,1021.90546
1741110192492,1021.90515
1741110192535,1021.91394
1741110192574,1021.9164
1741110192595,1021.9074
1741110192632,1021.892
1741110192671,1021.90173
1741110192691,1021.9149
1741110192734,1021.91156
1741110192789,1021.9186
1741110192792,1021.91724
1741110192837,1021.9004
1741110192878,1021.9062
1741110192893,1021.91034
1741110192934,1021.9167
1741110192972,1021.91315
1741110192993,1021.9073
1741110193031,1021.8995
1741110193072,1021.9042
1741110193092,1021.93335
1741110193133,1021.9445
1741110193173,1021.9276
1741110193194,1021.92017
1741110193231,1021.9199
1741110193279,1021.92456
1741110193293,1021.929
1741110193334,1021.9199
1741110193372,1021.9136
1741110193394,1021.923
1741110193435,1021.92694
1741110193473,1021.91956
1741110193493,1021.92346
1741110193532,1021.9307
1741110193573,1021.9318
1741110193592,1021.92236
1741110193632,1021.92957
1741110193671,1021.9249
1741110193693,1021.9282
1741110193733,1021.9302
1741110193772,1021.92255
1741110193792,1021.9169
1741110193836,1021.90436
1741110193872,1021.89844
1741110193892,1021.9023
1741110193933,1021.9049
1741110193973,1021.907
1741110193994,1021.89764
1741110194041,1021.892
1741110194072,1021.90466
1741110194094,1021.904
1741110194134,1021.90674
1741110194172,1021.9142
1741110194195,1021.91376
1741110194234,1021.9182
1741110194272,1021.9159
1741110194292,1021.9171
1741110194333,1021.9041
1741110194372,1021.90283
1741110194392,1021.9088
1741110194435,1021.9037
1741110194470,1021.89966
1741110194492,1021.8988
1741110194530,1021.9104
1741110194572,1021.9203
1741110194591,1021.9148
1741110194635,1021.91034
1741110194672,1021.91327
1741110194694,1021.9098
1741110194734,1021.9154
1741110194771,1021.9282
1741110194794,1021.91595
1741110194831,1021.91235
1741110194877,1021.9028
1741110194892,1021.9062
1741110194932,1021.9031
1741110194972,1021.907
1741110194992,1021.90393
1741110195032,1021.9005
1741110195071,1021.89075
1741110195091,1021.9026
1741110195132,1021.90466
1741110195172,1021.909
1741110195193,1021.9041
1741110195233,1021.8962
1741110195272,1021.8896
1741110195291,1021.88306
1741110195331,1021.89575
1741110195373,1021.89966
1741110195391,1021.899
1741110195432,1021.9004
1741110195471,1021.90826
1741110195493,1021.9142
1741110195542,1021.91724
1741110195573,1021.914
1741110195592,1021.91864
1741110195631,1021.9293
1741110195674,1021.9176
1741110195691,1021.8948
1741110195733,1021.9037
1741110195772,1021.9133
1741110195792,1021.8971
1741110195840,1021.9089
1741110195872,1021.9189
1741110195892,1021.92175
1741110195932,1021.9307
1741110195981,1021.9252
1741110195990,1021.92346
1741110196032,1021.9131
1741110196073,1021.90686
1741110196093,1021.91406
1741110196133,1021.91614
1741110196171,1021.9075
1741110196190,1021.9095
1741110196231,1021.9065
1741110196272,1021.8976
1741110196293,1021.90466
1741110196333,1021.91156
1741110196372,1021.91736
1741110196392,1021.91125
1741110196431,1021.90894
1741110196471,1021.9133
1741110196493,1021.9204
1741110196530,1021.9072
1741110196573,1021.91254
1741110196596,1021.9224
1741110196631,1021.92285
1741110196690,1021.92505
1741110196690,1021.9253
1741110196733,1021.9186
1741110196774,1021.9206
1741110196789,1021.9229
1741110196831,1021.9294
1741110196870,1021.9159
1741110196890,1021.9027
1741110196930,1021.898
1741110196970,1021.9147
1741110196992,1021.9167
1741110197030,1021.92175
1741110197069,1021.9341
1741110197092,1021.9286
1741110197131,1021.9251
1741110197171,1021.9318
1741110197192,1021.9242
1741110197230,1021.92065
1741110197273,1021.9134
1741110197305,1021.9118
1741110197331,1021.9132
1741110197376,1021.9138
1741110197390,1021.9042
1741110197430,1021.90424
1741110197483,1021.9064
1741110197490,1021.91455
1741110197531,1021.91907
1741110197573,1021.91943
1741110197594,1021.9163
1741110197632,1021.9204
1741110197671,1021.92084
1741110197693,1021.91473
1741110197732,1021.9053
1741110197770,1021.91125
1741110197791,1021.91907
1741110197833,1021.9231
1741110197872,1021.9236
1741110197892,1021.9233
1741110197933,1021.9106
1741110197970,1021.9013
1741110197993,1021.90466
1741110198030,1021.9146
1741110198070,1021.9085
1741110198089,1021.9038
1741110198132,1021.89105
1741110198172,1021.89307
1741110198196,1021.89935
1741110198231,1021.8978
1741110198270,1021.9045
1741110198289,1021.9056
1741110198330,1021.9047
1741110198373,1021.91833
1741110198392,1021.9252
1741110198439,1021.9202
1741110198471,1021.91174
1741110198492,1021.9026
1741110198536,1021.8997
1741110198571,1021.8976
1741110198591,1021.8983
1741110198631,1021.8931
1741110198671,1021.88556
1741110198690,1021.8859
1741110198735,1021.89746
1741110198771,1021.9075
1741110198790,1021.90393
1741110198832,1021.9016
1741110198871,1021.90375
1741110198889,1021.90576
1741110198930,1021.9068
1741110198971,1021.907
1741110198992,1021.91235
1741110199030,1021.9098
1741110199071,1021.9087
1741110199091,1021.89764
1741110199132,1021.8966
1741110199169,1021.9074
1741110199190,1021.9079
1741110199230,1021.9014
1741110199272,1021.8877
1741110199290,1021.86957
1741110199330,1021.8708
1741110199368,1021.87366
1741110199389,1021.8806
1741110199432,1021.8916
1741110199469,1021.91205
1741110199491,1021.9216
1741110199532,1021.9263
1741110199568,1021.92114
1741110199589,1021.91516
1741110199630,1021.91223
1741110199673,1021.9186
1741110199690,1021.927
1741110199730,1021.9236
1741110199774,1021.9163
1741110199789,1021.91565
1741110199834,1021.915
1741110199869,1021.9115
1741110199891,1021.9253
1741110199930,1021.91736
1741110199969,1021.923
1741110199993,1021.9348
1741110200035,1021.94104
1741110200071,1021.93805
1741110200092,1021.9385
1741110200129,1021.9425
1741110200174,1021.9341
1741110200189,1021.9333
1741110200232,1021.93445
1741110200272,1021.9429
1741110200296,1021.9398
1741110200332,1021.938
1741110200369,1021.92737
1741110200390,1021.91614
1741110200431,1021.91455
1741110200470,1021.933
1741110200491,1021.9302
1741110200529,1021.93604
1741110200572,1021.94214
1741110200592,1021.94635
1741110200630,1021.9446
1741110200671,1021.9421
1741110200702,1021.9435
1741110200733,1021.93634
1741110200769,1021.9268
1741110200789,1021.93176
1741110200831,1021.9394
1741110200875,1021.9525
1741110200891,1021.9413
1741110200940,1021.9381
1741110200971,1021.94037
1741110200987,1021.9438
1741110201036,1021.94116
1741110201067,1021.93646
1741110201088,1021.9395
1741110201131,1021.95074
1741110201169,1021.9485
1741110201191,1021.9443
1741110201234,1021.93835
1741110201269,1021.9364
1741110201289,1021.93665
1741110201327,1021.9358
1741110201368,1021.92566
1741110201391,1021.9269
1741110201429,1021.93286
1741110201471,1021.9286
1741110201497,1021.9281
1741110201534,1021.9203
1741110201567,1021.91766
1741110201589,1021.9339
1741110201630,1021.9314
1741110201667,1021.9374
1741110201688,1021.95325
1741110201730,1021.95825
1741110201769,1021.96484
1741110201790,1021.9638
1741110201828,1021.9644
1741110201869,1021.95013
1741110201890,1021.93726
1741110201930,1021.92676
1741110201970,1021.92865
1741110201987,1021.942
1741110202028,1021.93884
1741110202068,1021.921
1741110202087,1021.9118
1741110202129,1021.8978
1741110202173,1021.9004
1741110202189,1021.9099
1741110202231,1021.9186
1741110202267,1021.9169
1741110202291,1021.91785
1741110202335,1021.9119
1741110202373,1021.90485
1741110202389,1021.9042
1741110202431,1021.9031
1741110202468,1021.90625
1741110202488,1021.91266
1741110202528,1021.9175
1741110202578,1021.9154
1741110202587,1021.9176
1741110202631,1021.9192
1741110202670,1021.92145
1741110202695,1021.9117
1741110202726,1021.89667
1741110202768,1021.91693
1741110202786,1021.9165
1741110202827,1021.9257
1741110202868,1021.9409
1741110202892,1021.93567
1741110202927,1021.94525
1741110202968,1021.94653
1741110202993,1021.9436
1741110203030,1021.93176
1741110203070,1021.9276
1741110203087,1021.91736
1741110203127,1021.91534
1741110203169,1021.9244
1741110203187,1021.9263
1741110203239,1021.91846
1741110203267,1021.90936
1741110203290,1021.9027
1741110203326,1021.90906
1741110203367,1021.90735
1741110203389,1021.9145
1741110203431,1021.9132
1741110203466,1021.9081
1741110203491,1021.9256
1741110203529,1021.9167
1741110203572,1021.9121
1741110203588,1021.9049
1741110203631,1021.9138
1741110203666,1021.92175
1741110203686,1021.921
1741110203725,1021.92334
1741110203766,1021.917
1741110203791,1021.92
1741110203828,1021.9231
1741110203869,1021.91425
1741110203886,1021.9086
1741110203927,1021.90186
1741110203969,1021.91943
1741110203986,1021.9405
1741110204031,1021.9281
1741110204070,1021.9392
1741110204086,1021.94666
1741110204130,1021.9519
1741110204169,1021.9501
1741110204190,1021.934
1741110204226,1021.926
1741110204270,1021.9168
1741110204288,1021.91223
1741110204331,1021.9155
1741110204376,1021.9217
1741110204385,1021.9169
1741110204428,1021.91595
1741110204472,1021.9183
1741110204488,1021.91626
1741110204553,1021.925
1741110204565,1021.92926
1741110204585,1021.92944
1741110204627,1021.92883
1741110204669,1021.91974
1741110204686,1021.9209
1741110204737,1021.917
1741110204769,1021.91187
1741110204800,1021.9167
1741110204825,1021.9247
1741110204872,1021.9296
1741110204887,1021.9238
1741110204925,1021.93054
1741110204972,1021.9223
1741110204989,1021.9216
1741110205028,1021.9194
1741110205068,1021.91315
1741110205089,1021.8985
1741110205128,1021.90674
1741110205166,1021.9279
1741110205189,1021.9275
1741110205225,1021.93066
1741110205268,1021.93445
1741110205285,1021.9465
1741110205332,1021.95825
1741110205365,1021.95844
1741110205387,1021.9453
1741110205425,1021.93713
1741110205466,1021.9292
1741110205489,1021.9265
1741110205530,1021.9293
1741110205567,1021.9426
1741110205589,1021.9387
1741110205626,1021.9195
1741110205674,1021.9211
1741110205705,1021.91406
1741110205726,1021.9143
1741110205766,1021.92523
1741110205804,1021.9238
1741110205827,1021.9199
1741110205866,1021.9145
1741110205908,1021.9153
1741110205927,1021.9143
1741110205969,1021.9227
1741110206006,1021.9262
1741110206033,1021.9198
1741110206065,1021.91815
1741110206105,1021.91626
1741110206125,1021.92004
1741110206172,1021.9252
1741110206208,1021.9313
1741110206225,1021.94366
1741110206268,1021.93945
1741110206320,1021.92206
1741110206328,1021.9139
1741110206365,1021.92535
1741110206406,1021.9238
1741110206433,1021.92584
1741110206464,1021.94025
1741110206509,1021.94275
1741110206525,1021.95667
1741110206571,1021.9557
1741110206606,1021.9386
1741110206625,1021.9286
1741110206672,1021.9165
1741110206704,1021.9052
1741110206725,1021.9085
1741110206782,1021.9139
1741110206805,1021.9034
1741110206826,1021.90765
1741110206868,1021.91156
1741110206905,1021.906
1741110206929,1021.9099
1741110206967,1021.9236
1741110207015,1021.92053
1741110207029,1021.91907
1741110207067,1021.90967
1741110207104,1021.92175
1741110207125,1021.91754
1741110207164,1021.91986
1741110207206,1021.9127
1741110207226,1021.92065
1741110207266,1021.92755
1741110207306,1021.917
1741110207326,1021.92896
1741110207366,1021.92126
1741110207412,1021.9314
1741110207428,1021.93604
1741110207474,1021.9331
1741110207503,1021.91095
1741110207528,1021.90594
1741110207563,1021.9074
1741110207603,1021.9115
1741110207627,1021.9269
1741110207669,1021.9453
1741110207705,1021.94226
1741110207726,1021.95483
1741110207765,1021.96375
1741110207805,1021.9557
1741110207825,1021.94635
1741110207865,1021.92426
1741110207906,1021.9205
1741110207925,1021.9237
1741110207966,1021.9139
1741110208004,1021.90173
1741110208025,1021.90515
1741110208066,1021.9027
1741110208104,1021.9039
1741110208125,1021.9118
1741110208167,1021.9202
1741110208209,1021.9257
1741110208223,1021.94165
1741110208265,1021.945
1741110208308,1021.9225
1741110208324,1021.93243
1741110208370,1021.93585
1741110208404,1021.9306
1741110208424,1021.9325
1741110208463,1021.9238
1741110208503,1021.9304
1741110208526,1021.9287
1741110208568,1021.93
1741110208605,1021.9244
1741110208624,1021.90924
1741110208668,1021.8964
1741110208705,1021.9036
1741110208724,1021.92114
1741110208766,1021.9143
1741110208803,1021.9316
1741110208824,1021.9424
1741110208869,1021.94745
1741110208910,1021.9551
1741110208923,1021.95337
1741110208965,1021.9431
1741110209008,1021.92957
1741110209023,1021.92377
1741110209069,1021.91724
1741110209106,1021.91724
1741110209126,1021.91846
1741110209168,1021.9193
1741110209205,1021.9187
1741110209226,1021.91626
1741110209263,1021.9165
1741110209305,1021.9209
1741110209329,1021.92847
1741110209362,1021.9258
1741110209403,1021.91223
1741110209422,1021.9227
1741110209465,1021.91895
1741110209505,1021.92285
1741110209524,1021.9258
1741110209563,1021.925
1741110209609,1021.9162
1741110209622,1021.91296
1741110209664,1021.9165
1741110209706,1021.9251
1741110209722,1021.9263
1741110209764,1021.91473
1741110209803,1021.9015
1741110209826,1021.90515
1741110209864,1021.90826
1741110209905,1021.9075
1741110209929,1021.92346
1741110209964,1021.92883
1741110210003,1021.942
1741110210025,1021.9516
1741110210066,1021.9425
1741110210104,1021.93726
1741110210122,1021.93494
1741110210164,1021.92065
1741110210203,1021.9033
1741110210224,1021.9149
1741110210262,1021.9216
1741110210304,1021.917
1741110210322,1021.9168
1741110210370,1021.91895
1741110210404,1021.9306
1741110210424,1021.9372
1741110210466,1021.9305
1741110210504,1021.9252
1741110210524,1021.9169
1741110210568,1021.90857
1741110210603,1021.90546
1741110210628,1021.90405
1741110210664,1021.91486
1741110210704,1021.92554
1741110210728,1021.93085
1741110210766,1021.9115
1741110210803,1021.90906
1741110210824,1021.91144
1741110210865,1021.90027
1741110210903,1021.89276
1741110210925,1021.90466
1741110210962,1021.9027
1741110211005,1021.9195
1741110211024,1021.9277
1741110211066,1021.9226
1741110211103,1021.92474
1741110211123,1021.9387
1741110211163,1021.9376
1741110211209,1021.92645
1741110211223,1021.9297
1741110211266,1021.9277
1741110211304,1021.93463
1741110211329,1021.93616
1741110211363,1021.92615
1741110211408,1021.91486
1741110211422,1021.9087
1741110211462,1021.90063
1741110211502,1021.9042
1741110211526,1021.90216
1741110211566,1021.9025
1741110211602,1021.9031
1741110211623,1021.9172
1741110211661,1021.9172
1741110211705,1021.92285
1741110211722,1021.92426
1741110211761,1021.9182
1741110211803,1021.9243
1741110211822,1021.9254
1741110211864,1021.9161
1741110211902,1021.9158
1741110211926,1021.91077
1741110211963,1021.92194
1741110212019,1021.9203
1741110212025,1021.9022
1741110212062,1021.9087
1741110212105,1021.9044
1741110212129,1021.91986
1741110212165,1021.9219
1741110212206,1021.9259
1741110212224,1021.9569
1741110212261,1021.9488
1741110212305,1021.95264
1741110212325,1021.9511
1741110212369,1021.9487
1741110212404,1021.93445
1741110212426,1021.9249
1741110212462,1021.9186
1741110212503,1021.9186
1741110212524,1021.9293
1741110212563,1021.92633
1741110212603,1021.91614
1741110212627,1021.919
1741110212661,1021.90936
1741110212702,1021.91064
1741110212723,1021.9056
1741110212763,1021.8974
1741110212804,1021.9
1741110212828,1021.9093
1741110212860,1021.9016
1741110212902,1021.90576
1741110212924,1021.9125
1741110212960,1021.91254
1741110213003,1021.9173
1741110213023,1021.91595
1741110213061,1021.9192
1741110213113,1021.9214
1741110213130,1021.923
1741110213162,1021.92413
1741110213207,1021.916
1741110213222,1021.9002
1741110213261,1021.89026
1741110213303,1021.8996
1741110213328,1021.90686
1741110213361,1021.9068
1741110213409,1021.89874
1741110213424,1021.9167
1741110213461,1021.9247
1741110213508,1021.9213
1741110213521,1021.9274
1741110213560,1021.9287
1741110213603,1021.9205
1741110213623,1021.9192
1741110213662,1021.9096
1741110213701,1021.91064
1741110213721,1021.91565
1741110213763,1021.91846
1741110213802,1021.9149
1741110213820,1021.90234
1741110213859,1021.914
1741110213901,1021.9152
1741110213922,1021.9154
1741110213965,1021.9176
1741110214001,1021.92126
1741110214022,1021.9197
1741110214060,1021.92194
1741110214100,1021.9249
1741110214122,1021.9242
1741110214163,1021.9278
1741110214200,1021.9208
1741110214221,1021.91895
1741110214263,1021.919
1741110214305,1021.9165
1741110214320,1021.9317
1741110214362,1021.9298
1741110214402,1021.91956
1741110214421,1021.91833
1741110214468,1021.9059
1741110214508,1021.897
1741110214520,1021.92236
1741110214565,1021.92084
1741110214601,1021.92346
1741110214622,1021.93054
1741110214662,1021.9413
1741110214703,1021.95215
1741110214724,1021.9524
1741110214762,1021.9354
1741110214802,1021.93176
1741110214821,1021.9325
1741110214864,1021.9231
1741110214900,1021.92914
1741110214921,1021.9248
1741110214961,1021.9222
1741110215002,1021.91595
1741110215022,1021.9126
1741110215063,1021.91174
1741110215099,1021.92505
1741110215121,1021.9155
1741110215169,1021.91907
1741110215203,1021.92737
1741110215224,1021.9091
1741110215261,1021.9036
1741110215330,1021.90405
1741110215330,1021.9037
1741110215360,1021.9097
1741110215402,1021.9257
1741110215420,1021.927
1741110215461,1021.9369
1741110215503,1021.9297
1741110215525,1021.9193
1741110215560,1021.91675
1741110215601,1021.9028
1741110215620,1021.8965
1741110215667,1021.90234
1741110215702,1021.9127
1741110215722,1021.90497
1741110215766,1021.9096
1741110215802,1021.9165
1741110215826,1021.9196
1741110215859,1021.9454
1741110215906,1021.9492
1741110215919,1021.942
1741110215960,1021.9319
1741110216002,1021.9254
1741110216024,1021.9113
1741110216061,1021.91064
1741110216101,1021.9013
1741110216121,1021.9011
1741110216163,1021.89404
1741110216200,1021.8934
1741110216220,1021.89905
1741110216260,1021.90845
1741110216303,1021.91693
1741110216320,1021.9109
1741110216361,1021.9127
1741110216401,1021.9241
1741110216422,1021.92365
1741110216459,1021.9226
1741110216500,1021.92365
1741110216522,1021.9206
1741110216563,1021.9242
1741110216605,1021.92413
1741110216620,1021.9107
1741110216660,1021.9154
1741110216704,1021.91785
1741110216721,1021.9154
1741110216770,1021.8999
1741110216802,1021.89734
1741110216820,1021.9053
1741110216860,1021.91
1741110216900,1021.91504
1741110216923,1021.93066
1741110216961,1021.9429
1741110217017,1021.941
1741110217019,1021.94055
1741110217059,1021.9305
1741110217100,1021.9262
1741110217119,1021.9291
1741110217159,1021.9343
1741110217204,1021.93646
1741110217223,1021.93536
1741110217263,1021.9304
1741110217300,1021.9279
1741110217321,1021.92786
1741110217358,1021.9194
1741110217399,1021.9235
1741110217419,1021.92004
1741110217460,1021.91016
1741110217501,1021.9155
1741110217521,1021.918
1741110217560,1021.91943
1741110217605,1021.9237
1741110217635,1021.9223
1741110217658,1021.9364
1741110217701,1021.9403
1741110217718,1021.9469
1741110217762,1021.93427
1741110217804,1021.93744
1741110217819,1021.9277
1741110217868,1021.9115
1741110217910,1021.903
1741110217920,1021.903
1741110217959,1021.90906
1741110217998,1021.91705
1741110218021,1021.9142
1741110218059,1021.9238
1741110218109,1021.9362
1741110218119,1021.9519
1741110218161,1021.9468
1741110218198,1021.95294
1741110218221,1021.9478
1741110218259,1021.9353
1741110218300,1021.9289
1741110218320,1021.92285
1741110218360,1021.9164
1741110218399,1021.90845
1741110218420,1021.90894
1741110218461,1021.9086
1741110218500,1021.91174
1741110218522,1021.9112
1741110218558,1021.9164
1741110218601,1021.92175
1741110218623,1021.9204
1741110218660,1021.9103
1741110218700,1021.90686
1741110218721,1021.91016
1741110218759,1021.91534
1741110218801,1021.9227
1741110218821,1021.92035
1741110218859,1021.9182
1741110218906,1021.9192
1741110218918,1021.9165
1741110218961,1021.90564
1741110219002,1021.91205
1741110219020,1021.92285
1741110219062,1021.9221
1741110219109,1021.9126
1741110219118,1021.9059
1741110219159,1021.8885
1741110219199,1021.8955
1741110219218,1021.9159
1741110219269,1021.9131
1741110219299,1021.9117
1741110219324,1021.92444
1741110219361,1021.93445
1741110219399,1021.94354
1741110219417,1021.9302
1741110219456,1021.9281
1741110219498,1021.9269
1741110219520,1021.91815
1741110219559,1021.92535
1741110219600,1021.92444
1741110219618,1021.91406
1741110219664,1021.9128
1741110219701,1021.9103
1741110219719,1021.9143
1741110219760,1021.9149
1741110219810,1021.9215
1741110219818,1021.93335
1741110219862,1021.928
1741110219899,1021.91644
1741110219918,1021.9189
1741110219960,1021.91345
1741110220006,1021.91113
1741110220023,1021.9089
1741110220059,1021.9122
1741110220105,1021.9105
1741110220116,1021.9159
1741110220157,1021.91174
1741110220200,1021.9101
1741110220220,1021.91815
1741110220263,1021.9037
1741110220306,1021.9065
1741110220319,1021.9052
1741110220358,1021.89746
1741110220398,1021.9174
1741110220418,1021.92566
1741110220461,1021.918
1741110220498,1021.9177
1741110220518,1021.92694
1741110220558,1021.92395
1741110220598,1021.9307
1741110220630,1021.9331
1741110220659,1021.9243
1741110220699,1021.9184
1741110220722,1021.91974
1741110220759,1021.9102
1741110220800,1021.91003
1741110220843,1021.9008
1741110220857,1021.9051
1741110220897,1021.89905
1741110220918,1021.90155
1741110220956,1021.90594
1741110221003,1021.9015
1741110221016,1021.9062
1741110221064,1021.9012
1741110221098,1021.90985
1741110221118,1021.9074
1741110221157,1021.9067
1741110221197,1021.8982
1741110221220,1021.8986
1741110221258,1021.90784
1741110221296,1021.8991
1741110221319,1021.9095
1741110221359,1021.91797
1741110221401,1021.91626
1741110221420,1021.92194
1741110221457,1021.9137
1741110221510,1021.90906
1741110221517,1021.8983
1741110221562,1021.8976
1741110221596,1021.91736
1741110221619,1021.9273
1741110221658,1021.9219
1741110221699,1021.9228
1741110221718,1021.9282
1741110221756,1021.94055
1741110221798,1021.9404
1741110221816,1021.9419
1741110221858,1021.938
1741110221896,1021.92804
1741110221916,1021.9272
1741110221958,1021.92566
1741110221998,1021.921
1741110222016,1021.9092
1741110222056,1021.9128
1741110222110,1021.9196
1741110222116,1021.9107
1741110222162,1021.90137
1741110222195,1021.8882
1741110222236,1021.8918
1741110222258,1021.8877
1741110222300,1021.8944
1741110222317,1021.8955
1741110222359,1021.8956
1741110222396,1021.9012
1741110222427,1021.91766
1741110222456,1021.9163
1741110222498,1021.91705
1741110222516,1021.9232
1741110222560,1021.92883
1741110222601,1021.9247
1741110222623,1021.9088
1741110222657,1021.9198
1741110222699,1021.92444
1741110222716,1021.9252
1741110222766,1021.9294
1741110222797,1021.9268
1741110222817,1021.92346
1741110222867,1021.9211
1741110222898,1021.9291
1741110222922,1021.93256
1741110222957,1021.9409
1741110223004,1021.95013
1741110223017,1021.9643
1741110223058,1021.9621
1741110223097,1021.9636
1741110223123,1021.9588
1741110223157,1021.95087
1741110223197,1021.93335
1741110223219,1021.9311
1741110223256,1021.9367
1741110223294,1021.9327
1741110223315,1021.93677
1741110223355,1021.9343
1741110223400,1021.933
1741110223416,1021.9243
1741110223460,1021.9334
1741110223497,1021.9437
1741110223519,1021.954
1741110223557,1021.9557
1741110223596,1021.94226
1741110223624,1021.9314
1741110223655,1021.9451
1741110223695,1021.9512
1741110223715,1021.94653
1741110223757,1021.95447
1741110223796,1021.95966
1741110223816,1021.96094
1741110223857,1021.9604
1741110223897,1021.968
1741110223915,1021.9881
1741110223956,1021.9822
1741110223998,1021.9779
1741110224016,1021.96893
1741110224060,1021.9482
1741110224098,1021.9597
1741110224115,1021.978
1741110224157,1021.98267
1741110224196,1021.9923
1741110224220,1022.00476
1741110224256,1022.00867
1741110224301,1022.0124
1741110224325,1022.0134
1741110224356,1022.01465
1741110224400,1022.01447
1741110224414,1022.01056
1741110224455,1022.0146
1741110224509,1022.0198
1741110224515,1022.0181
1741110224555,1022.0123
1741110224597,1022.0182
1741110224617,1022.0263
1741110224665,1022.03986
1741110224695,1022.04126
1741110224715,1022.052
1741110224756,1022.05554
1741110224795,1022.048
1741110224815,1022.05524
1741110224855,1022.05066
1741110224895,1022.0486
1741110224917,1022.0471
1741110224956,1022.05835
1741110224999,1022.0676
1741110225014,1022.0687
1741110225055,1022.0707
1741110225095,1022.07166
1741110225115,1022.08405
1741110225156,1022.08514
1741110225198,1022.0776
1741110225215,1022.05994
1741110225257,1022.06415
1741110225295,1022.0925
1741110225315,1022.0919
1741110225368,1022.1083
1741110225395,1022.11896
1741110225420,1022.1254
1741110225460,1022.1287
1741110225496,1022.12805
1741110225519,1022.1181
1741110225556,1022.10364
1741110225603,1022.092
1741110225614,1022.08594
1741110225655,1022.08466
1741110225710,1022.08984
1741110225714,1022.0892
1741110225754,1022.0887
1741110225795,1022.09485
1741110225815,1022.096
1741110225861,1022.103
1741110225895,1022.09753
1741110225915,1022.09607
1741110225956,1022.0947
1741110225994,1022.1114
1741110226014,1022.1174
1741110226055,1022.11975
1741110226095,1022.1193
1741110226116,1022.1254
1741110226154,1022.13544
1741110226196,1022.14264
1741110226223,1022.1412
1741110226253,1022.15137
1741110226304,1022.1498
1741110226315,1022.1356
1741110226353,1022.13074
1741110226396,1022.1239
1741110226414,1022.11584
1741110226455,1022.10547
1741110226501,1022.10535
1741110226514,1022.1128
1741110226555,1022.1098
1741110226593,1022.1159
1741110226613,1022.1378
1741110226662,1022.1335
1741110226696,1022.14233
1741110226715,1022.15424
1741110226756,1022.13916
1741110226794,1022.1266
1741110226815,1022.1223
1741110226867,1022.1237
1741110226894,1022.125
1741110226914,1022.1304
1741110226955,1022.12714
1741110226996,1022.11224
1741110227012,1022.1033
1741110227055,1022.1074
1741110227096,1022.10974
1741110227113,1022.11084
1741110227155,1022.1146
1741110227193,1022.11096
1741110227214,1022.1194
1741110227257,1022.121
1741110227295,1022.11584
1741110227315,1022.10986
1741110227355,1022.1059
1741110227394,1022.11017
1741110227436,1022.1138
1741110227453,1022.10864
1741110227494,1022.10406
1741110227535,1022.0962
1741110227553,1022.1032
1741110227594,1022.11584
1741110227635,1022.11053
1741110227655,1022.0962
1741110227694,1022.0856
1741110227735,1022.0833
1741110227758,1022.0963
1741110227792,1022.086
1741110227839,1022.1043
1741110227852,1022.1194
1741110227892,1022.11755
1741110227934,1022.1177
1741110227954,1022.1102
1741110227994,1022.08545
1741110228034,1022.0803
1741110228064,1022.08374
1741110228093,1022.0939
1741110228132,1022.0969
1741110228154,1022.0947
1741110228196,1022.0912
1741110228235,1022.08484
1741110228253,1022.094
1741110228302,1022.0872
1741110228334,1022.09045
1741110228359,1022.08374
1741110228394,1022.0838
1741110228435,1022.08636
1741110228455,1022.07825
1741110228495,1022.0844
1741110228535,1022.0931
1741110228556,1022.08984
1741110228594,1022.0986
1741110228634,1022.0939
1741110228657,1022.08575
1741110228693,1022.07983
1741110228734,1022.09937
1741110228753,1022.1017
1741110228795,1022.0978
1741110228838,1022.0816
1741110228853,1022.073
1741110228892,1022.0635
1741110228933,1022.08514
1741110228952,1022.085
1741110228994,1022.09595
1741110229035,1022.10315
1741110229055,1022.10266
1741110229100,1022.1007
1741110229135,1022.09515
1741110229155,1022.08746
1741110229199,1022.08514
1741110229234,1022.07715
1741110229252,1022.0792
1741110229293,1022.08325
1741110229334,1022.0831
1741110229359,1022.08997
1741110229394,1022.0877
1741110229432,1022.079
1741110229453,1022.07275
1741110229503,1022.07434
1741110229532,1022.0845
1741110229553,1022.0827
1741110229592,1022.0807
1741110229632,1022.0781
1741110229652,1022.08545
1741110229692,1022.0907
1741110229733,1022.0961
1741110229754,1022.1013
1741110229793,1022.1016
1741110229833,1022.0936
1741110229852,1022.07874
1741110229892,1022.07916
1741110229931,1022.08594
1741110229953,1022.08923
1741110229993,1022.1034
1741110230034,1022.0975
1741110230055,1022.0822
1741110230092,1022.063
1741110230133,1022.04724
1741110230153,1022.07385
1741110230194,1022.0831
1741110230231,1022.0748
1741110230254,1022.0933
1741110230296,1022.09546
1741110230334,1022.0976
1741110230356,1022.1
1741110230393,1022.0979
1741110230433,1022.07605
1741110230453,1022.064
1741110230510,1022.07166
1741110230533,1022.07776
1741110230554,1022.06995
1741110230594,1022.0719
1741110230633,1022.06744
1741110230656,1022.0685
1741110230692,1022.07135
1741110230732,1022.0735
1741110230751,1022.0594
1741110230791,1022.0781
1741110230832,1022.0804
1741110230852,1022.0694
1741110230897,1022.07263
1741110230932,1022.06824
1741110230955,1022.06354
1741110230991,1022.0654
1741110231034,1022.06287
1741110231052,1022.0669
1741110231092,1022.0669
1741110231131,1022.0567
1741110231152,1022.0624
1741110231192,1022.077
1741110231235,1022.0831
1741110231251,1022.06445
1741110231293,1022.0518
1741110231331,1022.0501
1741110231351,1022.05853
1741110231391,1022.052
1741110231431,1022.0671
1741110231456,1022.0724
1741110231493,1022.0786
1741110231531,1022.0895
1741110231551,1022.0824
1741110231590,1022.06775
1741110231632,1022.0619
1741110231654,1022.0502
1741110231692,1022.0388
1741110231731,1022.0267
1741110231752,1022.03033
1741110231806,1022.0306
1741110231832,1022.0317
1741110231852,1022.03406
1741110231890,1022.0346
1741110231934,1022.03156
1741110231954,1022.03723
1741110231994,1022.0299
1741110232030,1022.0126
1741110232051,1022.0182
1741110232092,1022.02966
1741110232140,1022.0393
1741110232151,1022.0328
1741110232192,1022.03894
1741110232232,1022.03107
1741110232251,1022.0228
1741110232291,1022.0253
1741110232335,1022.0166
1741110232352,1022.02747
1741110232392,1022.03577
1741110232432,1022.03564
1741110232452,1022.021
1741110232491,1022.0113
1741110232530,1022.01086
1741110232553,1022.01
1741110232591,1022.0055
1741110232630,1022.0183
1741110232652,1022.0359
1741110232691,1022.0297
1741110232731,1022.0365
1741110232752,1022.03595
1741110232792,1022.0251
1741110232849,1022.01575
1741110232851,1022.00867
1741110232893,1022.0017
1741110232931,1021.9961
1741110232952,1021.9894
1741110232992,1021.98126
1741110233032,1021.97656
1741110233051,1021.9864
1741110233096,1021.985
1741110233133,1021.9886
1741110233151,1021.9874
1741110233190,1021.9902
1741110233232,1021.99414
1741110233253,1021.9917
1741110233293,1021.98584
1741110233331,1021.98303
1741110233351,1021.9779
1741110233398,1021.9888
1741110233434,1021.99426
1741110233450,1021.99243
1741110233491,1021.98987
1741110233532,1021.9867
1741110233562,1021.98584
1741110233591,1021.98474
1741110233636,1021.9823
1741110233650,1021.99115
1741110233691,1021.9929
1741110233730,1021.99854
1741110233751,1021.9997
1741110233790,1021.994
1741110233831,1021.9783
1741110233852,1021.9708
1741110233890,1021.9645
1741110233931,1021.9722
1741110233958,1021.97363
1741110233993,1021.9816
1741110234030,1021.9893
1741110234053,1021.98975
1741110234091,1021.98535
1741110234129,1021.9878
1741110234151,1021.9707
1741110234192,1021.9574
1741110234238,1021.96625
1741110234250,1021.96436
1741110234291,1021.9634
1741110234330,1021.9597
1741110234352,1021.9479
1741110234390,1021.9426
1741110234433,1021.94226
1741110234448,1021.94183
1741110234490,1021.95654
1741110234536,1021.9687
1741110234550,1021.96265
1741110234593,1021.952
1741110234629,1021.9458
1741110234650,1021.9402
1741110234698,1021.948
1741110234731,1021.95056
1741110234762,1021.9486
1741110234794,1021.96094
1741110234831,1021.9732
1741110234860,1021.9745
1741110234889,1021.96674
1741110234930,1021.97833
1741110234953,1021.9811
1741110234997,1021.964
1741110235031,1021.94525
1741110235050,1021.9341
1741110235090,1021.93494
1741110235130,1021.93866
1741110235150,1021.9438
1741110235191,1021.9521
1741110235230,1021.9629
1741110235249,1021.97
1741110235291,1021.9771
1741110235331,1021.9769
1741110235350,1021.9716
1741110235393,1021.95844
1741110235431,1021.9596
1741110235450,1021.95087
1741110235490,1021.94617
1741110235535,1021.94867
1741110235549,1021.9572
1741110235592,1021.96063
1741110235634,1021.961
1741110235652,1021.95197
1741110235691,1021.9575
1741110235730,1021.9613
1741110235750,1021.96277
1741110235788,1021.95856
1741110235828,1021.9656
1741110235849,1021.948
1741110235894,1021.9429
1741110235931,1021.9474
1741110235951,1021.9528
1741110235992,1021.9601
1741110236030,1021.9565
1741110236050,1021.95526
1741110236092,1021.9562
1741110236128,1021.9463
1741110236149,1021.9497
1741110236189,1021.95087
1741110236232,1021.9585
1741110236248,1021.9654
1741110236290,1021.9599
1741110236332,1021.95776
1741110236360,1021.9459
1741110236389,1021.9508
1741110236444,1021.9627
1741110236451,1021.9812
1741110236496,1021.9858
1741110236531,1021.99
1741110236551,1021.9925
1741110236592,1021.9879
1741110236629,1021.9828
1741110236652,1021.98425
1741110236690,1021.9805
1741110236729,1021.97577
1741110236752,1021.97406
1741110236793,1021.98395
1741110236830,1021.98584
1741110236849,1021.9844
1741110236892,1021.97986
1741110236929,1021.96765
1741110236950,1021.97516
1741110236992,1021.97345
1741110237028,1021.97205
1741110237048,1021.979
1741110237094,1021.97644
1741110237132,1021.97107
1741110237151,1021.9774
1741110237191,1021.97577
1741110237229,1021.9734
1741110237252,1021.98236
1741110237291,1021.98145
1741110237329,1021.9813
1741110237355,1021.97266
1741110237390,1021.97144
1741110237434,1021.9704
1741110237452,1021.97424
1741110237490,1021.99097
1741110237531,1021.97943
1741110237549,1021.9707
1741110237589,1021.963
1741110237629,1021.9568
1741110237649,1021.97
1741110237689,1021.97003
1741110237730,1021.9815
1741110237749,1021.9815
1741110237789,1021.9877
1741110237829,1022.00104
1741110237848,1021.99384
1741110237903,1021.9967
1741110237927,1021.9869
1741110237948,1021.9781
1741110237989,1021.98047
1741110238032,1021.9825
1741110238051,1021.9817
1741110238092,1021.97876
1741110238143,1021.9796
1741110238149,1021.979
1741110238193,1021.98474
1741110238227,1021.9696
1741110238248,1021.97833
1741110238288,1021.9746
1741110238329,1021.96814
1741110238347,1021.9709
1741110238389,1021.9763
1741110238430,1021.9641
1741110238452,1021.9595
1741110238486,1021.9695
1741110238529,1021.9697
1741110238546,1021.9671
1741110238592,1021.9741
1741110238629,1021.9734
1741110238649,1021.9744
1741110238688,1021.9697
1741110238729,1021.9717
1741110238747,1021.97253
1741110238787,1021.9661
1741110238828,1021.9667
1741110238852,1021.9683
1741110238889,1021.98346
1741110238929,1021.9772
1741110238950,1021.98145
1741110238988,1021.98
1741110239030,1021.98425
1741110239048,1022.0021
1741110239091,1021.99896
1741110239133,1021.9957
1741110239152,1021.98114
1741110239194,1021.9731
1741110239231,1021.97845
1741110239249,1021.97595
1741110239290,1021.9716
1741110239328,1021.97205
1741110239350,1021.97314
1741110239395,1021.9728
1741110239427,1021.96924
1741110239450,1021.97296
1741110239487,1021.997
1741110239531,1021.9852
1741110239549,1021.9927
1741110239587,1021.9822
1741110239631,1021.9682
1741110239652,1021.96497
1741110239693,1021.9687
1741110239726,1021.9734
1741110239748,1021.9734
1741110239789,1021.97656
1741110239830,1021.9817
1741110239848,1021.976
1741110239903,1021.9767
1741110239927,1021.9857
1741110239948,1021.9781
1741110239992,1021.9697
1741110240027,1021.9656
1741110240066,1021.97534
1741110240086,1021.98816
1741110240131,1021.9825
1741110240149,1021.9869
1741110240190,1021.99866
1741110240226,1021.994
1741110240247,1021.999
1741110240286,1022.0034
1741110240341,1021.9977
1741110240349,1021.98645
1741110240389,1021.9798
1741110240435,1021.9879
1741110240450,1021.9823
1741110240489,1021.9894
1741110240529,1021.9828
1741110240545,1021.9697
1741110240586,1021.9684
1741110240629,1021.9635
1741110240647,1021.96155
1741110240688,1021.9708
1741110240726,1021.9739
1741110240747,1021.97205
1741110240790,1021.96765
1741110240826,1021.9569
1741110240846,1021.955
1741110240886,1021.9589
1741110240928,1021.9587
1741110240951,1021.9678
1741110240988,1021.9683
1741110241030,1021.97
1741110241049,1021.9697
1741110241085,1021.96515
1741110241130,1021.97
1741110241152,1021.9838
1741110241189,1021.98267
1741110241225,1021.96643
1741110241248,1021.9617
1741110241289,1021.9689
1741110241325,1021.9767
1741110241349,1021.9783
1741110241389,1021.9852
1741110241427,1021.99994
1741110241447,1022.0065
1741110241489,1022.0062
1741110241527,1021.999
1741110241547,1021.99194
1741110241587,1021.9834
1741110241628,1021.981
1741110241650,1021.9735
1741110241685,1021.9726
1741110241726,1021.98145
1741110241749,1021.96594
1741110241786,1021.9702
1741110241829,1021.97577
1741110241848,1021.97156
1741110241886,1021.978
1741110241925,1021.9795
1741110241946,1021.97485
1741110241989,1021.96655
1741110242028,1021.96124
1741110242045,1021.95856
1741110242084,1021.966
1741110242133,1021.9727
1741110242146,1021.9758
1741110242186,1021.991
1741110242233,1022.001
1741110242249,1021.9878
1741110242286,1021.99365
1741110242324,1021.997
1741110242345,1022.0021
1741110242396,1021.9956
1741110242425,1021.97986
1741110242451,1021.95593
1741110242485,1021.9601
1741110242526,1021.9782
1741110242544,1021.9766
1741110242585,1021.9966
1741110242625,1022.0069
1741110242644,1021.9949
1741110242685,1021.99817
1741110242726,1021.99664
1741110242745,1022.0011
1741110242788,1021.994
1741110242825,1021.9835
1741110242846,1021.9853
1741110242889,1021.98834
1741110242925,1021.99506
1741110242946,1021.9995
1741110242996,1021.9727
1741110243025,1021.9785
1741110243045,1021.9804
1741110243085,1021.98285
1741110243125,1021.97797
1741110243149,1021.98096
1741110243186,1021.98206
1741110243233,1021.9735
1741110243245,1021.9659
1741110243285,1021.97034
1741110243334,1021.9705
1741110243347,1021.9839
1741110243385,1021.99097
1741110243426,1021.9894
1741110243444,1021.98267
1741110243488,1021.98584
1741110243526,1021.9901
1741110243547,1021.9935
1741110243589,1021.98785
1741110243626,1021.97595
1741110243656,1021.982
1741110243688,1021.98737
1741110243726,1021.97644
1741110243744,1021.9931
1741110243785,1022.0058
1741110243826,1021.9991
1741110243846,1021.99506
1741110243885,1021.99817
1741110243924,1021.99786
1741110243945,1021.9906
1741110243985,1021.9841
1741110244028,1021.97736
1741110244044,1021.9745
1741110244086,1021.9779
1741110244124,1021.96204
1741110244143,1021.9475
1741110244184,1021.9524
1741110244225,1021.9485
1741110244244,1021.9523
1741110244285,1021.9673
1741110244324,1021.9859
1741110244344,1021.982
1741110244384,1021.9793
1741110244424,1021.9804
1741110244451,1021.9791
1741110244484,1021.97485
1741110244524,1021.97504
1741110244545,1021.9769
1741110244585,1021.9708
1741110244625,1021.9639
1741110244643,1021.97327
1741110244683,1021.97174
1741110244723,1021.9791
1741110244745,1021.9801
1741110244783,1021.9654
1741110244823,1021.9456
1741110244845,1021.9473
1741110244889,1021.96533
1741110244925,1021.9623
1741110244945,1021.9704
1741110244997,1021.9877
1741110245022,1021.988
1741110245044,1021.9951
1741110245086,1021.99146
1741110245124,1021.9807
1741110245151,1021.9633
1741110245188,1021.96
1741110245224,1021.95844
1741110245245,1021.95825
1741110245284,1021.95294
1741110245322,1021.93396
1741110245346,1021.9276
1741110245384,1021.9362
1741110245426,1021.94464
1741110245446,1021.95
1741110245484,1021.9557
1741110245525,1021.95917
1741110245545,1021.95306
1741110245584,1021.9521
1741110245622,1021.9447
1741110245643,1021.944
1741110245689,1021.95154
1741110245723,1021.95953
1741110245746,1021.96094
1741110245791,1021.9525
1741110245825,1021.9581
1741110245843,1021.9581
1741110245885,1021.9563
1741110245924,1021.96313
1741110245944,1021.9577
1741110245984,1021.95166
1741110246036,1021.951
1741110246049,1021.96985
1741110246084,1021.9657
1741110246125,1021.9821
1741110246143,1021.98804
1741110246186,1021.993
1741110246226,1022.00555
1741110246253,1022.0035
1741110246283,1022.00684
1741110246322,1021.9984
1741110246344,1021.99457
1741110246386,1021.9835
1741110246423,1021.9793
1741110246448,1021.985
1741110246482,1021.98987
1741110246523,1021.98883
1741110246544,1022.0093
1741110246585,1022.0111
1741110246624,1022.0248
1741110246645,1022.03296
1741110246686,1022.02057
1741110246722,1022.02905
1741110246744,1022.0313
1741110246783,1022.02826
1741110246831,1022.0178
1741110246845,1022.03235
1741110246883,1022.03235
1741110246925,1022.03284
1741110246946,1022.03534
1741110246983,1022.04736
1741110247028,1022.0514
1741110247042,1022.0678
1741110247082,1022.07263
1741110247126,1022.0524
1741110247150,1022.03827
1741110247182,1022.0433
1741110247230,1022.053
1741110247244,1022.045
1741110247286,1022.0553
1741110247328,1022.07
1741110247342,1022.07684
1741110247387,1022.0818
1741110247422,1022.09076
1741110247442,1022.0892
1741110247483,1022.06976
1741110247524,1022.06177
1741110247544,1022.06946
1741110247583,1022.0672
1741110247623,1022.0658
1741110247645,1022.0598
1741110247689,1022.0597
1741110247723,1022.0541
1741110247742,1022.0625
1741110247782,1022.0725
1741110247829,1022.07324
1741110247849,1022.0769
1741110247883,1022.08936
1741110247924,1022.0895
1741110247941,1022.07465
1741110247982,1022.0702
1741110248022,1022.0714
1741110248041,1022.0798
1741110248081,1022.0843
1741110248124,1022.08746
1741110248142,1022.0896
1741110248184,1022.09393
1741110248221,1022.09814
1741110248242,1022.1042
1741110248282,1022.0889
1741110248321,1022.07983
1741110248342,1022.0963
1741110248391,1022.1041
1741110248424,1022.1027
1741110248442,1022.1146
1741110248484,1022.1095
1741110248523,1022.10913
1741110248542,1022.10913
1741110248582,1022.11597
1741110248625,1022.1087
1741110248641,1022.086
1741110248684,1022.07983
1741110248721,1022.08136
1741110248761,1022.0914
1741110248782,1022.1057
1741110248823,1022.098
1741110248848,1022.08014
1741110248881,1022.0774
1741110248922,1022.09735
1741110248949,1022.1072
1741110248983,1022.0984
1741110249028,1022.0964
1741110249042,1022.0935
1741110249085,1022.0867
1741110249123,1022.0814
1741110249143,1022.08203
1741110249184,1022.0908
1741110249248,1022.0952
1741110249261,1022.09375
1741110249281,1022.08014
1741110249326,1022.0832
1741110249348,1022.0951
1741110249383,1022.1018
1741110249428,1022.0968
1741110249472,1022.0886
1741110249480,1022.10004
1741110249521,1022.1186
1741110249563,1022.0991
1741110249581,1022.103
1741110249623,1022.1105
1741110249643,1022.10767
1741110249689,1022.1154
1741110249724,1022.1167
1741110249763,1022.10645
1741110249785,1022.1017
1741110249821,1022.0965
1741110249861,1022.08325
1741110249886,1022.08325
1741110249927,1022.08734
1741110249943,1022.07983
1741110249981,1022.08295
1741110250024,1022.08594
1741110250066,1022.08594
1741110250081,1022.0879
1741110250119,1022.1003
1741110250163,1022.09247
1741110250183,1022.0941
1741110250223,1022.09436
1741110250264,1022.0845
1741110250293,1022.07745
1741110250320,1022.0772
1741110250362,1022.0927
1741110250382,1022.08813
1741110250421,1022.08545
1741110250461,1022.09106
1741110250481,1022.08954
1741110250533,1022.0885
1741110250564,1022.0876
1741110250585,1022.0801
1741110250620,1022.0923
1741110250659,1022.1018
1741110250681,1022.0851
1741110250729,1022.0896
1741110250762,1022.09503
1741110250783,1022.11035
1741110250823,1022.1106
1741110250861,1022.1187
1741110250881,1022.12
1741110250926,1022.1053
1741110250959,1022.0935
1741110250979,1022.0919
1741110251020,1022.09204
1741110251062,1022.0901
1741110251080,1022.08875
1741110251122,1022.08746
1741110251163,1022.08356
1741110251184,1022.0845
1741110251221,1022.0826
1741110251260,1022.08563
1741110251280,1022.0901
1741110251322,1022.0806
1741110251359,1022.0854
1741110251381,1022.0852
1741110251423,1022.0733
1741110251461,1022.07825
1741110251482,1022.07587
1741110251526,1022.08105
1741110251561,1022.085
1741110251581,1022.08673
1741110251625,1022.09204
1741110251663,1022.07855
1741110251681,1022.0636
1741110251724,1022.06036
1741110251761,1022.058
1741110251781,1022.06116
1741110251819,1022.0644
1741110251861,1022.0743
1741110251882,1022.0763
1741110251920,1022.0796
1741110251964,1022.09247
1741110251981,1022.09393
1741110252025,1022.0902
1741110252071,1022.0939
1741110252079,1022.08356
1741110252120,1022.0659
1741110252162,1022.0573
1741110252183,1022.0515
1741110252225,1022.06323
1741110252259,1022.057
1741110252282,1022.0524
1741110252330,1022.05066
1741110252360,1022.0466
1741110252381,1022.04834
1741110252423,1022.0488
1741110252459,1022.0523
1741110252483,1022.06586
1741110252519,1022.06195
1741110252560,1022.05664
1741110252580,1022.0562
1741110252622,1022.0381
1741110252659,1022.03973
1741110252679,1022.0426
1741110252720,1022.0425
1741110252761,1022.0449
1741110252782,1022.03564
1741110252825,1022.0371
1741110252860,1022.0273
1741110252882,1022.02026
1741110252925,1022.0194
1741110252960,1022.0094
1741110252980,1022.00275
1741110253026,1022.00903
1741110253059,1022.0198
1741110253079,1022.0332
1741110253121,1022.04114
1741110253160,1022.04816
1741110253183,1022.0403
1741110253219,1022.04285
1741110253260,1022.04565
1741110253282,1022.0475
1741110253320,1022.03754
1741110253358,1022.0182
1741110253381,1022.0143
1741110253420,1022.0083
1741110253464,1022.0061
1741110253481,1022.00684
1741110253522,1022.009
1741110253559,1022.0205
1741110253580,1022.0244
1741110253620,1022.02264
1741110253659,1022.0182
1741110253682,1022.0232
1741110253719,1022.02313
1741110253765,1022.0232
1741110253779,1022.0111
1741110253823,1022.0126
1741110253859,1022.0286
1741110253880,1022.0279
1741110253928,1022.01733
1741110253959,1022.01025
1741110253983,1021.99963
1741110254021,1021.9894
1741110254069,1021.98334
1741110254079,1021.9829
1741110254123,1021.9834
1741110254159,1021.9821
1741110254179,1021.99567
1741110254223,1021.99347
1741110254268,1022.01154
1741110254279,1022.01636
1741110254319,1022.0198
1741110254360,1022.0246
1741110254379,1022.0229
1741110254426,1022.0215
1741110254460,1022.0082
1741110254481,1021.99744
1741110254522,1021.9844
1741110254559,1021.9796
1741110254579,1021.9894
1741110254628,1021.98865
1741110254660,1021.9774
1741110254686,1021.98
1741110254720,1021.98346
1741110254759,1021.9954
1741110254780,1022.00165
1741110254818,1022.0044
1741110254879,1021.9979
1741110254880,1022.00525
1741110254917,1022.00305
1741110254959,1021.989
1741110254978,1021.9802
1741110255020,1021.99054
1741110255060,1021.99817
1741110255079,1021.9939
1741110255118,1021.9902
1741110255159,1021.989
1741110255182,1021.97986
1741110255220,1021.9752
1741110255265,1021.98254
1741110255289,1021.9856
1741110255322,1021.99084
1741110255360,1021.9799
1741110255391,1021.9826
1741110255421,1021.9819
1741110255458,1021.9875
1741110255478,1021.9908
1741110255519,1022.0088
1741110255560,1022.0105
1741110255580,1022.002
1741110255621,1022.00903
1741110255658,1021.9977
1741110255679,1021.983
1741110255717,1021.9718
1741110255761,1021.9637
1741110255777,1021.9575
1741110255823,1021.9707
1741110255864,1021.9691
1741110255882,1021.96326
1741110255920,1021.9616
1741110255958,1021.9614
1741110255979,1021.96985
1741110256024,1021.974
1741110256057,1021.9734
1741110256078,1021.97345
1741110256123,1021.9758
1741110256160,1021.9766
1741110256178,1021.96924
1741110256218,1021.9711
1741110256264,1021.9755
1741110256279,1021.9806
1741110256318,1021.97253
1741110256358,1021.9712
1741110256381,1021.96045
1741110256418,1021.95953
1741110256460,1021.96643
1741110256483,1021.9553
1741110256518,1021.9569
1741110256569,1021.97723
1741110256578,1021.9784
1741110256618,1021.9643
1741110256661,1021.9787
1741110256677,1021.9885
1741110256716,1021.98975
1741110256775,1021.9836
1741110256784,1021.9877
1741110256820,1021.989
1741110256857,1021.98346
1741110256878,1021.97046
1741110256921,1021.9644
1741110256963,1021.9667
1741110257005,1021.9694
1741110257017,1021.96564
1741110257070,1021.9623
1741110257077,1021.9631
1741110257118,1021.96216
1741110257156,1021.9631
1741110257178,1021.9562
1741110257218,1021.9739
1741110257263,1021.9841
1741110257280,1021.972
1741110257319,1021.9655
1741110257359,1021.96375
1741110257379,1021.95435
1741110257417,1021.95703
1741110257459,1021.95654
1741110257488,1021.96857
1741110257519,1021.96857
1741110257562,1021.97107
1741110257576,1021.97266
1741110257619,1021.97723
1741110257657,1021.9744
1741110257678,1021.97424
1741110257721,1021.9772
1741110257761,1021.97754
1741110257776,1021.96814
1741110257817,1021.9748
1741110257856,1021.9808
1741110257879,1021.9773
1741110257917,1021.9776
1741110257959,1021.9818
1741110257978,1021.993
1741110258019,1021.98804
1741110258059,1021.9877
1741110258079,1021.98535
1741110258117,1021.9739
1741110258166,1021.9782
1741110258177,1021.96606
1741110258224,1021.9664
1741110258258,1021.9752
1741110258281,1021.98126
1741110258317,1021.9776
1741110258360,1021.9688
1741110258377,1021.95795
1741110258429,1021.97504
1741110258459,1021.97363
1741110258479,1021.976
1741110258519,1021.97217
1741110258559,1021.9786
1741110258578,1021.97473
1741110258619,1021.96277
1741110258657,1021.9719
1741110258680,1021.96216
1741110258715,1021.9676
1741110258756,1021.96783
1741110258777,1021.95154
1741110258823,1021.96
1741110258858,1021.9649
1741110258877,1021.96027
1741110258930,1021.97345
1741110258956,1021.97504
1741110258977,1021.98724
1741110259018,1022.0176
1741110259064,1022.02783
1741110259075,1022.0135
1741110259117,1021.9883
1741110259158,1021.9651
1741110259180,1021.96606
1741110259219,1021.9731
1741110259257,1021.98883
1741110259281,1022.00665
1741110259329,1021.99426
1741110259359,1021.9824
1741110259381,1021.99023
1741110259417,1022.0028
1741110259462,1021.94025
1741110259476,1021.9614
1741110259516,1021.9079
1741110259570,1021.8755
1741110259575,1021.90344
1741110259616,1021.9197
1741110259656,1021.9378
1741110259676,1021.9498
1741110259716,1021.9524
1741110259770,1021.9451
1741110259782,1021.94977
1741110259816,1021.9497
1741110259856,1021.9473
1741110259876,1021.94495
1741110259916,1021.93555
1741110259954,1021.9307
1741110259975,1021.9199
1741110260016,1021.9287
1741110260057,1021.9404
1741110260082,1021.94
1741110260115,1021.9595
1741110260157,1021.96094
1741110260184,1021.9522
1741110260214,1021.95215
1741110260260,1021.94684
1741110260276,1021.9228
1741110260316,1021.91583
1741110260355,1021.9385
1741110260379,1021.93524
1741110260416,1021.9036
1741110260456,1021.899
1741110260479,1021.9044
1741110260515,1021.90295
1741110260556,1021.88806
1741110260578,1021.8921
1741110260621,1021.89777
1741110260665,1021.90826
1741110260674,1021.92035
1741110260722,1021.9154
1741110260755,1021.91766
1741110260774,1021.927
1741110260816,1021.9182
1741110260853,1021.91565
1741110260873,1021.91925
1741110260913,1021.92194
1741110260954,1021.9282
1741110260973,1021.9305
1741110261014,1021.92773
1741110261054,1021.92694
1741110261073,1021.9193
1741110261113,1021.9125
1741110261154,1021.93195
1741110261173,1021.9506
1741110261214,1021.9366
1741110261255,1021.9262
1741110261274,1021.91406
1741110261314,1021.92053
1741110261354,1021.92896
1741110261373,1021.9303
1741110261414,1021.92444
1741110261454,1021.9291
1741110261473,1021.9329
1741110261513,1021.9328
1741110261571,1021.922
1741110261596,1021.9121
1741110261620,1021.90265
1741110261676,1021.9045
1741110261677,1021.9142
1741110261716,1021.92676
1741110261753,1021.92737
1741110261773,1021.9313
1741110261814,1021.92377
1741110261853,1021.9452
1741110261873,1021.9424
1741110261914,1021.9415
1741110261953,1021.9404
1741110261973,1021.94543
1741110262013,1021.9324
1741110262053,1021.9362
1741110262073,1021.9359
1741110262114,1021.9429
1741110262153,1021.9503
1741110262173,1021.9455
1741110262212,1021.9476
1741110262253,1021.9618
1741110262273,1021.96655
