1741112489688,1022.4856
1741112489709,1022.4917
1741112489749,1022.49097
1741112489788,1022.4956
1741112489809,1022.4976
1741112489848,1022.49695
1741112489889,1022.5066
1741112489908,1022.5042
1741112489949,1022.4995
1741112489988,1022.51074
1741112490009,1022.5154
1741112490049,1022.49817
1741112490088,1022.511
1741112490108,1022.50256
1741112490152,1022.5084
1741112490188,1022.49976
1741112490209,1022.49567
1741112490251,1022.4981
1741112490292,1022.5012
1741112490309,1022.501
1741112490349,1022.4994
1741112490390,1022.50586
1741112490409,1022.50354
1741112490452,1022.4965
1741112490494,1022.5037
1741112490509,1022.5086
1741112490549,1022.5117
1741112490596,1022.51105
1741112490616,1022.499
1741112490649,1022.5005
1741112490695,1022.50415
1741112490709,1022.50464
1741112490749,1022.5077
1741112490789,1022.50354
1741112490809,1022.5064
1741112490851,1022.50433
1741112490890,1022.4994
1741112490909,1022.4923
1741112490950,1022.49835
1741112490993,1022.5003
1741112491008,1022.5105
1741112491048,1022.52094
1741112491095,1022.5234
1741112491109,1022.5182
1741112491148,1022.51685
1741112491191,1022.51465
1741112491210,1022.5144
1741112491249,1022.5061
1741112491291,1022.5043
1741112491309,1022.4971
1741112491350,1022.5001
1741112491391,1022.506
1741112491411,1022.49744
1741112491451,1022.50256
1741112491497,1022.5032
1741112491509,1022.50824
1741112491548,1022.51013
1741112491588,1022.5185
1741112491609,1022.51196
1741112491695,1022.50934
1741112491695,1022.5133
1741112491709,1022.51263
1741112491749,1022.5268
1741112491789,1022.5199
1741112491808,1022.5129
1741112491848,1022.50836
1741112491892,1022.50635
1741112491913,1022.51697
1741112491948,1022.51447
1741112491989,1022.5066
1741112492007,1022.51886
1741112492047,1022.5193
1741112492092,1022.5216
1741112492109,1022.5167
1741112492148,1022.51306
1741112492190,1022.52234
1741112492209,1022.5266
1741112492249,1022.52814
1741112492289,1022.53284
1741112492308,1022.5311
1741112492349,1022.52893
1741112492389,1022.5193
1741112492409,1022.5213
1741112492449,1022.5185
1741112492494,1022.5112
1741112492513,1022.50793
1741112492548,1022.5123
1741112492591,1022.51904
1741112492612,1022.5098
1741112492650,1022.51416
1741112492689,1022.5227
1741112492708,1022.54297
1741112492766,1022.5389
1741112492790,1022.54156
1741112492807,1022.5249
1741112492850,1022.5255
1741112492889,1022.5272
1741112492907,1022.5277
1741112492948,1022.5281
1741112492987,1022.52563
1741112493008,1022.5278
1741112493065,1022.532
1741112493087,1022.5322
1741112493107,1022.53314
1741112493148,1022.53076
1741112493187,1022.53674
1741112493208,1022.5349
1741112493248,1022.53625
1741112493289,1022.5454
1741112493309,1022.53906
1741112493348,1022.5344
1741112493388,1022.53467
1741112493408,1022.53564
1741112493450,1022.53827
1741112493495,1022.54083
1741112493507,1022.548
1741112493548,1022.54456
1741112493598,1022.54517
1741112493609,1022.54425
1741112493647,1022.5343
1741112493691,1022.53613
1741112493708,1022.5348
1741112493747,1022.5395
1741112493789,1022.54114
1741112493809,1022.5448
1741112493848,1022.54126
1741112493889,1022.5468
1741112493909,1022.5325
1741112493947,1022.52954
1741112493990,1022.5392
1741112494009,1022.54126
1741112494047,1022.5476
1741112494088,1022.555
1741112494107,1022.54425
1741112494147,1022.54114
1741112494188,1022.5398
1741112494208,1022.54083
1741112494247,1022.5367
1741112494288,1022.53326
1741112494306,1022.5336
1741112494348,1022.5386
1741112494389,1022.54016
1741112494408,1022.5509
1741112494448,1022.5508
1741112494489,1022.553
1741112494507,1022.54395
1741112494548,1022.54346
1741112494596,1022.5398
1741112494609,1022.547
1741112494647,1022.5466
1741112494688,1022.53894
1741112494709,1022.5339
1741112494748,1022.53937
1741112494787,1022.53955
1741112494810,1022.53876
1741112494848,1022.53894
1741112494889,1022.5413
1741112494907,1022.53876
1741112494949,1022.53577
1741112494988,1022.5422
1741112495007,1022.5456
1741112495047,1022.5334
1741112495089,1022.5305
1741112495106,1022.53723
1741112495147,1022.534
1741112495186,1022.5353
1741112495207,1022.5275
1741112495247,1022.53064
1741112495290,1022.53516
1741112495308,1022.5347
1741112495348,1022.53766
1741112495389,1022.53345
1741112495406,1022.5365
1741112495447,1022.53345
1741112495489,1022.53204
1741112495508,1022.52997
1741112495547,1022.5299
1741112495591,1022.5374
1741112495608,1022.52783
1741112495647,1022.5217
1741112495688,1022.5187
1741112495707,1022.5223
1741112495747,1022.5317
1741112495788,1022.51807
1741112495806,1022.50903
1741112495848,1022.51245
1741112495891,1022.51764
1741112495907,1022.5166
1741112495948,1022.5066
1741112495986,1022.50024
1741112496009,1022.50323
1741112496045,1022.4992
1741112496085,1022.5081
1741112496106,1022.50354
1741112496148,1022.5023
1741112496188,1022.49133
1741112496207,1022.48694
1741112496248,1022.48755
1741112496286,1022.4915
1741112496310,1022.48285
1741112496346,1022.47955
1741112496386,1022.4735
1741112496407,1022.47107
1741112496448,1022.4611
1741112496489,1022.4646
1741112496514,1022.47266
1741112496545,1022.4701
1741112496586,1022.47174
1741112496608,1022.46295
1741112496646,1022.45874
1741112496687,1022.4557
1741112496708,1022.4486
1741112496747,1022.4481
1741112496787,1022.4373
1741112496808,1022.43115
1741112496846,1022.42566
1741112496887,1022.4368
1741112496909,1022.43964
1741112496947,1022.4339
1741112496987,1022.4332
1741112497007,1022.427
1741112497045,1022.42755
1741112497085,1022.4228
1741112497117,1022.41174
1741112497147,1022.405
1741112497187,1022.40234
1741112497205,1022.4047
1741112497247,1022.39435
1741112497285,1022.3888
1741112497306,1022.37585
1741112497348,1022.3722
1741112497387,1022.3695
1741112497407,1022.3723
1741112497447,1022.36475
1741112497485,1022.36365
1741112497506,1022.36414
1741112497545,1022.35645
1741112497585,1022.3528
1741112497608,1022.3562
1741112497646,1022.3529
1741112497685,1022.34705
1741112497705,1022.35175
1741112497747,1022.35315
1741112497786,1022.3455
1741112497806,1022.3408
1741112497847,1022.3342
1741112497887,1022.33655
1741112497907,1022.33093
1741112497947,1022.3296
1741112497988,1022.3295
1741112498004,1022.3273
1741112498044,1022.3257
1741112498085,1022.31616
1741112498104,1022.3081
1741112498146,1022.29944
1741112498187,1022.29974
1741112498205,1022.29517
1741112498248,1022.28766
1741112498286,1022.28174
1741112498306,1022.28503
1741112498345,1022.28845
1741112498389,1022.28534
1741112498405,1022.28455
1741112498446,1022.27783
1741112498485,1022.2771
1741112498508,1022.26
1741112498544,1022.2566
1741112498585,1022.2525
1741112498605,1022.25946
1741112498645,1022.2599
1741112498685,1022.26904
1741112498705,1022.2503
1741112498749,1022.25323
1741112498785,1022.25684
1741112498806,1022.2509
1741112498846,1022.24646
1741112498885,1022.2444
1741112498907,1022.22925
1741112498945,1022.232
1741112498985,1022.2318
1741112499004,1022.22516
1741112499044,1022.2201
1741112499084,1022.2249
1741112499111,1022.22797
1741112499144,1022.2258
1741112499186,1022.22705
1741112499208,1022.2104
1741112499245,1022.2156
1741112499285,1022.21063
1741112499305,1022.19824
1741112499346,1022.1993
1741112499384,1022.18896
1741112499405,1022.18854
1741112499444,1022.197
1741112499484,1022.1929
1741112499506,1022.18713
1741112499543,1022.1784
1741112499584,1022.1826
1741112499604,1022.174
1741112499648,1022.16907
1741112499687,1022.16583
1741112499705,1022.1616
1741112499745,1022.1602
1741112499785,1022.15753
1741112499806,1022.14935
1741112499845,1022.1431
1741112499886,1022.1445
1741112499906,1022.1526
1741112499945,1022.1547
1741112499985,1022.1513
1741112500004,1022.145
1741112500044,1022.141
1741112500083,1022.13495
1741112500104,1022.1333
1741112500146,1022.11865
1741112500185,1022.1185
1741112500206,1022.1243
1741112500243,1022.108
1741112500284,1022.11536
1741112500305,1022.11414
1741112500344,1022.1116
1741112500385,1022.1146
1741112500403,1022.11334
1741112500444,1022.1205
1741112500486,1022.11597
1741112500505,1022.1139
1741112500542,1022.1111
1741112500584,1022.11334
1741112500604,1022.11066
1741112500645,1022.09875
1741112500684,1022.098
1741112500704,1022.08923
1741112500744,1022.08057
1741112500784,1022.0804
1741112500804,1022.0824
1741112500846,1022.0901
1741112500885,1022.09094
1741112500905,1022.0826
1741112500945,1022.0792
1741112500983,1022.0831
1741112501005,1022.0882
1741112501042,1022.082
1741112501083,1022.07855
1741112501103,1022.0648
1741112501145,1022.05835
1741112501186,1022.05774
1741112501206,1022.0577
1741112501245,1022.0573
1741112501286,1022.0627
1741112501303,1022.05994
1741112501343,1022.0564
1741112501385,1022.0504
1741112501404,1022.0588
1741112501444,1022.0597
1741112501484,1022.0641
1741112501503,1022.0493
1741112501544,1022.05133
1741112501583,1022.05237
1741112501604,1022.058
1741112501643,1022.0516
1741112501685,1022.0514
1741112501704,1022.0501
1741112501745,1022.05554
1741112501784,1022.05457
1741112501803,1022.0509
1741112501844,1022.0513
1741112501883,1022.0486
1741112501903,1022.04724
1741112501945,1022.0469
1741112501983,1022.04736
1741112502011,1022.0441
1741112502043,1022.0459
1741112502083,1022.04614
1741112502104,1022.0372
1741112502146,1022.03467
1741112502183,1022.03674
1741112502204,1022.0444
1741112502244,1022.0413
1741112502283,1022.0451
1741112502304,1022.04785
1741112502343,1022.0519
1741112502385,1022.05334
1741112502404,1022.0498
1741112502444,1022.0491
1741112502483,1022.044
1741112502504,1022.03467
1741112502545,1022.0325
1741112502582,1022.0367
1741112502602,1022.04285
1741112502644,1022.04803
1741112502683,1022.0401
1741112502704,1022.03015
1741112502745,1022.03143
1741112502783,1022.0329
1741112502803,1022.0257
1741112502846,1022.02344
1741112502883,1022.0255
1741112502903,1022.0269
1741112502944,1022.0317
1741112503025,1022.0298
1741112503025,1022.0292
1741112503041,1022.0311
1741112503082,1022.02435
1741112503106,1022.01935
1741112503143,1022.0243
1741112503184,1022.0243
1741112503202,1022.0329
1741112503254,1022.03326
1741112503284,1022.0408
1741112503303,1022.0338
1741112503344,1022.0337
1741112503384,1022.02686
1741112503403,1022.0202
1741112503444,1022.0269
1741112503483,1022.03
1741112503503,1022.02954
1741112503545,1022.02527
1741112503583,1022.021
1741112503604,1022.01917
1741112503642,1022.02985
1741112503683,1022.0237
1741112503703,1022.03015
1741112503745,1022.03394
1741112503783,1022.02484
1741112503803,1022.025
1741112503843,1022.0199
1741112503885,1022.01404
1741112503903,1022.0124
1741112503942,1022.0113
1741112503985,1022.0118
1741112504002,1022.0214
1741112504044,1022.01514
1741112504082,1022.0166
1741112504103,1022.01355
1741112504143,1022.0208
1741112504182,1022.0117
1741112504204,1022.01416
1741112504244,1022.02246
1741112504284,1022.0238
1741112504303,1022.0149
1741112504343,1022.02606
1741112504384,1022.0315
1741112504402,1022.02606
1741112504443,1022.0238
1741112504484,1022.0204
1741112504502,1022.0187
1741112504542,1022.01807
1741112504580,1022.0239
1741112504601,1022.0308
1741112504641,1022.0258
1741112504682,1022.0196
1741112504704,1022.01587
1741112504743,1022.0111
1741112504783,1022.0108
1741112504802,1022.01013
1741112504843,1021.99854
1741112504883,1022.0125
1741112504902,1022.02545
1741112504943,1022.0255
1741112504984,1022.0304
1741112505003,1022.0205
1741112505044,1022.0154
1741112505082,1022.018
1741112505101,1022.01624
1741112505140,1022.0181
1741112505184,1022.01733
1741112505201,1022.0243
1741112505244,1022.02264
1741112505285,1022.03314
1741112505302,1022.0327
1741112505343,1022.03064
1741112505382,1022.03046
1741112505401,1022.0201
1741112505441,1022.0184
1741112505484,1022.02313
1741112505503,1022.03644
1741112505543,1022.0339
1741112505580,1022.0382
1741112505601,1022.0364
1741112505642,1022.03424
1741112505681,1022.03564
1741112505702,1022.03723
1741112505746,1022.02515
1741112505782,1022.02783
1741112505803,1022.02734
1741112505844,1022.0224
1741112505882,1022.01953
1741112505902,1022.027
1741112505944,1022.0236
1741112505980,1022.0336
1741112506000,1022.029
1741112506041,1022.0251
1741112506079,1022.02637
1741112506099,1022.0251
1741112506144,1022.03674
1741112506181,1022.04443
1741112506201,1022.0549
1741112506241,1022.05066
1741112506283,1022.05725
1741112506300,1022.06415
1741112506343,1022.0681
1741112506382,1022.07135
1741112506402,1022.07056
1741112506441,1022.066
1741112506483,1022.0684
1741112506502,1022.06116
1741112506542,1022.0623
1741112506580,1022.05334
1741112506599,1022.0537
1741112506640,1022.05725
1741112506682,1022.05743
1741112506703,1022.0563
1741112506743,1022.0614
1741112506782,1022.068
1741112506802,1022.07263
1741112506842,1022.0697
1741112506883,1022.0595
1741112506901,1022.0566
1741112506940,1022.05853
1741112506981,1022.0495
1741112507002,1022.05115
1741112507043,1022.0422
1741112507082,1022.0491
1741112507099,1022.0558
1741112507140,1022.05615
1741112507182,1022.0558
1741112507200,1022.0517
1741112507242,1022.0555
1741112507279,1022.0593
1741112507300,1022.06714
1741112507343,1022.07263
1741112507380,1022.0699
1741112507400,1022.07227
1741112507441,1022.0637
1741112507482,1022.06433
1741112507501,1022.0658
1741112507543,1022.0627
1741112507579,1022.0669
1741112507599,1022.0679
1741112507640,1022.0556
1741112507682,1022.0618
1741112507699,1022.06714
1741112507742,1022.0587
1741112507781,1022.05994
1741112507802,1022.0667
1741112507842,1022.06067
1741112507881,1022.06055
1741112507901,1022.06067
1741112507942,1022.0582
1741112507980,1022.0634
1741112508023,1022.06635
1741112508038,1022.06836
1741112508082,1022.06805
1741112508099,1022.0677
1741112508139,1022.0685
1741112508179,1022.0684
1741112508201,1022.06836
1741112508241,1022.0668
1741112508280,1022.0709
1741112508301,1022.07227
1741112508340,1022.07715
1741112508380,1022.07074
1741112508399,1022.06775
1741112508441,1022.0685
1741112508479,1022.0665
1741112508502,1022.0749
1741112508543,1022.07825
1741112508585,1022.08295
1741112508598,1022.0749
1741112508638,1022.0765
1741112508680,1022.0746
1741112508699,1022.06134
1741112508742,1022.0659
1741112508781,1022.0628
1741112508801,1022.0645
1741112508841,1022.0675
1741112508880,1022.0708
1741112508899,1022.07623
1741112508940,1022.0681
1741112508980,1022.07227
1741112509001,1022.0842
1741112509039,1022.0818
1741112509081,1022.078
1741112509099,1022.0851
1741112509140,1022.0717
1741112509181,1022.07007
1741112509200,1022.06647
1741112509242,1022.06226
1741112509279,1022.0497
1741112509300,1022.05273
1741112509339,1022.05304
1741112509381,1022.061
1741112509400,1022.0626
1741112509440,1022.0676
1741112509479,1022.0681
1741112509500,1022.07324
1741112509538,1022.06757
1741112509579,1022.0663
1741112509598,1022.0615
1741112509638,1022.0736
1741112509679,1022.0674
1741112509699,1022.0703
1741112509742,1022.0731
1741112509781,1022.0741
1741112509799,1022.0659
1741112509840,1022.07043
1741112509879,1022.0742
1741112509899,1022.077
1741112509941,1022.07245
1741112509981,1022.0709
1741112509999,1022.0796
1741112510042,1022.0712
1741112510079,1022.07764
1741112510097,1022.0741
1741112510138,1022.07355
1741112510182,1022.0686
1741112510200,1022.06793
1741112510241,1022.0679
1741112510279,1022.06946
1741112510300,1022.06116
1741112510339,1022.0634
1741112510378,1022.0683
1741112510399,1022.0719
1741112510438,1022.0657
1741112510478,1022.06836
1741112510498,1022.0775
1741112510540,1022.07336
1741112510578,1022.068
1741112510598,1022.0637
1741112510638,1022.0695
1741112510678,1022.07526
1741112510698,1022.07495
1741112510738,1022.0831
1741112510783,1022.07043
1741112510803,1022.07
1741112510839,1022.0703
1741112510879,1022.0748
1741112510899,1022.07935
1741112510938,1022.0759
1741112510978,1022.07745
1741112510999,1022.07227
1741112511041,1022.07336
1741112511077,1022.0771
1741112511097,1022.0735
1741112511138,1022.0713
1741112511179,1022.0783
1741112511198,1022.07715
1741112511238,1022.0678
1741112511281,1022.0674
1741112511297,1022.0664
1741112511339,1022.0676
1741112511377,1022.07654
1741112511399,1022.0781
1741112511440,1022.0802
1741112511478,1022.08136
1741112511498,1022.07275
1741112511538,1022.079
1741112511576,1022.07336
1741112511617,1022.0591
1741112511637,1022.062
1741112511685,1022.05817
1741112511719,1022.062
1741112511738,1022.06165
1741112511779,1022.06006
1741112511818,1022.0669
1741112511840,1022.06006
1741112511878,1022.0668
1741112511918,1022.0803
1741112511939,1022.0751
1741112511978,1022.07104
1741112512018,1022.0681
1741112512038,1022.0723
1741112512077,1022.0622
1741112512117,1022.07056
1741112512137,1022.07007
1741112512176,1022.062
1741112512218,1022.0652
1741112512238,1022.065
1741112512279,1022.07007
1741112512318,1022.06335
1741112512338,1022.06104
1741112512379,1022.0602
1741112512418,1022.0649
1741112512438,1022.059
1741112512479,1022.06683
1741112512519,1022.07056
1741112512537,1022.0637
1741112512583,1022.06116
1741112512617,1022.05804
1741112512637,1022.05664
1741112512677,1022.05786
1741112512718,1022.064
1741112512738,1022.0653
1741112512776,1022.0658
1741112512817,1022.0587
1741112512837,1022.06323
1741112512879,1022.0626
1741112512923,1022.06006
1741112512939,1022.0757
1741112512977,1022.0746
1741112513028,1022.0583
1741112513037,1022.06964
1741112513076,1022.07635
1741112513117,1022.0774
1741112513140,1022.0774
1741112513178,1022.0764
1741112513216,1022.06854
1741112513236,1022.064
1741112513277,1022.0703
1741112513320,1022.0729
1741112513336,1022.0724
1741112513379,1022.07263
1741112513416,1022.0648
1741112513438,1022.0687
1741112513479,1022.0676
1741112513521,1022.0639
1741112513536,1022.06415
1741112513581,1022.0722
1741112513617,1022.07275
1741112513644,1022.07465
1741112513677,1022.06964
1741112513718,1022.0668
1741112513737,1022.06573
1741112513778,1022.0656
1741112513818,1022.0645
1741112513839,1022.06525
1741112513876,1022.06
1741112513919,1022.05945
1741112513936,1022.0603
1741112513977,1022.057
1741112514018,1022.0538
1741112514037,1022.0499
1741112514077,1022.05566
1741112514116,1022.0636
1741112514136,1022.06573
1741112514177,1022.072
1741112514216,1022.0685
1741112514236,1022.0581
1741112514276,1022.0546
1741112514317,1022.0675
1741112514339,1022.07135
1741112514377,1022.07416
1741112514416,1022.0763
1741112514439,1022.07196
1741112514476,1022.06726
1741112514516,1022.0648
1741112514536,1022.0681
1741112514575,1022.0615
1741112514615,1022.06354
1741112514638,1022.05743
1741112514677,1022.065
1741112514717,1022.068
1741112514738,1022.0602
1741112514782,1022.0607
1741112514815,1022.05963
1741112514839,1022.0612
1741112514877,1022.0691
1741112514916,1022.0643
1741112514938,1022.06616
1741112514976,1022.06305
1741112515017,1022.0599
1741112515036,1022.0571
1741112515078,1022.0654
1741112515115,1022.0725
1741112515135,1022.0769
1741112515181,1022.0725
1741112515218,1022.0753
1741112515238,1022.0659
1741112515275,1022.0633
1741112515316,1022.0688
1741112515336,1022.07513
1741112515375,1022.0791
1741112515417,1022.07794
1741112515436,1022.07465
1741112515478,1022.07404
1741112515516,1022.05975
1741112515537,1022.0538
1741112515577,1022.05444
1741112515615,1022.0557
1741112515635,1022.0585
1741112515676,1022.0668
1741112515717,1022.0633
1741112515737,1022.07043
1741112515777,1022.0625
1741112515818,1022.0614
1741112515835,1022.07764
1741112515877,1022.07355
1741112515919,1022.07306
1741112515939,1022.07117
1741112515974,1022.07275
1741112516016,1022.0716
1741112516036,1022.07275
1741112516078,1022.0708
1741112516114,1022.0676
1741112516136,1022.0698
1741112516185,1022.0668
1741112516215,1022.0687
1741112516235,1022.06824
1741112516276,1022.0656
1741112516315,1022.0631
1741112516336,1022.0705
1741112516377,1022.0665
1741112516417,1022.06274
1741112516436,1022.06287
1741112516477,1022.058
1741112516515,1022.0554
1741112516535,1022.06085
1741112516575,1022.0612
1741112516614,1022.0679
1741112516634,1022.0649
1741112516678,1022.06995
1741112516716,1022.0623
1741112516737,1022.0668
1741112516779,1022.05615
1741112516817,1022.06635
1741112516838,1022.0657
1741112516874,1022.0631
1741112516916,1022.06586
1741112516935,1022.06714
1741112516975,1022.06256
1741112517017,1022.0702
1741112517038,1022.08057
1741112517081,1022.08295
1741112517114,1022.0851
1741112517135,1022.08
1741112517175,1022.0761
1741112517215,1022.0697
1741112517235,1022.08014
1741112517276,1022.07837
1741112517316,1022.0735
1741112517337,1022.0672
1741112517378,1022.06396
1741112517415,1022.06415
1741112517435,1022.06555
1741112517476,1022.0682
1741112517513,1022.0581
1741112517534,1022.06696
1741112517577,1022.0685
1741112517614,1022.0637
1741112517635,1022.0685
1741112517677,1022.0757
1741112517714,1022.0786
1741112517735,1022.07794
1741112517774,1022.07544
1741112517815,1022.0692
1741112517835,1022.0681
1741112517875,1022.0686
1741112517916,1022.0664
1741112517936,1022.0659
1741112517975,1022.06226
1741112518013,1022.0776
1741112518033,1022.07794
1741112518078,1022.08026
1741112518113,1022.0804
1741112518133,1022.0842
1741112518174,1022.0796
1741112518215,1022.0746
1741112518236,1022.06946
1741112518275,1022.0669
1741112518317,1022.06946
1741112518335,1022.0646
1741112518376,1022.06213
1741112518418,1022.06616
1741112518437,1022.07086
1741112518479,1022.07074
1741112518517,1022.0789
1741112518537,1022.08026
1741112518584,1022.07214
1741112518613,1022.0714
1741112518633,1022.0657
1741112518676,1022.0672
1741112518713,1022.06616
1741112518737,1022.0625
1741112518776,1022.062
1741112518814,1022.06104
1741112518834,1022.0665
1741112518875,1022.064
1741112518915,1022.0614
1741112518934,1022.0668
1741112518975,1022.06647
1741112519014,1022.0549
1741112519033,1022.05615
1741112519075,1022.06226
1741112519113,1022.07007
1741112519134,1022.06323
1741112519175,1022.0682
1741112519213,1022.0684
1741112519233,1022.06696
1741112519274,1022.0636
1741112519313,1022.06396
1741112519334,1022.06335
1741112519374,1022.0614
1741112519413,1022.05945
1741112519433,1022.0557
1741112519472,1022.0496
1741112519513,1022.042
1741112519534,1022.0405
1741112519573,1022.0382
1741112519612,1022.0358
1741112519632,1022.03766
1741112519673,1022.0488
1741112519714,1022.0485
1741112519733,1022.0412
1741112519775,1022.0526
1741112519816,1022.05524
1741112519833,1022.04877
1741112519874,1022.0501
1741112519913,1022.05225
1741112519933,1022.0557
1741112519974,1022.05853
1741112520022,1022.0603
1741112520035,1022.0655
1741112520076,1022.0642
1741112520113,1022.06323
1741112520133,1022.0663
1741112520188,1022.0674
1741112520214,1022.07074
1741112520237,1022.0685
1741112520273,1022.0689
1741112520314,1022.0679
1741112520333,1022.0541
1741112520373,1022.04944
1741112520415,1022.05347
1741112520433,1022.0527
1741112520476,1022.0574
1741112520518,1022.0691
1741112520533,1022.07166
1741112520578,1022.07184
1741112520616,1022.0652
1741112520632,1022.0624
1741112520672,1022.0583
1741112520712,1022.0619
1741112520735,1022.0537
1741112520775,1022.0576
1741112520814,1022.0575
1741112520836,1022.05225
1741112520872,1022.0466
1741112520914,1022.0445
1741112520932,1022.0358
1741112520974,1022.02075
1741112521017,1022.02905
1741112521032,1022.0364
1741112521077,1022.03687
1741112521114,1022.0294
1741112521132,1022.03143
1741112521174,1022.0349
1741112521213,1022.0363
1741112521233,1022.0405
1741112521276,1022.02515
1741112521313,1022.01874
1741112521333,1022.0211
1741112521374,1022.0166
1741112521414,1022.0167
1741112521433,1022.01544
1741112521473,1022.02386
1741112521513,1022.0281
1741112521532,1022.03357
1741112521573,1022.02673
1741112521612,1022.0258
1741112521632,1022.03375
1741112521672,1022.0373
1741112521713,1022.0239
1741112521733,1022.0261
1741112521778,1022.0225
1741112521812,1022.02466
1741112521833,1022.02527
1741112521872,1022.02234
1741112521912,1022.02527
1741112521934,1022.0299
1741112521973,1022.0327
1741112522015,1022.02844
1741112522034,1022.0298
1741112522074,1022.0309
1741112522115,1022.03394
1741112522131,1022.0226
1741112522175,1022.02466
1741112522212,1022.0282
1741112522232,1022.0265
1741112522273,1022.0243
1741112522315,1022.02893
1741112522333,1022.0222
1741112522371,1022.0243
1741112522419,1022.0269
1741112522432,1022.0135
1741112522474,1022.0182
1741112522513,1022.0095
1741112522532,1022.01605
1741112522574,1022.0221
1741112522613,1022.02014
1741112522635,1021.9999
1741112522673,1022.00757
1741112522711,1022.01794
1741112522732,1022.0203
1741112522774,1022.02185
1741112522814,1022.02075
1741112522834,1022.01196
1741112522882,1022.0245
1741112522912,1022.0281
1741112522932,1022.03546
1741112522972,1022.0325
1741112523017,1022.0287
1741112523032,1022.02563
1741112523072,1022.02515
1741112523114,1022.02423
1741112523130,1022.0261
1741112523172,1022.0261
1741112523213,1022.0255
1741112523232,1022.023
1741112523272,1022.0217
1741112523312,1022.01996
1741112523330,1022.0222
1741112523371,1022.0239
1741112523414,1022.0244
1741112523431,1022.0354
1741112523472,1022.03296
1741112523513,1022.03357
1741112523531,1022.0419
1741112523571,1022.04956
1741112523611,1022.042
1741112523631,1022.0341
1741112523671,1022.03253
1741112523711,1022.03894
1741112523733,1022.03436
1741112523772,1022.0278
1741112523812,1022.0369
1741112523832,1022.0263
1741112523871,1022.0272
1741112523911,1022.0298
1741112523933,1022.02527
1741112523970,1022.0341
1741112524012,1022.0311
1741112524031,1022.02875
1741112524071,1022.02826
1741112524110,1022.0289
1741112524130,1022.02515
1741112524170,1022.03064
1741112524211,1022.0298
1741112524231,1022.0289
1741112524272,1022.036
1741112524315,1022.032
1741112524331,1022.03076
1741112524373,1022.0321
1741112524412,1022.0274
1741112524432,1022.0276
1741112524471,1022.02
1741112524512,1022.02124
1741112524531,1022.0359
1741112524570,1022.0322
1741112524611,1022.0296
1741112524629,1022.0295
1741112524671,1022.03613
1741112524714,1022.0406
1741112524731,1022.04266
1741112524771,1022.0388
1741112524811,1022.0275
1741112524830,1022.0309
1741112524872,1022.0326
1741112524912,1022.0354
1741112524931,1022.0365
1741112524972,1022.042
1741112525011,1022.04236
1741112525030,1022.03314
1741112525071,1022.03186
1741112525110,1022.0338
1741112525129,1022.03156
1741112525171,1022.02594
1741112525212,1022.0222
1741112525230,1022.0185
1741112525272,1022.0146
1741112525312,1022.01715
1741112525331,1022.01746
1741112525372,1022.01373
1741112525411,1022.0121
1741112525429,1022.0167
1741112525470,1022.018
1741112525512,1022.01636
1741112525534,1022.0211
1741112525572,1022.01855
1741112525609,1022.0178
1741112525629,1022.01013
1741112525669,1022.01013
1741112525712,1022.0131
1741112525729,1022.0019
1741112525770,1022.0062
1741112525814,1022.0012
1741112525832,1022.0069
1741112525870,1022.0031
1741112525911,1021.99805
1741112525929,1021.9872
1741112525972,1021.99695
1741112526012,1021.9983
1741112526029,1021.9998
1741112526070,1021.99207
1741112526110,1021.98083
1741112526130,1021.969
1741112526170,1021.97003
1741112526213,1021.96606
1741112526233,1021.96606
1741112526270,1021.96216
1741112526311,1021.9614
1741112526330,1021.957
1741112526370,1021.9622
1741112526411,1021.958
1741112526429,1021.954
1741112526470,1021.9468
1741112526511,1021.9375
1741112526530,1021.9369
1741112526574,1021.93164
1741112526609,1021.9292
1741112526628,1021.93494
1741112526669,1021.9372
1741112526711,1021.92554
1741112526731,1021.917
1741112526770,1021.9171
1741112526810,1021.9189
1741112526830,1021.9188
1741112526870,1021.91724
1741112526911,1021.9119
1741112526929,1021.90393
1741112526972,1021.89996
1741112527014,1021.8948
1741112527030,1021.89154
1741112527072,1021.8833
1741112527109,1021.8677
1741112527129,1021.86365
1741112527170,1021.8652
1741112527211,1021.864
1741112527231,1021.86224
1741112527277,1021.866
1741112527309,1021.8595
1741112527331,1021.86084
1741112527373,1021.8666
1741112527409,1021.8683
1741112527429,1021.8589
1741112527469,1021.84503
1741112527509,1021.8469
1741112527530,1021.8406
1741112527571,1021.8336
1741112527610,1021.83264
1741112527628,1021.833
1741112527669,1021.82513
1741112527708,1021.82886
1741112527729,1021.81995
1741112527768,1021.823
1741112527809,1021.82245
1741112527829,1021.80615
1741112527870,1021.80035
1741112527909,1021.792
1741112527930,1021.7973
1741112527972,1021.7919
1741112528024,1021.7867
1741112528027,1021.80005
1741112528068,1021.7973
1741112528115,1021.7927
1741112528128,1021.77844
1741112528169,1021.77246
1741112528209,1021.76746
1741112528229,1021.77527
1741112528269,1021.77246
1741112528310,1021.7683
1741112528328,1021.7622
1741112528370,1021.7579
1741112528409,1021.76166
1741112528429,1021.75275
1741112528471,1021.7579
1741112528510,1021.74884
1741112528529,1021.73694
1741112528569,1021.74036
1741112528612,1021.73846
1741112528628,1021.73425
1741112528668,1021.7324
1741112528707,1021.7294
1741112528729,1021.7272
1741112528769,1021.7184
1741112528812,1021.72595
1741112528829,1021.7205
1741112528869,1021.7166
1741112528909,1021.71967
1741112528928,1021.71277
1741112528971,1021.7103
1741112529011,1021.7103
1741112529029,1021.7035
1741112529070,1021.69476
1741112529110,1021.689
1741112529128,1021.68646
1741112529167,1021.68335
1741112529208,1021.677
1741112529228,1021.6745
1741112529271,1021.6784
1741112529309,1021.66724
1741112529332,1021.66925
1741112529368,1021.6714
1741112529409,1021.6622
1741112529429,1021.65625
1741112529468,1021.64453
1741112529508,1021.64667
1741112529527,1021.6507
1741112529569,1021.63965
1741112529609,1021.63635
1741112529626,1021.63574
1741112529668,1021.64
1741112529708,1021.64465
1741112529729,1021.6493
1741112529771,1021.6528
1741112529808,1021.6365
1741112529827,1021.6399
1741112529868,1021.63477
1741112529907,1021.6293
1741112529929,1021.6161
1741112529969,1021.6063
1741112530007,1021.6141
1741112530028,1021.61176
1741112530069,1021.5992
1741112530107,1021.5926
1741112530127,1021.5969
1741112530167,1021.5897
1741112530207,1021.58813
1741112530228,1021.6013
1741112530269,1021.6012
1741112530311,1021.6005
1741112530328,1021.598
1741112530368,1021.589
1741112530411,1021.5801
1741112530429,1021.5795
1741112530468,1021.5723
1741112530508,1021.56903
1741112530528,1021.571
1741112530570,1021.5658
1741112530607,1021.5722
1741112530626,1021.5666
1741112530666,1021.55505
1741112530708,1021.5493
1741112530727,1021.5518
1741112530770,1021.55646
1741112530807,1021.5609
1741112530828,1021.56494
1741112530869,1021.5718
1741112530907,1021.5669
1741112530927,1021.55804
1741112530969,1021.5531
1741112531009,1021.5454
1741112531030,1021.5469
1741112531069,1021.54504
1741112531106,1021.54425
1741112531127,1021.5486
1741112531167,1021.5477
1741112531206,1021.5442
1741112531229,1021.5385
1741112531267,1021.5454
1741112531307,1021.5486
1741112531327,1021.54095
1741112531367,1021.5383
1741112531407,1021.53613
1741112531427,1021.5325
1741112531467,1021.54297
1741112531509,1021.54553
1741112531527,1021.5414
1741112531567,1021.5373
1741112531606,1021.53314
1741112531628,1021.53516
1741112531666,1021.53296
1741112531711,1021.54047
1741112531726,1021.53314
1741112531771,1021.5284
1741112531807,1021.5277
1741112531828,1021.5317
1741112531867,1021.53217
1741112531908,1021.53644
1741112531928,1021.53406
1741112531967,1021.54156
1741112532008,1021.54407
1741112532028,1021.54626
1741112532067,1021.5397
1741112532108,1021.54407
1741112532125,1021.54224
1741112532168,1021.54565
1741112532207,1021.5425
1741112532228,1021.53687
1741112532270,1021.52576
1741112532308,1021.52454
1741112532327,1021.5293
1741112532367,1021.5172
1741112532406,1021.5168
1741112532426,1021.533
1741112532466,1021.5263
1741112532507,1021.535
1741112532526,1021.53375
1741112532567,1021.53955
1741112532607,1021.5355
1741112532626,1021.5341
1741112532666,1021.5277
1741112532706,1021.5267
1741112532725,1021.52655
1741112532768,1021.5244
1741112532808,1021.52185
1741112532827,1021.5288
1741112532867,1021.53
1741112532905,1021.5254
1741112532927,1021.5134
1741112532966,1021.5148
1741112533021,1021.522
1741112533024,1021.52466
1741112533065,1021.52026
1741112533105,1021.52124
1741112533125,1021.5242
1741112533166,1021.52264
1741112533206,1021.5238
1741112533227,1021.5244
1741112533267,1021.5204
1741112533309,1021.51917
1741112533325,1021.51953
1741112533368,1021.5196
1741112533406,1021.523
1741112533446,1021.5303
1741112533467,1021.519
1741112533512,1021.5145
1741112533546,1021.5139
1741112533566,1021.5166
1741112533605,1021.51556
1741112533645,1021.5112
1741112533665,1021.51544
1741112533706,1021.52814
1741112533746,1021.52686
1741112533767,1021.5313
1741112533807,1021.5319
1741112533847,1021.5305
1741112533867,1021.53015
1741112533906,1021.5314
1741112533945,1021.5318
1741112533966,1021.5372
1741112534007,1021.5354
1741112534048,1021.521
1741112534067,1021.5221
1741112534105,1021.5287
1741112534144,1021.52203
1741112534164,1021.5278
1741112534205,1021.52045
1741112534244,1021.5215
1741112534267,1021.526
1741112534307,1021.528
1741112534349,1021.52704
1741112534367,1021.5225
1741112534407,1021.5227
1741112534451,1021.53516
1741112534471,1021.5337
1741112534505,1021.53186
1741112534546,1021.52594
1741112534567,1021.52686
1741112534607,1021.5227
1741112534645,1021.5236
1741112534665,1021.5241
1741112534709,1021.5266
1741112534745,1021.5128
1741112534765,1021.5178
1741112534805,1021.50903
1741112534846,1021.5084
1741112534865,1021.52155
1741112534905,1021.5261
1741112534946,1021.5217
1741112534965,1021.5254
1741112535005,1021.5254
1741112535047,1021.51624
1741112535065,1021.51227
1741112535106,1021.5149
1741112535144,1021.52014
1741112535165,1021.52106
1741112535206,1021.5258
1741112535246,1021.5349
1741112535265,1021.53534
1741112535306,1021.5242
1741112535344,1021.5166
1741112535364,1021.51385
1741112535406,1021.5155
1741112535446,1021.51855
1741112535466,1021.51697
1741112535505,1021.5205
1741112535546,1021.52563
1741112535569,1021.52966
1741112535607,1021.5248
1741112535644,1021.5273
1741112535664,1021.53174
1741112535712,1021.5335
1741112535744,1021.5327
1741112535764,1021.531
1741112535808,1021.5328
1741112535846,1021.54626
1741112535865,1021.54926
1741112535905,1021.5456
1741112535946,1021.5416
1741112535964,1021.5419
1741112536006,1021.5465
1741112536045,1021.5413
1741112536065,1021.55273
1741112536108,1021.54944
1741112536144,1021.5543
1741112536164,1021.5486
1741112536205,1021.54974
1741112536244,1021.56506
1741112536264,1021.5669
1741112536306,1021.56256
1741112536344,1021.5516
1741112536365,1021.5603
1741112536405,1021.56604
1741112536446,1021.5669
1741112536464,1021.55914
1741112536505,1021.5587
1741112536545,1021.5647
1741112536564,1021.5681
1741112536604,1021.56836
1741112536645,1021.5653
1741112536663,1021.5567
1741112536705,1021.5575
1741112536745,1021.562
1741112536765,1021.5585
1741112536806,1021.55743
1741112536847,1021.5637
1741112536864,1021.56146
1741112536905,1021.55927
1741112536943,1021.55597
1741112536965,1021.5521
1741112537005,1021.5486
1741112537045,1021.53973
1741112537065,1021.55066
1741112537106,1021.5569
1741112537143,1021.55756
1741112537163,1021.5493
1741112537208,1021.5521
1741112537244,1021.5585
1741112537263,1021.5692
1741112537307,1021.5642
1741112537343,1021.5627
1741112537364,1021.5574
1741112537405,1021.55334
1741112537444,1021.55597
1741112537467,1021.557
1741112537505,1021.5619
1741112537545,1021.571
1741112537564,1021.56714
1741112537605,1021.56213
1741112537643,1021.5597
1741112537664,1021.5669
1741112537707,1021.5711
1741112537743,1021.5579
1741112537764,1021.5583
1741112537805,1021.55743
1741112537845,1021.5608
1741112537866,1021.5563
1741112537904,1021.5608
1741112537944,1021.55994
1741112537964,1021.5702
1741112538002,1021.5658
1741112538044,1021.5691
1741112538063,1021.5648
1741112538107,1021.55286
1741112538142,1021.55914
1741112538163,1021.5583
1741112538214,1021.5623
1741112538244,1021.55756
1741112538263,1021.5446
1741112538303,1021.5497
1741112538344,1021.5559
1741112538363,1021.5544
1741112538404,1021.56
1741112538444,1021.56964
1741112538466,1021.5773
1741112538503,1021.5731
1741112538543,1021.5719
1741112538565,1021.575
1741112538605,1021.58044
1741112538642,1021.572
1741112538662,1021.569
1741112538703,1021.5712
1741112538744,1021.5681
1741112538764,1021.56946
1741112538805,1021.5581
1741112538844,1021.5607
1741112538863,1021.5743
1741112538904,1021.5732
1741112538946,1021.5666
1741112538963,1021.56836
1741112539004,1021.5694
1741112539044,1021.57495
1741112539064,1021.5707
1741112539103,1021.5609
1741112539142,1021.5598
1741112539162,1021.5597
1741112539203,1021.5486
1741112539243,1021.5585
1741112539264,1021.55975
1741112539302,1021.56995
1741112539344,1021.56335
1741112539364,1021.55853
1741112539404,1021.5563
1741112539443,1021.5491
1741112539462,1021.5504
1741112539507,1021.5569
1741112539543,1021.56415
1741112539564,1021.5644
1741112539603,1021.56244
1741112539643,1021.56396
1741112539662,1021.57
1741112539711,1021.56635
1741112539743,1021.5676
1741112539762,1021.5704
1741112539801,1021.5769
1741112539843,1021.5722
1741112539862,1021.56635
1741112539903,1021.5718
1741112539944,1021.56525
1741112539963,1021.5654
1741112540003,1021.5667
1741112540043,1021.56384
1741112540066,1021.5704
1741112540102,1021.5646
1741112540142,1021.5635
1741112540163,1021.567
1741112540204,1021.5581
1741112540243,1021.56335
1741112540263,1021.5731
1741112540304,1021.57104
1741112540344,1021.5642
1741112540363,1021.57446
1741112540402,1021.5768
1741112540443,1021.5769
1741112540462,1021.5662
1741112540504,1021.57196
1741112540543,1021.5752
1741112540562,1021.56396
1741112540604,1021.55664
1741112540642,1021.5654
1741112540661,1021.569
1741112540702,1021.57294
1741112540743,1021.57947
1741112540764,1021.5716
1741112540803,1021.5636
1741112540843,1021.5572
1741112540863,1021.56665
1741112540903,1021.56464
1741112540943,1021.56714
1741112540964,1021.5704
1741112541002,1021.5832
1741112541043,1021.582
1741112541062,1021.57654
1741112541104,1021.57605
1741112541142,1021.5726
1741112541161,1021.56885
1741112541201,1021.5698
1741112541241,1021.5698
1741112541263,1021.5637
1741112541302,1021.57446
1741112541342,1021.5754
1741112541362,1021.56726
1741112541402,1021.56335
1741112541443,1021.56775
1741112541465,1021.571
1741112541501,1021.56494
1741112541542,1021.5581
1741112541563,1021.55975
1741112541601,1021.5662
1741112541640,1021.5668
1741112541660,1021.5659
1741112541702,1021.5684
1741112541741,1021.56323
1741112541762,1021.5614
1741112541801,1021.56067
1741112541842,1021.5606
1741112541864,1021.56616
1741112541904,1021.56903
1741112541943,1021.5795
1741112541961,1021.57556
1741112542002,1021.5687
1741112542043,1021.5673
1741112542068,1021.5642
1741112542102,1021.56104
1741112542142,1021.55493
1741112542160,1021.56555
1741112542200,1021.56213
1741112542240,1021.562
1741112542262,1021.56396
1741112542302,1021.5755
1741112542342,1021.57697
1741112542362,1021.576
1741112542404,1021.5673
1741112542440,1021.5662
1741112542460,1021.56506
1741112542501,1021.56177
1741112542542,1021.558
1741112542560,1021.5709
1741112542601,1021.5669
1741112542639,1021.5624
1741112542660,1021.55835
1741112542701,1021.5545
1741112542740,1021.5569
1741112542761,1021.56287
1741112542803,1021.5653
1741112542842,1021.55817
1741112542867,1021.55566
1741112542902,1021.55853
1741112542943,1021.55554
1741112542964,1021.5586
1741112542999,1021.5625
1741112543039,1021.5674
1741112543060,1021.55884
1741112543101,1021.5604
1741112543141,1021.5596
1741112543161,1021.54944
1741112543201,1021.5561
1741112543240,1021.5672
1741112543259,1021.56726
1741112543302,1021.5696
1741112543344,1021.5661
1741112543360,1021.5569
1741112543403,1021.56067
1741112543440,1021.5697
1741112543461,1021.56305
1741112543503,1021.56165
1741112543544,1021.5664
1741112543562,1021.56445
1741112543600,1021.55994
1741112543642,1021.55914
1741112543659,1021.5654
1741112543699,1021.5625
1741112543741,1021.5545
1741112543760,1021.5543
1741112543806,1021.55994
1741112543841,1021.5602
1741112543859,1021.558
1741112543901,1021.5613
1741112543940,1021.5669
1741112543962,1021.5614
1741112544002,1021.56213
1741112544041,1021.5659
1741112544061,1021.55475
1741112544099,1021.5643
1741112544140,1021.5677
1741112544159,1021.57275
1741112544199,1021.5698
1741112544240,1021.56665
1741112544260,1021.56946
1741112544301,1021.5735
1741112544342,1021.5683
1741112544361,1021.56104
1741112544401,1021.56946
1741112544440,1021.56854
1741112544460,1021.5635
1741112544499,1021.5644
1741112544543,1021.5718
1741112544560,1021.56976
1741112544600,1021.5719
1741112544641,1021.57056
1741112544660,1021.5724
1741112544701,1021.56885
1741112544742,1021.56903
1741112544759,1021.5729
1741112544799,1021.5741
1741112544841,1021.5775
1741112544861,1021.5801
1741112544901,1021.58136
1741112544941,1021.57434
1741112544961,1021.56836
1741112545001,1021.5633
1741112545039,1021.56647
1741112545059,1021.5718
1741112545102,1021.5802
1741112545138,1021.5728
1741112545158,1021.57007
1741112545199,1021.56305
1741112545240,1021.5679
1741112545259,1021.57117
1741112545303,1021.5768
1741112545339,1021.5755
1741112545360,1021.57886
1741112545402,1021.5806
1741112545440,1021.5752
1741112545462,1021.5744
1741112545499,1021.57227
1741112545541,1021.57294
1741112545560,1021.5681
1741112545600,1021.5791
1741112545639,1021.57355
1741112545658,1021.5676
1741112545698,1021.56635
1741112545743,1021.5707
1741112545759,1021.56555
1741112545799,1021.56775
1741112545840,1021.57227
1741112545860,1021.577
1741112545903,1021.5797
1741112545939,1021.5742
1741112545961,1021.5693
1741112545999,1021.5676
1741112546041,1021.5624
1741112546061,1021.5625
1741112546098,1021.57733
1741112546139,1021.5729
1741112546158,1021.57666
1741112546199,1021.5749
1741112546240,1021.5664
1741112546259,1021.57074
1741112546299,1021.56396
1741112546339,1021.56726
1741112546360,1021.5717
1741112546399,1021.5666
1741112546440,1021.5638
1741112546458,1021.5696
1741112546499,1021.56555
1741112546539,1021.5717
1741112546558,1021.5703
1741112546599,1021.5697
1741112546645,1021.57904
1741112546658,1021.58136
1741112546699,1021.58057
1741112546740,1021.584
1741112546758,1021.5759
1741112546799,1021.5751
1741112546838,1021.5795
1741112546859,1021.5762
1741112546899,1021.56506
1741112546941,1021.56165
1741112546958,1021.5639
1741112547000,1021.56
1741112547038,1021.563
1741112547059,1021.56537
1741112547099,1021.56726
1741112547138,1021.58057
1741112547160,1021.57666
1741112547197,1021.57837
1741112547241,1021.5755
1741112547260,1021.58057
1741112547305,1021.5869
1741112547337,1021.588
1741112547360,1021.5823
1741112547397,1021.5841
1741112547437,1021.5856
1741112547458,1021.58655
1741112547497,1021.5807
1741112547539,1021.57654
1741112547559,1021.56537
1741112547602,1021.575
1741112547640,1021.5734
1741112547659,1021.56976
1741112547697,1021.5552
1741112547741,1021.56177
1741112547757,1021.5609
1741112547799,1021.5631
1741112547839,1021.5618
1741112547859,1021.57043
1741112547898,1021.5688
1741112547944,1021.571
1741112547957,1021.57965
1741112547999,1021.5774
1741112548038,1021.57654
1741112548059,1021.5734
1741112548099,1021.5739
1741112548140,1021.57166
1741112548157,1021.57355
1741112548198,1021.57697
1741112548240,1021.576
1741112548257,1021.5746
1741112548297,1021.57745
1741112548339,1021.58075
1741112548359,1021.5752
1741112548397,1021.5657
1741112548438,1021.5648
1741112548458,1021.5602
1741112548498,1021.5668
1741112548538,1021.56464
1741112548557,1021.5672
1741112548597,1021.57117
1741112548642,1021.5698
1741112548659,1021.5626
1741112548697,1021.5602
1741112548744,1021.5658
1741112548757,1021.5737
1741112548798,1021.5797
1741112548841,1021.57294
1741112548857,1021.5753
1741112548899,1021.5713
1741112548939,1021.57715
1741112548958,1021.58026
1741112549000,1021.5718
1741112549039,1021.5729
1741112549058,1021.5697
1741112549098,1021.55945
1741112549138,1021.5571
1741112549157,1021.5637
1741112549196,1021.57336
1741112549239,1021.5769
1741112549256,1021.5753
1741112549297,1021.57745
1741112549339,1021.5785
1741112549357,1021.5738
1741112549397,1021.5786
1741112549441,1021.582
1741112549458,1021.57544
1741112549502,1021.5804
1741112549538,1021.5756
1741112549557,1021.56934
1741112549601,1021.5735
1741112549643,1021.57935
1741112549657,1021.56934
1741112549696,1021.57324
1741112549740,1021.56177
1741112549756,1021.5552
1741112549800,1021.5597
1741112549841,1021.5627
1741112549857,1021.5768
1741112549896,1021.57654
1741112549937,1021.5744
1741112549958,1021.57104
1741112549996,1021.5718
1741112550038,1021.56573
1741112550056,1021.5735
1741112550096,1021.5656
1741112550136,1021.5692
1741112550156,1021.5691
1741112550195,1021.57056
1741112550237,1021.57446
1741112550257,1021.5703
1741112550296,1021.56647
1741112550336,1021.5669
1741112550356,1021.56866
1741112550397,1021.569
1741112550436,1021.57587
1741112550457,1021.5706
1741112550496,1021.57477
1741112550537,1021.5819
1741112550562,1021.57495
1741112550596,1021.56384
1741112550637,1021.5614
1741112550656,1021.5648
1741112550695,1021.55774
1741112550738,1021.54785
1741112550758,1021.54956
1741112550796,1021.5456
1741112550838,1021.5396
1741112550858,1021.5399
1741112550897,1021.5409
1741112550937,1021.54236
1741112550957,1021.53735
1741112551003,1021.55133
1741112551037,1021.54834
1741112551056,1021.555
1741112551097,1021.5503
1741112551138,1021.547
1741112551158,1021.55493
1741112551196,1021.55646
1741112551238,1021.5587
1741112551255,1021.5474
1741112551302,1021.5456
1741112551336,1021.55347
1741112551356,1021.5489
1741112551397,1021.5482
1741112551438,1021.5415
1741112551456,1021.5398
1741112551495,1021.5522
1741112551536,1021.55334
1741112551558,1021.54877
1741112551596,1021.5467
1741112551637,1021.5504
1741112551655,1021.5399
1741112551696,1021.5359
1741112551739,1021.5272
1741112551755,1021.52734
1741112551796,1021.52826
1741112551836,1021.54236
1741112551855,1021.53754
1741112551897,1021.53827
1741112551940,1021.53894
1741112551954,1021.5431
1741112551996,1021.54895
1741112552037,1021.54553
1741112552056,1021.54535
1741112552098,1021.54474
1741112552137,1021.5469
1741112552154,1021.5513
1741112552194,1021.5591
1741112552237,1021.5578
1741112552258,1021.55383
1741112552298,1021.55237
1741112552335,1021.56
1741112552358,1021.5586
1741112552395,1021.55
1741112552438,1021.54645
1741112552454,1021.54193
1741112552496,1021.54004
1741112552536,1021.5453
1741112552558,1021.5497
1741112552596,1021.5563
1741112552635,1021.5495
1741112552654,1021.55066
1741112552695,1021.5466
1741112552738,1021.5462
1741112552756,1021.5419
1741112552797,1021.5532
1741112552836,1021.552
1741112552857,1021.55664
1741112552896,1021.5533
1741112552936,1021.552
1741112552954,1021.5506
1741112552996,1021.55237
1741112553038,1021.54865
1741112553057,1021.5549
1741112553097,1021.5499
1741112553137,1021.5566
1741112553169,1021.5509
1741112553194,1021.55505
1741112553235,1021.5511
1741112553265,1021.5521
1741112553294,1021.5608
1741112553335,1021.5526
1741112553363,1021.542
1741112553397,1021.5418
1741112553437,1021.54517
1741112553456,1021.54614
1741112553496,1021.53595
1741112553534,1021.5372
1741112553554,1021.53644
1741112553596,1021.54724
1741112553643,1021.5487
1741112553655,1021.5428
1741112553694,1021.5386
1741112553738,1021.53754
1741112553758,1021.5469
1741112553795,1021.55133
1741112553835,1021.5586
1741112553855,1021.5498
1741112553895,1021.55566
1741112553935,1021.5572
1741112553954,1021.5559
1741112553996,1021.5486
1741112554035,1021.552
1741112554055,1021.5521
1741112554096,1021.5509
1741112554134,1021.54675
1741112554154,1021.5413
1741112554193,1021.5406
1741112554235,1021.54065
1741112554254,1021.53735
1741112554296,1021.53625
1741112554336,1021.5365
1741112554356,1021.53534
1741112554395,1021.54443
1741112554435,1021.54614
1741112554458,1021.545
1741112554493,1021.5477
1741112554537,1021.5532
1741112554556,1021.5537
1741112554596,1021.5436
1741112554635,1021.5475
1741112554655,1021.5427
1741112554695,1021.5509
1741112554734,1021.54706
1741112554755,1021.5522
1741112554796,1021.55365
1741112554834,1021.55035
1741112554855,1021.54346
1741112554894,1021.54504
1741112554935,1021.5345
1741112554958,1021.52954
1741112554993,1021.52954
1741112555034,1021.5363
1741112555059,1021.5388
1741112555093,1021.53784
1741112555134,1021.5425
1741112555159,1021.5471
1741112555194,1021.54114
1741112555235,1021.54266
1741112555263,1021.5447
1741112555294,1021.5259
1741112555338,1021.5286
1741112555375,1021.5266
1741112555395,1021.53
1741112555435,1021.5285
1741112555474,1021.51465
1741112555494,1021.52484
1741112555536,1021.52014
1741112555575,1021.52466
1741112555596,1021.5199
1741112555634,1021.5111
1741112555654,1021.51
1741112555692,1021.5068
1741112555734,1021.4969
1741112555773,1021.4975
1741112555795,1021.4896
1741112555834,1021.49286
1741112555873,1021.4846
1741112555893,1021.48425
1741112555934,1021.48016
1741112555973,1021.47485
1741112555994,1021.47473
1741112556038,1021.4885
1741112556073,1021.4783
1741112556094,1021.4842
1741112556136,1021.47766
1741112556172,1021.4656
1741112556192,1021.4646
1741112556235,1021.4698
1741112556277,1021.4689
1741112556296,1021.4596
1741112556335,1021.4491
1741112556372,1021.4531
1741112556395,1021.44214
1741112556433,1021.4393
1741112556475,1021.4374
1741112556493,1021.42993
1741112556538,1021.4195
1741112556573,1021.422
1741112556594,1021.4219
1741112556636,1021.40857
1741112556672,1021.39886
1741112556693,1021.4064
1741112556733,1021.3922
1741112556773,1021.3911
1741112556794,1021.3899
1741112556833,1021.3902
1741112556874,1021.39325
1741112556893,1021.3983
1741112556936,1021.3988
1741112556973,1021.39197
1741112556995,1021.38696
1741112557033,1021.39044
1741112557074,1021.38336
1741112557093,1021.3916
1741112557136,1021.38464
1741112557174,1021.3788
1741112557191,1021.3742
1741112557232,1021.3706
1741112557273,1021.3717
1741112557293,1021.3674
1741112557334,1021.3616
1741112557374,1021.3582
1741112557394,1021.3596
1741112557433,1021.3547
1741112557471,1021.3508
1741112557493,1021.34314
1741112557533,1021.3344
1741112557575,1021.3318
1741112557595,1021.32556
1741112557636,1021.3134
1741112557672,1021.3136
1741112557692,1021.30927
1741112557732,1021.3048
1741112557773,1021.3015
1741112557794,1021.3031
1741112557837,1021.29614
1741112557877,1021.2915
1741112557893,1021.2977
1741112557933,1021.29504
1741112557973,1021.29456
1741112557994,1021.30225
1741112558034,1021.2982
1741112558074,1021.2981
1741112558092,1021.28723
1741112558133,1021.28937
1741112558176,1021.2848
1741112558192,1021.2792
1741112558234,1021.2655
1741112558278,1021.2568
1741112558291,1021.2558
1741112558334,1021.2582
1741112558371,1021.25146
1741112558393,1021.25214
1741112558434,1021.2544
1741112558472,1021.2622
1741112558492,1021.2595
1741112558536,1021.2572
1741112558572,1021.25366
1741112558593,1021.25073
1741112558636,1021.2538
1741112558676,1021.25195
1741112558691,1021.2438
1741112558732,1021.2362
1741112558776,1021.23615
1741112558794,1021.23535
1741112558833,1021.228
1741112558875,1021.2168
1741112558894,1021.2234
1741112558932,1021.224
1741112558976,1021.227
1741112558993,1021.2185
1741112559032,1021.2149
1741112559075,1021.2068
1741112559092,1021.2086
1741112559132,1021.2064
1741112559176,1021.1992
1741112559192,1021.1966
1741112559233,1021.1952
1741112559272,1021.19147
1741112559292,1021.1932
1741112559335,1021.2005
1741112559374,1021.20624
1741112559394,1021.20154
1741112559432,1021.19104
1741112559474,1021.1929
1741112559500,1021.19244
1741112559533,1021.19495
1741112559572,1021.1928
1741112559592,1021.18774
1741112559634,1021.17926
1741112559673,1021.1743
1741112559691,1021.17834
1741112559731,1021.183
1741112559772,1021.183
1741112559793,1021.1742
1741112559836,1021.173
1741112559871,1021.17615
1741112559892,1021.1777
1741112559934,1021.17554
1741112559971,1021.1789
1741112559992,1021.1838
1741112560033,1021.17816
1741112560073,1021.17334
1741112560092,1021.1656
1741112560139,1021.16174
1741112560175,1021.16534
1741112560191,1021.1823
1741112560233,1021.18085
1741112560276,1021.1734
1741112560290,1021.1791
1741112560332,1021.1781
1741112560371,1021.169
1741112560391,1021.16376
1741112560432,1021.1508
1741112560472,1021.1624
1741112560492,1021.1625
1741112560535,1021.16223
1741112560571,1021.1723
1741112560596,1021.17615
1741112560632,1021.1686
1741112560673,1021.16437
1741112560691,1021.16956
1741112560730,1021.1651
1741112560771,1021.156
1741112560791,1021.15924
1741112560832,1021.1604
1741112560871,1021.1599
1741112560891,1021.1716
1741112560931,1021.175
1741112560972,1021.17773
1741112560993,1021.1742
1741112561036,1021.1711
1741112561071,1021.1698
1741112561092,1021.1668
1741112561132,1021.16345
1741112561175,1021.15515
1741112561194,1021.1693
1741112561230,1021.16797
1741112561271,1021.1709
1741112561290,1021.1726
1741112561335,1021.1745
1741112561372,1021.1696
1741112561393,1021.1663
1741112561432,1021.165
1741112561471,1021.16394
1741112561490,1021.1604
1741112561531,1021.1597
1741112561572,1021.1572
1741112561594,1021.15625
1741112561632,1021.1568
1741112561673,1021.16486
1741112561694,1021.18
1741112561731,1021.1812
1741112561770,1021.1855
1741112561790,1021.17474
1741112561831,1021.17004
1741112561870,1021.17615
1741112561893,1021.1735
1741112561931,1021.1644
1741112561969,1021.1626
1741112561992,1021.1688
1741112562031,1021.1696
1741112562071,1021.1698
1741112562091,1021.1747
1741112562131,1021.1742
1741112562184,1021.1752
1741112562190,1021.1706
1741112562229,1021.1752
1741112562269,1021.17737
1741112562291,1021.16833
1741112562333,1021.1642
1741112562371,1021.1615
1741112562392,1021.1627
1741112562464,1021.16943
1741112562468,1021.1673
1741112562489,1021.1682
1741112562534,1021.1647
1741112562572,1021.17065
1741112562591,1021.1643
1741112562632,1021.16077
1741112562669,1021.16583
1741112562689,1021.1687
1741112562729,1021.16504
1741112562772,1021.1623
1741112562791,1021.1651
1741112562832,1021.1658
1741112562872,1021.16095
1741112562890,1021.16394
1741112562930,1021.1653
1741112562973,1021.1599
1741112562993,1021.1578
1741112563029,1021.1611
1741112563071,1021.163
1741112563089,1021.17834
1741112563129,1021.17566
1741112563170,1021.1672
1741112563189,1021.17615
1741112563229,1021.1783
1741112563270,1021.1835
1741112563301,1021.17847
1741112563329,1021.1787
1741112563370,1021.1674
1741112563393,1021.1637
1741112563432,1021.1663
1741112563471,1021.15753
1741112563491,1021.1555
1741112563529,1021.1635
1741112563571,1021.16327
1741112563589,1021.16266
1741112563629,1021.151
1741112563674,1021.1564
1741112563688,1021.15814
1741112563733,1021.16315
1741112563770,1021.1674
1741112563790,1021.1679
1741112563829,1021.1736
1741112563870,1021.171
1741112563891,1021.1702
1741112563929,1021.1748
1741112563970,1021.1729
1741112563989,1021.1675
1741112564031,1021.1646
1741112564069,1021.1654
1741112564094,1021.171
1741112564130,1021.1682
1741112564169,1021.1719
1741112564188,1021.1637
1741112564228,1021.1684
1741112564268,1021.1676
1741112564288,1021.1687
1741112564329,1021.1692
1741112564369,1021.1625
1741112564390,1021.1565
1741112564429,1021.1604
1741112564468,1021.1604
1741112564490,1021.1634
1741112564532,1021.1664
1741112564569,1021.17053
1741112564591,1021.18066
1741112564630,1021.18304
1741112564668,1021.19055
1741112564688,1021.1844
1741112564727,1021.18085
1741112564770,1021.18744
1741112564789,1021.19196
1741112564831,1021.1876
1741112564869,1021.1846
1741112564890,1021.1821
1741112564930,1021.18524
1741112564970,1021.1841
1741112564992,1021.17664
1741112565031,1021.167
1741112565069,1021.1683
1741112565090,1021.1725
1741112565129,1021.17664
1741112565173,1021.1728
1741112565188,1021.16797
1741112565228,1021.1714
1741112565268,1021.182
1741112565288,1021.18835
1741112565331,1021.1831
1741112565368,1021.18353
1741112565391,1021.18225
1741112565428,1021.18506
1741112565471,1021.18567
1741112565488,1021.18054
1741112565532,1021.1888
1741112565569,1021.188
1741112565589,1021.1791
1741112565630,1021.18445
1741112565668,1021.18506
1741112565688,1021.18036
1741112565727,1021.1782
1741112565778,1021.17664
1741112565789,1021.18353
1741112565828,1021.18964
1741112565869,1021.18384
1741112565888,1021.18506
1741112565928,1021.18567
1741112565969,1021.18225
1741112565989,1021.1833
1741112566029,1021.17834
1741112566068,1021.182
1741112566089,1021.1887
1741112566129,1021.18585
1741112566167,1021.18097
1741112566187,1021.1769
1741112566228,1021.187
1741112566267,1021.19434
1741112566288,1021.19556
1741112566331,1021.197
1741112566370,1021.1957
1741112566389,1021.1967
1741112566428,1021.18665
1741112566468,1021.1883
1741112566488,1021.1918
1741112566528,1021.1941
1741112566567,1021.187
1741112566590,1021.17584
1741112566627,1021.19037
1741112566669,1021.19385
1741112566687,1021.2008
1741112566727,1021.2007
1741112566767,1021.19995
1741112566787,1021.1959
1741112566828,1021.1913
1741112566868,1021.19635
1741112566889,1021.196
1741112566929,1021.1943
1741112566966,1021.19366
1741112566988,1021.19116
1741112567030,1021.1906
1741112567069,1021.1908
1741112567087,1021.1829
1741112567128,1021.1753
1741112567168,1021.1773
1741112567192,1021.18164
1741112567226,1021.18494
1741112567266,1021.1885
1741112567288,1021.18463
1741112567328,1021.1847
1741112567367,1021.184
1741112567388,1021.1825
1741112567458,1021.17975
1741112567466,1021.17615
1741112567487,1021.18756
1741112567528,1021.18274
1741112567568,1021.1761
1741112567587,1021.1854
1741112567628,1021.18396
1741112567667,1021.18494
1741112567687,1021.18396
1741112567727,1021.177
1741112567766,1021.1818
1741112567793,1021.18005
1741112567828,1021.18256
1741112567867,1021.1843
1741112567888,1021.1876
1741112567929,1021.1868
1741112567967,1021.1836
1741112567986,1021.18274
1741112568028,1021.18494
1741112568067,1021.18176
1741112568087,1021.1743
1741112568130,1021.1787
1741112568168,1021.18085
1741112568193,1021.181
1741112568227,1021.18524
1741112568266,1021.1991
1741112568288,1021.19885
1741112568326,1021.19226
1741112568367,1021.1836
1741112568388,1021.17096
1741112568426,1021.17285
1741112568468,1021.18005
1741112568487,1021.1866
1741112568528,1021.18915
1741112568567,1021.1801
1741112568588,1021.18005
1741112568626,1021.1821
1741112568672,1021.17883
1741112568691,1021.18445
1741112568725,1021.18005
1741112568766,1021.18274
1741112568787,1021.1845
1741112568827,1021.18384
1741112568868,1021.1837
1741112568886,1021.1808
1741112568926,1021.1899
1741112568966,1021.1941
1741112568986,1021.1904
1741112569027,1021.1918
1741112569067,1021.1893
1741112569088,1021.1876
1741112569127,1021.1869
1741112569165,1021.1898
1741112569190,1021.1933
1741112569225,1021.18823
1741112569265,1021.1856
1741112569287,1021.1755
1741112569327,1021.17926
1741112569367,1021.18005
1741112569387,1021.1701
1741112569426,1021.1788
1741112569467,1021.1843
1741112569486,1021.1804
1741112569527,1021.18494
1741112569566,1021.19354
1741112569586,1021.18256
1741112569626,1021.1798
1741112569668,1021.17395
1741112569697,1021.1781
1741112569728,1021.1803
1741112569765,1021.17847
1741112569786,1021.1721
1741112569826,1021.1761
1741112569867,1021.1813
1741112569887,1021.1782
1741112569928,1021.1755
1741112569966,1021.19055
1741112569987,1021.188
1741112570026,1021.18823
1741112570067,1021.17804
1741112570085,1021.1791
1741112570126,1021.1751
1741112570166,1021.167
1741112570198,1021.16656
1741112570225,1021.1739
1741112570266,1021.1746
1741112570288,1021.174
1741112570325,1021.1719
1741112570365,1021.1679
1741112570385,1021.1797
1741112570425,1021.18427
1741112570465,1021.1864
1741112570487,1021.18884
1741112570527,1021.1881
1741112570567,1021.1898
1741112570586,1021.19006
1741112570625,1021.18445
1741112570665,1021.1853
1741112570690,1021.183
1741112570724,1021.178
1741112570765,1021.17523
1741112570784,1021.18036
1741112570826,1021.18945
1741112570867,1021.1958
1741112570887,1021.1989
1741112570925,1021.18787
1741112570967,1021.1817
1741112570988,1021.1794
1741112571028,1021.1846
1741112571065,1021.1836
1741112571086,1021.1779
1741112571126,1021.18726
1741112571166,1021.1891
1741112571185,1021.192
1741112571224,1021.1846
1741112571266,1021.1861
1741112571286,1021.1929
1741112571328,1021.1843
1741112571367,1021.1785
1741112571386,1021.18207
1741112571426,1021.1933
1741112571465,1021.18646
1741112571485,1021.1843
1741112571528,1021.19165
1741112571568,1021.19073
1741112571584,1021.1958
1741112571625,1021.1888
1741112571664,1021.1875
1741112571695,1021.1734
1741112571725,1021.17
1741112571765,1021.1723
1741112571785,1021.16986
1741112571825,1021.182
1741112571865,1021.1852
1741112571887,1021.17957
1741112571925,1021.1761
1741112571966,1021.1751
1741112571986,1021.18024
1741112572025,1021.1773
1741112572066,1021.177
1741112572088,1021.1765
1741112572126,1021.1812
1741112572167,1021.1803
1741112572183,1021.17944
1741112572223,1021.1782
1741112572264,1021.18195
1741112572287,1021.1767
1741112572325,1021.17566
1741112572369,1021.1857
1741112572387,1021.1858
1741112572424,1021.18097
1741112572463,1021.1753
1741112572484,1021.17413
1741112572525,1021.1789
1741112572567,1021.17114
1741112572584,1021.1643
1741112572629,1021.1763
1741112572668,1021.1832
1741112572685,1021.17883
1741112572726,1021.17865
1741112572764,1021.18494
1741112572785,1021.1863
1741112572825,1021.1841
1741112572865,1021.18335
1741112572886,1021.1955
1741112572925,1021.1848
1741112572965,1021.1824
1741112572984,1021.1793
1741112573024,1021.1769
1741112573066,1021.18256
1741112573086,1021.1751
1741112573126,1021.17664
1741112573164,1021.17114
1741112573185,1021.17303
1741112573224,1021.16626
1741112573262,1021.173
1741112573283,1021.17267
1741112573327,1021.1725
1741112573363,1021.1781
1741112573383,1021.17676
1741112573425,1021.1741
1741112573465,1021.1842
1741112573486,1021.1809
1741112573525,1021.176
1741112573566,1021.1754
1741112573584,1021.1784
1741112573624,1021.18427
1741112573665,1021.18524
1741112573684,1021.1848
1741112573722,1021.1871
1741112573764,1021.1901
1741112573785,1021.181
1741112573823,1021.1769
1741112573864,1021.1721
1741112573884,1021.1722
1741112573924,1021.17883
1741112573965,1021.1819
1741112573985,1021.1813
1741112574025,1021.18274
1741112574066,1021.1803
1741112574084,1021.1854
1741112574125,1021.18567
1741112574165,1021.17786
1741112574185,1021.17706
1741112574224,1021.1685
1741112574264,1021.1693
1741112574286,1021.17615
1741112574325,1021.1718
1741112574365,1021.17096
1741112574385,1021.1687
1741112574424,1021.16907
1741112574464,1021.1708
1741112574484,1021.1681
1741112574524,1021.16785
1741112574563,1021.1732
1741112574583,1021.1819
1741112574625,1021.1775
1741112574665,1021.176
1741112574684,1021.17114
1741112574723,1021.1729
1741112574763,1021.1699
1741112574783,1021.1688
1741112574824,1021.16815
1741112574864,1021.1683
1741112574886,1021.1741
1741112574923,1021.17334
1741112574965,1021.17255
1741112574984,1021.1824
1741112575024,1021.1771
1741112575066,1021.1811
1741112575085,1021.17596
1741112575122,1021.1814
1741112575164,1021.17596
1741112575185,1021.17975
1741112575222,1021.1737
1741112575263,1021.1746
1741112575284,1021.1847
1741112575323,1021.18665
1741112575365,1021.1818
1741112575385,1021.172
1741112575423,1021.18335
1741112575465,1021.182
1741112575483,1021.1785
1741112575525,1021.1815
1741112575563,1021.1693
1741112575583,1021.1669
1741112575624,1021.1714
1741112575664,1021.16895
1741112575684,1021.16406
1741112575725,1021.16754
1741112575762,1021.167
1741112575786,1021.1706
1741112575823,1021.1746
1741112575864,1021.1786
1741112575885,1021.1814
1741112575923,1021.1759
1741112575963,1021.1778
1741112575982,1021.1881
1741112576025,1021.196
1741112576062,1021.1886
1741112576084,1021.18555
1741112576127,1021.1784
1741112576163,1021.1759
1741112576184,1021.1739
1741112576222,1021.17566
1741112576263,1021.1719
1741112576287,1021.1697
1741112576324,1021.1734
1741112576365,1021.17773
1741112576384,1021.17334
1741112576423,1021.17554
1741112576463,1021.181
1741112576484,1021.18427
1741112576523,1021.1749
1741112576563,1021.1812
1741112576582,1021.1889
1741112576623,1021.1906
1741112576664,1021.1804
1741112576683,1021.1743
1741112576721,1021.17145
1741112576762,1021.1727
1741112576781,1021.17645
1741112576823,1021.18115
1741112576863,1021.17737
1741112576884,1021.17944
1741112576921,1021.1724
1741112576963,1021.1736
1741112576983,1021.1731
1741112577024,1021.1835
1741112577064,1021.1736
1741112577102,1021.1753
1741112577125,1021.1765
1741112577162,1021.17413
1741112577203,1021.1831
1741112577221,1021.1857
1741112577262,1021.1789
1741112577304,1021.17725
1741112577323,1021.1798
1741112577362,1021.1722
1741112577402,1021.1705
1741112577422,1021.1855
1741112577460,1021.1888
1741112577502,1021.19104
1741112577523,1021.1816
1741112577564,1021.1755
1741112577602,1021.1792
1741112577623,1021.183
1741112577663,1021.1884
1741112577709,1021.18823
1741112577721,1021.1847
1741112577760,1021.18304
1741112577805,1021.1797
1741112577823,1021.18304
1741112577864,1021.18353
1741112577884,1021.18286
1741112577923,1021.18024
1741112577963,1021.1794
1741112578000,1021.1877
1741112578020,1021.18164
1741112578063,1021.1744
1741112578101,1021.178
1741112578123,1021.1784
1741112578164,1021.18225
1741112578183,1021.177
1741112578222,1021.1809
1741112578262,1021.1782
1741112578301,1021.17334
1741112578320,1021.17194
1741112578363,1021.1842
1741112578401,1021.1815
1741112578420,1021.187
1741112578462,1021.1774
1741112578503,1021.1792
1741112578521,1021.1753
1741112578562,1021.1826
1741112578600,1021.18176
1741112578621,1021.1842
1741112578663,1021.1769
1741112578705,1021.18445
1741112578722,1021.19135
1741112578760,1021.1853
1741112578805,1021.18524
1741112578821,1021.18585
1741112578861,1021.193
1741112578903,1021.19794
1741112578921,1021.1906
1741112578961,1021.19275
1741112579002,1021.1891
1741112579023,1021.18787
1741112579061,1021.1881
1741112579103,1021.1777
1741112579122,1021.1661
1741112579161,1021.1625
1741112579207,1021.1649
1741112579219,1021.1651
1741112579260,1021.1625
1741112579302,1021.16815
1741112579326,1021.17224
1741112579362,1021.17065
1741112579402,1021.169
1741112579423,1021.1654
1741112579460,1021.1679
1741112579500,1021.1642
1741112579521,1021.165
1741112579562,1021.1587
1741112579600,1021.1562
1741112579622,1021.142
1741112579662,1021.14966
1741112579703,1021.1621
1741112579720,1021.16614
1741112579759,1021.16724
1741112579802,1021.15686
1741112579819,1021.15674
1741112579861,1021.1558
1741112579902,1021.1636
1741112579920,1021.16583
1741112579961,1021.1665
1741112580000,1021.17505
1741112580023,1021.1785
1741112580059,1021.1727
1741112580099,1021.1782
1741112580119,1021.1808
1741112580161,1021.1776
1741112580205,1021.1742
1741112580221,1021.16956
1741112580260,1021.16736
1741112580300,1021.1674
1741112580321,1021.16846
1741112580361,1021.1733
1741112580404,1021.16724
1741112580422,1021.16797
1741112580460,1021.1638
1741112580501,1021.15936
1741112580524,1021.1595
1741112580564,1021.16693
1741112580599,1021.1557
1741112580619,1021.1543
1741112580659,1021.1664
1741112580700,1021.1699
1741112580720,1021.1703
1741112580759,1021.1706
1741112580802,1021.1659
1741112580823,1021.1677
1741112580860,1021.16425
1741112580899,1021.16455
1741112580919,1021.1719
1741112580960,1021.176
1741112581000,1021.1798
1741112581020,1021.1669
1741112581060,1021.1763
1741112581099,1021.1784
1741112581119,1021.18256
1741112581160,1021.17706
1741112581199,1021.1636
1741112581219,1021.162
1741112581259,1021.1658
1741112581303,1021.1701
1741112581320,1021.17084
1741112581358,1021.17896
1741112581398,1021.1711
1741112581419,1021.1745
1741112581464,1021.1732
1741112581499,1021.1717
1741112581519,1021.1781
1741112581559,1021.18005
1741112581604,1021.17413
1741112581618,1021.1798
1741112581661,1021.1773
1741112581700,1021.17206
1741112581719,1021.1674
1741112581759,1021.1698
1741112581805,1021.17944
1741112581818,1021.17
1741112581859,1021.1633
1741112581901,1021.16125
1741112581920,1021.1706
1741112581961,1021.16534
1741112582001,1021.1689
1741112582021,1021.16125
1741112582061,1021.16486
1741112582099,1021.16034
1741112582122,1021.1566
1741112582158,1021.159
1741112582204,1021.16003
1741112582218,1021.158
1741112582258,1021.15796
1741112582305,1021.1566
1741112582321,1021.1544
1741112582359,1021.15497
1741112582402,1021.1559
1741112582419,1021.1565
1741112582459,1021.15186
1741112582500,1021.15625
1741112582521,1021.15955
1741112582558,1021.1672
1741112582602,1021.174
1741112582620,1021.18
1741112582661,1021.17365
1741112582703,1021.1759
1741112582720,1021.16315
1741112582758,1021.1616
1741112582799,1021.1584
1741112582818,1021.1623
1741112582859,1021.15955
1741112582899,1021.16235
1741112582919,1021.16895
1741112582958,1021.1637
1741112583000,1021.1599
1741112583018,1021.1594
1741112583058,1021.16016
1741112583102,1021.1592
1741112583120,1021.1614
1741112583158,1021.17017
1741112583200,1021.1697
1741112583217,1021.1634
1741112583258,1021.17633
1741112583305,1021.17365
1741112583318,1021.16626
1741112583357,1021.16974
1741112583398,1021.17365
1741112583418,1021.16614
1741112583460,1021.1618
1741112583499,1021.15875
1741112583520,1021.16595
1741112583558,1021.1685
1741112583599,1021.16284
1741112583619,1021.1638
1741112583658,1021.1623
1741112583697,1021.16174
1741112583717,1021.16455
1741112583757,1021.157
1741112583809,1021.15533
1741112583819,1021.162
1741112583861,1021.1565
1741112583899,1021.1505
1741112583919,1021.14905
1741112583958,1021.1448
1741112583998,1021.1458
1741112584018,1021.14655
1741112584059,1021.1477
1741112584098,1021.1383
1741112584118,1021.13184
1741112584159,1021.13257
1741112584201,1021.1346
1741112584216,1021.13116
1741112584257,1021.1265
1741112584300,1021.127
1741112584318,1021.1201
1741112584358,1021.12366
1741112584399,1021.1206
1741112584417,1021.12146
1741112584459,1021.1198
1741112584500,1021.1137
1741112584518,1021.1133
1741112584559,1021.10754
1741112584598,1021.09753
1741112584619,1021.10114
1741112584659,1021.09717
1741112584698,1021.0887
1741112584719,1021.08734
1741112584758,1021.0807
1741112584802,1021.0824
1741112584820,1021.0758
1741112584858,1021.07654
1741112584899,1021.0757
1741112584916,1021.06976
1741112584961,1021.06116
1741112585001,1021.0559
1741112585017,1021.06177
1741112585058,1021.06525
1741112585098,1021.0531
1741112585118,1021.05615
1741112585162,1021.05725
1741112585198,1021.0463
1741112585218,1021.04865
1741112585258,1021.05237
1741112585299,1021.0527
1741112585317,1021.0459
1741112585357,1021.0352
1741112585398,1021.03436
1741112585416,1021.02515
1741112585457,1021.0193
1741112585496,1021.01904
1741112585518,1021.0167
1741112585557,1021.0178
1741112585599,1021.00903
1741112585618,1021.0075
1741112585660,1020.9983
1741112585697,1020.98926
1741112585716,1020.99097
1741112585757,1020.99146
1741112585799,1020.991
1741112585817,1020.98645
1741112585858,1020.98694
1741112585897,1020.9833
1741112585917,1020.98
1741112585958,1020.98
1741112585996,1020.97253
1741112586019,1020.9661
1741112586057,1020.96423
1741112586097,1020.96716
1741112586120,1020.97046
1741112586159,1020.9629
1741112586196,1020.96136
1741112586219,1020.9549
1741112586256,1020.95746
1741112586303,1020.95624
1741112586316,1020.9554
1741112586356,1020.9526
1741112586397,1020.9531
1741112586418,1020.9548
1741112586456,1020.94574
1741112586498,1020.9496
1741112586518,1020.9336
1741112586557,1020.93225
1741112586601,1020.9233
1741112586616,1020.93176
1741112586658,1020.9243
1741112586701,1020.92395
1741112586718,1020.9191
1741112586756,1020.91864
1741112586798,1020.91
1741112586821,1020.9018
1741112586857,1020.8998
1741112586897,1020.88605
1741112586918,1020.8869
1741112586958,1020.8921
1741112586997,1020.8832
1741112587017,1020.8835
1741112587056,1020.8801
1741112587097,1020.8772
1741112587118,1020.88055
1741112587161,1020.8877
1741112587197,1020.8832
1741112587218,1020.87396
1741112587256,1020.86206
1741112587299,1020.8516
1741112587316,1020.8443
1741112587358,1020.8447
1741112587396,1020.85046
1741112587417,1020.8469
1741112587458,1020.84204
1741112587502,1020.84796
1741112587516,1020.83167
1741112587556,1020.8249
1741112587595,1020.82996
1741112587617,1020.82446
1741112587660,1020.82983
1741112587696,1020.82715
1741112587716,1020.8197
1741112587758,1020.82117
1741112587795,1020.8206
1741112587815,1020.8229
1741112587859,1020.824
1741112587897,1020.81946
1741112587917,1020.82104
1741112587957,1020.824
1741112587997,1020.8236
1741112588018,1020.8141
1741112588056,1020.80554
1741112588096,1020.8065
1741112588118,1020.80225
1741112588156,1020.8009
1741112588196,1020.8042
1741112588218,1020.8115
1741112588255,1020.8002
1741112588295,1020.7922
1741112588317,1020.79285
1741112588355,1020.7905
1741112588398,1020.7942
1741112588418,1020.7826
1741112588456,1020.7771
1741112588497,1020.78125
1741112588515,1020.7845
1741112588556,1020.7776
1741112588596,1020.775
1741112588617,1020.77527
1741112588657,1020.7649
1741112588695,1020.75836
1741112588720,1020.7699
1741112588754,1020.7754
1741112588796,1020.7761
1741112588818,1020.7667
1741112588855,1020.7676
1741112588895,1020.76654
1741112588916,1020.7754
1741112588956,1020.78174
1741112588996,1020.78595
1741112589018,1020.78174
1741112589055,1020.7822
1741112589096,1020.77826
1741112589116,1020.7842
1741112589156,1020.7759
1741112589194,1020.77185
1741112589219,1020.76843
1741112589254,1020.7706
1741112589295,1020.7805
1741112589316,1020.78577
1741112589355,1020.778
1741112589396,1020.77057
1741112589416,1020.77606
1741112589455,1020.77576
1741112589499,1020.77313
1741112589515,1020.7794
1741112589557,1020.7824
1741112589594,1020.782
1741112589615,1020.7793
1741112589658,1020.7757
1741112589695,1020.7718
1741112589718,1020.76495
1741112589754,1020.7656
1741112589794,1020.7738
1741112589818,1020.77844
1741112589854,1020.77454
1741112589895,1020.76904
1741112589917,1020.7717
1741112589955,1020.77356
1741112589998,1020.7664
1741112590015,1020.7579
1741112590054,1020.75745
1741112590095,1020.7575
1741112590117,1020.75836
1741112590154,1020.7604
1741112590197,1020.75946
1741112590217,1020.76587
1741112590257,1020.7678
1741112590295,1020.7637
1741112590315,1020.7656
1741112590355,1020.76807
1741112590395,1020.77515
1741112590414,1020.77356
1741112590455,1020.76685
1741112590494,1020.77313
1741112590515,1020.7778
1741112590554,1020.78217
1741112590596,1020.78076
1741112590616,1020.7653
1741112590655,1020.7678
1741112590696,1020.76965
1741112590717,1020.7688
1741112590753,1020.7707
1741112590794,1020.7605
1741112590819,1020.75867
1741112590855,1020.7539
1741112590895,1020.7606
1741112590915,1020.7678
1741112590959,1020.769
1741112590995,1020.76886
1741112591016,1020.75946
1741112591053,1020.76
1741112591099,1020.7606
1741112591114,1020.75574
1741112591157,1020.75165
1741112591196,1020.75543
1741112591217,1020.76794
1741112591253,1020.767
1741112591293,1020.76514
1741112591318,1020.7653
1741112591354,1020.76
1741112591395,1020.75793
1741112591416,1020.7601
1741112591454,1020.77246
1741112591497,1020.7743
1741112591515,1020.7745
1741112591557,1020.77405
1741112591596,1020.7777
1741112591614,1020.77954
1741112591656,1020.7749
1741112591694,1020.766
1741112591717,1020.7628
1741112591757,1020.76306
1741112591794,1020.76483
1741112591812,1020.7673
1741112591859,1020.75757
1741112591896,1020.76465
1741112591913,1020.7742
1741112591956,1020.77185
1741112591995,1020.7666
1741112592014,1020.7765
1741112592055,1020.7738
1741112592094,1020.76746
1741112592114,1020.76855
1741112592155,1020.7642
1741112592194,1020.76996
1741112592217,1020.764
1741112592252,1020.7642
1741112592293,1020.7597
1741112592313,1020.7554
1741112592354,1020.75415
1741112592395,1020.76135
1741112592413,1020.76764
1741112592453,1020.7668
1741112592496,1020.7647
1741112592516,1020.7628
1741112592559,1020.76166
1741112592593,1020.766
1741112592615,1020.7724
1741112592654,1020.7649
1741112592694,1020.767
1741112592714,1020.7687
1741112592757,1020.76764
1741112592792,1020.76355
1741112592813,1020.7639
1741112592853,1020.7634
1741112592893,1020.7661
1741112592915,1020.76337
1741112592953,1020.77625
1741112592993,1020.7756
1741112593014,1020.77155
1741112593055,1020.7703
1741112593093,1020.76794
1741112593112,1020.76483
1741112593154,1020.7715
1741112593197,1020.767
1741112593216,1020.77515
1741112593254,1020.7824
1741112593293,1020.7801
1741112593312,1020.7811
1741112593352,1020.7803
1741112593392,1020.78357
1741112593413,1020.7753
1741112593453,1020.7741
1741112593494,1020.7805
1741112593513,1020.7826
1741112593552,1020.78186
1741112593593,1020.77673
1741112593613,1020.78125
1741112593653,1020.7882
1741112593695,1020.78204
1741112593712,1020.77893
1741112593753,1020.77655
1741112593796,1020.7738
1741112593813,1020.7705
1741112593853,1020.7807
1741112593892,1020.78815
1741112593914,1020.7926
1741112593955,1020.7928
1741112593993,1020.7911
1741112594014,1020.7896
1741112594055,1020.79553
1741112594093,1020.7897
1741112594113,1020.7884
1741112594154,1020.7901
1741112594192,1020.78796
1741112594213,1020.78564
1741112594254,1020.7765
1741112594292,1020.7716
1741112594312,1020.7633
1741112594354,1020.77673
1741112594393,1020.7768
1741112594414,1020.7756
1741112594453,1020.7773
1741112594494,1020.77966
1741112594512,1020.78064
1741112594552,1020.78937
1741112594592,1020.79236
1741112594614,1020.79156
1741112594653,1020.792
1741112594694,1020.7939
1741112594713,1020.78845
1741112594755,1020.7905
1741112594792,1020.79535
1741112594812,1020.7943
1741112594852,1020.79034
1741112594895,1020.7813
1741112594915,1020.77527
1741112594953,1020.7725
1741112594994,1020.7729
1741112595012,1020.77795
1741112595054,1020.7797
1741112595092,1020.7827
1741112595113,1020.7865
1741112595157,1020.78986
1741112595196,1020.7826
1741112595212,1020.78674
1741112595256,1020.7849
1741112595292,1020.78284
1741112595313,1020.7858
1741112595352,1020.78687
1741112595394,1020.7838
1741112595411,1020.7753
1741112595452,1020.7783
1741112595493,1020.7777
1741112595513,1020.77527
1741112595552,1020.78265
1741112595593,1020.7902
1741112595615,1020.79236
1741112595652,1020.7799
1741112595694,1020.7876
1741112595711,1020.79004
1741112595751,1020.78046
1741112595791,1020.7867
1741112595811,1020.79266
1741112595852,1020.792
1741112595893,1020.7918
1741112595914,1020.79047
1741112595951,1020.78516
1741112595991,1020.7843
1741112596013,1020.77386
1741112596054,1020.76404
1741112596094,1020.773
1741112596115,1020.7849
1741112596154,1020.79126
1741112596193,1020.7854
1741112596212,1020.7801
1741112596251,1020.7785
1741112596292,1020.78735
1741112596311,1020.7949
1741112596350,1020.7988
1741112596392,1020.79504
1741112596413,1020.7801
1741112596452,1020.7826
1741112596492,1020.7889
1741112596516,1020.79004
1741112596551,1020.7849
1741112596595,1020.7861
1741112596611,1020.78296
1741112596659,1020.7931
1741112596692,1020.7892
1741112596712,1020.7833
1741112596754,1020.7803
1741112596791,1020.7763
1741112596811,1020.78644
1741112596851,1020.79205
1741112596891,1020.791
1741112596911,1020.8021
1741112596952,1020.80225
1741112596993,1020.7947
1741112597011,1020.7845
1741112597053,1020.7876
1741112597094,1020.7961
1741112597112,1020.7909
1741112597151,1020.78235
1741112597196,1020.7863
1741112597210,1020.78876
1741112597255,1020.78894
1741112597290,1020.7944
1741112597311,1020.7896
1741112597351,1020.78326
1741112597393,1020.791
1741112597411,1020.8055
1741112597453,1020.8081
1741112597494,1020.80664
1741112597511,1020.8049
1741112597551,1020.8048
1741112597591,1020.81165
1741112597612,1020.8131
1741112597653,1020.8092
1741112597695,1020.8072
1741112597711,1020.8124
1741112597750,1020.8047
1741112597789,1020.8027
1741112597810,1020.7943
1741112597859,1020.79926
1741112597890,1020.79926
1741112597911,1020.8037
1741112597953,1020.81213
1741112597991,1020.81036
1741112598011,1020.81177
1741112598051,1020.8081
1741112598089,1020.8046
1741112598110,1020.80273
1741112598152,1020.79675
1741112598191,1020.7989
1741112598212,1020.8025
1741112598257,1020.80005
1741112598290,1020.79626
1741112598310,1020.8066
1741112598350,1020.8067
1741112598389,1020.79156
1741112598410,1020.7942
1741112598453,1020.8006
1741112598491,1020.80536
1741112598511,1020.7973
1741112598551,1020.7992
1741112598595,1020.7957
1741112598611,1020.79346
1741112598654,1020.7953
1741112598692,1020.7993
1741112598711,1020.80493
1741112598768,1020.80273
1741112598789,1020.79846
1741112598811,1020.8025
1741112598850,1020.8056
1741112598893,1020.80536
1741112598930,1020.7959
1741112598951,1020.7967
1741112598989,1020.79913
1741112599030,1020.8042
1741112599051,1020.8037
1741112599091,1020.80054
1741112599111,1020.7974
1741112599155,1020.8011
1741112599190,1020.7975
1741112599229,1020.78864
1741112599250,1020.79144
1741112599289,1020.78577
1741112599329,1020.78174
1741112599350,1020.78674
1741112599391,1020.7808
1741112599410,1020.78705
1741112599449,1020.8021
1741112599491,1020.80695
1741112599530,1020.80005
1741112599551,1020.79785
1741112599592,1020.7963
1741112599629,1020.8017
1741112599650,1020.79645
1741112599695,1020.8074
1741112599710,1020.79736
1741112599755,1020.7954
1741112599788,1020.7996
1741112599829,1020.8091
1741112599851,1020.7963
1741112599889,1020.7958
1741112599932,1020.79504
1741112599949,1020.78577
1741112599989,1020.776
1741112600031,1020.7844
1741112600049,1020.79114
1741112600089,1020.78827
1741112600132,1020.7966
1741112600148,1020.79553
1741112600192,1020.8006
1741112600228,1020.7904
1741112600255,1020.7995
1741112600289,1020.7964
1741112600328,1020.78906
1741112600350,1020.7891
1741112600389,1020.7898
1741112600431,1020.79443
1741112600451,1020.7908
1741112600491,1020.79846
1741112600529,1020.7932
1741112600552,1020.78534
1741112600589,1020.78796
1741112600630,1020.79333
1741112600653,1020.7867
1741112600691,1020.7825
1741112600731,1020.7805
1741112600752,1020.7733
1741112600788,1020.7798
1741112600828,1020.7825
1741112600854,1020.7848
1741112600891,1020.78827
1741112600930,1020.7866
1741112600950,1020.7849
1741112600989,1020.78516
1741112601030,1020.7973
1741112601048,1020.7844
1741112601088,1020.78015
1741112601130,1020.7829
1741112601149,1020.7804
1741112601190,1020.78265
1741112601231,1020.7865
1741112601252,1020.7881
1741112601287,1020.7935
1741112601328,1020.78955
1741112601348,1020.7838
1741112601390,1020.77985
1741112601431,1020.7811
1741112601449,1020.7799
1741112601490,1020.78064
1741112601530,1020.78076
1741112601548,1020.78577
1741112601588,1020.7831
1741112601631,1020.78687
1741112601649,1020.7876
1741112601687,1020.79156
1741112601729,1020.785
1741112601755,1020.7866
1741112601787,1020.7803
1741112601829,1020.7694
1741112601849,1020.77234
1741112601888,1020.77716
1741112601930,1020.7765
1741112601948,1020.7692
1741112601987,1020.7661
1741112602030,1020.7679
1741112602048,1020.77
1741112602090,1020.76764
1741112602129,1020.76514
1741112602149,1020.77246
1741112602188,1020.7678
1741112602228,1020.76855
1741112602252,1020.76337
1741112602287,1020.7719
1741112602327,1020.76624
1741112602351,1020.771
1741112602388,1020.7719
1741112602429,1020.7725
1741112602448,1020.7771
1741112602486,1020.7786
1741112602528,1020.78107
1741112602551,1020.77997
1741112602589,1020.7805
1741112602629,1020.7698
1741112602649,1020.7773
1741112602688,1020.77844
1741112602729,1020.77893
1741112602748,1020.7726
1741112602787,1020.7706
1741112602827,1020.764
1741112602848,1020.7677
1741112602887,1020.7711
1741112602929,1020.77014
1741112602947,1020.77026
1741112602988,1020.77747
1741112603028,1020.77014
1741112603048,1020.77484
1741112603088,1020.78406
1741112603126,1020.7814
1741112603147,1020.77295
1741112603188,1020.7721
1741112603228,1020.7731
1741112603247,1020.7764
1741112603287,1020.77454
1741112603327,1020.7751
1741112603347,1020.7839
1741112603387,1020.7849
1741112603427,1020.77966
1741112603447,1020.7803
1741112603488,1020.78296
1741112603528,1020.78186
1741112603547,1020.7885
1741112603588,1020.789
1741112603627,1020.79
1741112603648,1020.78217
1741112603687,1020.77795
1741112603730,1020.7758
1741112603748,1020.7838
1741112603786,1020.7802
1741112603827,1020.77625
1741112603847,1020.77563
1741112603887,1020.77716
1741112603927,1020.7822
1741112603946,1020.7763
1741112603989,1020.77466
1741112604028,1020.7747
1741112604049,1020.78235
1741112604088,1020.7853
1741112604127,1020.7774
1741112604148,1020.78064
1741112604188,1020.78406
1741112604226,1020.7842
1741112604247,1020.7945
1741112604287,1020.78845
1741112604334,1020.7927
1741112604356,1020.7902
1741112604389,1020.78766
1741112604427,1020.7853
1741112604448,1020.78235
1741112604487,1020.78217
1741112604527,1020.7877
1741112604547,1020.79596
1741112604589,1020.7959
1741112604629,1020.7821
1741112604647,1020.78564
1741112604688,1020.7872
1741112604729,1020.7771
1741112604747,1020.78436
1741112604786,1020.78436
1741112604826,1020.7856
1741112604846,1020.78894
1741112604889,1020.78876
1741112604927,1020.7807
1741112604947,1020.7842
1741112604987,1020.7846
1741112605028,1020.78815
1741112605048,1020.7801
1741112605087,1020.78107
1741112605129,1020.78
1741112605147,1020.7787
1741112605187,1020.7858
1741112605228,1020.7812
1741112605246,1020.7791
1741112605286,1020.78467
1741112605327,1020.7918
1741112605347,1020.78723
1741112605386,1020.7877
1741112605426,1020.7921
1741112605447,1020.78674
1741112605487,1020.77765
1741112605527,1020.78125
1741112605548,1020.7857
1741112605592,1020.78577
1741112605627,1020.7855
1741112605646,1020.7748
1741112605686,1020.7683
1741112605726,1020.7639
1741112605747,1020.7746
1741112605790,1020.77686
1741112605826,1020.78
1741112605847,1020.78906
1741112605887,1020.7887
1741112605926,1020.779
1741112605947,1020.7784
1741112605985,1020.7754
1741112606025,1020.77576
1741112606045,1020.772
1741112606085,1020.7769
1741112606128,1020.7809
1741112606147,1020.77356
1741112606188,1020.7802
1741112606226,1020.7782
1741112606246,1020.7722
1741112606285,1020.77637
1741112606325,1020.7762
1741112606347,1020.7713
1741112606388,1020.7816
1741112606429,1020.7813
1741112606446,1020.7842
1741112606487,1020.784
1741112606526,1020.77985
1741112606545,1020.78503
1741112606588,1020.7933
1741112606626,1020.79425
1741112606645,1020.8054
1741112606686,1020.8008
1741112606726,1020.801
1741112606744,1020.78705
1741112606785,1020.7828
1741112606826,1020.7899
1741112606846,1020.78766
1741112606886,1020.7815
1741112606924,1020.7848
1741112606945,1020.77954
1741112606987,1020.78284
1741112607027,1020.7762
1741112607046,1020.7741
1741112607087,1020.7823
1741112607125,1020.7791
1741112607146,1020.77686
1741112607186,1020.7807
1741112607229,1020.7704
1741112607245,1020.7754
1741112607285,1020.7647
1741112607325,1020.76996
1741112607347,1020.7635
1741112607385,1020.7688
1741112607426,1020.7717
1741112607446,1020.7718
1741112607526,1020.77673
1741112607526,1020.77606
1741112607544,1020.77155
1741112607585,1020.77136
1741112607626,1020.7743
1741112607646,1020.7721
1741112607687,1020.776
1741112607725,1020.7739
1741112607745,1020.77734
1741112607787,1020.7782
1741112607825,1020.7806
1741112607845,1020.77234
1741112607886,1020.7687
1741112607928,1020.7668
1741112607947,1020.771
1741112607988,1020.7731
1741112608026,1020.7735
1741112608045,1020.77905
1741112608084,1020.7762
1741112608124,1020.76965
1741112608145,1020.77124
1741112608187,1020.7621
1741112608227,1020.7541
1741112608245,1020.7597
1741112608285,1020.7571
1741112608325,1020.7626
1741112608344,1020.7591
1741112608385,1020.7565
1741112608423,1020.7679
1741112608445,1020.7687
1741112608487,1020.765
1741112608526,1020.7636
1741112608545,1020.777
1741112608586,1020.7767
1741112608625,1020.77356
1741112608646,1020.7664
1741112608685,1020.7653
1741112608724,1020.7683
1741112608744,1020.7733
1741112608783,1020.7761
1741112608825,1020.7716
1741112608845,1020.7625
1741112608884,1020.76184
1741112608924,1020.7658
1741112608945,1020.76025
1741112608985,1020.7643
1741112609025,1020.76636
1741112609044,1020.77203
1741112609085,1020.76843
1741112609124,1020.7622
1741112609145,1020.7759
1741112609185,1020.76697
1741112609224,1020.76434
1741112609245,1020.771
1741112609285,1020.7742
1741112609326,1020.7717
1741112609345,1020.7762
1741112609384,1020.7748
1741112609425,1020.78015
1741112609445,1020.7704
1741112609484,1020.76904
1741112609524,1020.76526
1741112609545,1020.77136
1741112609583,1020.761
1741112609624,1020.75916
1741112609645,1020.7634
1741112609686,1020.75745
1741112609724,1020.75104
1741112609745,1020.75305
1741112609784,1020.76135
1741112609824,1020.75793
1741112609843,1020.7663
1741112609884,1020.7698
1741112609924,1020.7683
1741112609945,1020.76746
1741112609985,1020.7667
1741112610025,1020.76416
1741112610045,1020.7645
1741112610083,1020.7632
1741112610123,1020.7579
1741112610144,1020.76825
1741112610185,1020.7507
1741112610223,1020.75275
1741112610244,1020.7607
1741112610287,1020.758
1741112610323,1020.763
1741112610343,1020.7541
1741112610383,1020.76215
1741112610435,1020.7698
1741112610443,1020.7655
1741112610485,1020.7572
1741112610523,1020.759
1741112610543,1020.76025
1741112610584,1020.75507
1741112610624,1020.7509
1741112610644,1020.75854
1741112610684,1020.7603
1741112610725,1020.7535
1741112610744,1020.75793
1741112610785,1020.7606
1741112610823,1020.75977
1741112610847,1020.7567
1741112610884,1020.7578
1741112610925,1020.76013
1741112610944,1020.75977
1741112610984,1020.76337
1741112611024,1020.75916
1741112611044,1020.7565
1741112611084,1020.75824
1741112611123,1020.75397
1741112611144,1020.76056
1741112611185,1020.7661
1741112611225,1020.76953
1741112611244,1020.7719
1741112611286,1020.76434
1741112611321,1020.76245
1741112611342,1020.7672
1741112611395,1020.7721
1741112611424,1020.7741
1741112611443,1020.76825
1741112611482,1020.76215
1741112611522,1020.7565
1741112611543,1020.7562
1741112611585,1020.7542
1741112611623,1020.7658
1741112611643,1020.76654
1741112611683,1020.7615
1741112611724,1020.76385
1741112611742,1020.7682
1741112611783,1020.76843
1741112611822,1020.76733
1741112611842,1020.77234
1741112611883,1020.76935
1741112611923,1020.7658
1741112611943,1020.7728
1741112611982,1020.7727
1741112612025,1020.76636
1741112612042,1020.75555
1741112612084,1020.7576
1741112612123,1020.763
1741112612143,1020.75995
1741112612184,1020.7531
1741112612226,1020.75256
1741112612242,1020.7497
1741112612283,1020.7468
1741112612322,1020.74817
1741112612342,1020.7481
1741112612384,1020.7496
1741112612424,1020.74713
1741112612443,1020.7505
1741112612485,1020.7461
1741112612535,1020.75055
1741112612541,1020.7502
1741112612583,1020.75433
1741112612623,1020.74866
1741112612645,1020.75305
1741112612683,1020.7445
1741112612724,1020.7462
1741112612745,1020.7339
1741112612783,1020.7333
1741112612822,1020.73145
1741112612842,1020.732
1741112612882,1020.74274
1741112612923,1020.73755
1741112612944,1020.7308
1741112612983,1020.71606
1741112613024,1020.7153
1741112613048,1020.71936
1741112613085,1020.7185
1741112613123,1020.71576
1741112613142,1020.7168
1741112613184,1020.71936
1741112613224,1020.7186
1741112613243,1020.70654
1741112613283,1020.70496
1741112613322,1020.69934
1741112613343,1020.70435
1741112613382,1020.6995
1741112613424,1020.694
1741112613443,1020.69275
1741112613482,1020.6909
1741112613524,1020.67444
1741112613544,1020.66833
1741112613583,1020.6745
1741112613623,1020.66943
1741112613643,1020.66187
1741112613683,1020.66266
1741112613723,1020.65466
1741112613745,1020.6446
1741112613780,1020.6459
1741112613821,1020.65076
1741112613841,1020.64185
1741112613883,1020.64056
1741112613925,1020.63904
1741112613943,1020.6343
1741112613983,1020.63196
1741112614020,1020.6288
1741112614041,1020.6315
