1741109953884,1021.9514
1741109953902,1021.95074
1741109953942,1021.94556
1741109953982,1021.94336
1741109954003,1021.9569
1741109954043,1021.9564
1741109954083,1021.9553
1741109954102,1021.9556
1741109954142,1021.9586
1741109954182,1021.96265
1741109954204,1021.95825
1741109954242,1021.94995
1741109954285,1021.9516
1741109954303,1021.9352
1741109954342,1021.9311
1741109954386,1021.9502
1741109954405,1021.9568
1741109954443,1021.94116
1741109954483,1021.9416
1741109954506,1021.93274
1741109954543,1021.92834
1741109954586,1021.93225
1741109954607,1021.9483
1741109954642,1021.94104
1741109954683,1021.9475
1741109954702,1021.948
1741109954743,1021.9397
1741109954783,1021.93713
1741109954802,1021.95435
1741109954845,1021.9593
1741109954883,1021.9674
1741109954902,1021.9629
1741109954942,1021.9645
1741109954982,1021.96625
1741109955001,1021.94476
1741109955042,1021.8976
1741109955081,1021.8984
1741109955103,1021.9162
1741109955142,1021.9177
1741109955182,1021.92145
1741109955208,1021.92365
1741109955241,1021.93353
1741109955281,1021.9337
1741109955302,1021.93835
1741109955341,1021.9509
1741109955381,1021.96063
1741109955401,1021.9604
1741109955442,1021.9612
1741109955482,1021.95984
1741109955503,1021.9684
1741109955546,1021.9771
1741109955582,1021.97064
1741109955610,1021.9748
1741109955654,1021.98206
1741109955681,1021.97864
1741109955701,1021.97974
1741109955741,1021.9799
1741109955782,1021.9772
1741109955802,1021.98126
1741109955842,1021.97314
1741109955883,1021.98175
1741109955902,1021.98474
1741109955946,1021.98346
1741109955981,1021.9785
1741109956002,1021.97675
1741109956041,1021.98755
1741109956082,1021.99927
1741109956102,1021.98914
1741109956142,1021.99536
1741109956181,1021.9958
1741109956201,1021.98645
1741109956241,1021.9925
1741109956281,1021.98486
1741109956302,1021.9808
1741109956341,1021.9783
1741109956397,1021.9816
1741109956407,1021.9865
1741109956441,1021.98346
1741109956481,1021.9894
1741109956502,1021.9878
1741109956546,1021.9917
1741109956586,1022.0014
1741109956602,1022.00275
1741109956641,1022.002
1741109956683,1021.9834
1741109956702,1021.9885
1741109956741,1021.9829
1741109956781,1021.9904
1741109956803,1021.98724
1741109956922,1021.98804
1741109956941,1021.98224
1741109956986,1021.98376
1741109957016,1021.9697
1741109957042,1021.97363
1741109957081,1021.9809
1741109957121,1021.97876
1741109957143,1022.0033
1741109957190,1022.0235
1741109957221,1022.0249
1741109957242,1022.0207
1741109957286,1022.0079
1741109957326,1022.00195
1741109957346,1021.99384
1741109957385,1021.9929
1741109957426,1021.9848
1741109957442,1021.967
1741109957483,1021.95917
1741109957529,1021.9678
1741109957542,1021.9651
1741109957590,1021.9682
1741109957623,1021.9851
1741109957645,1021.99347
1741109957682,1021.9946
1741109957721,1021.989
1741109957745,1021.98096
1741109957804,1021.98486
1741109957821,1021.98975
1741109957845,1021.9656
1741109957898,1021.95856
1741109957921,1021.9473
1741109957941,1021.95056
1741109957981,1021.94916
1741109958029,1021.9676
1741109958045,1021.9692
1741109958084,1021.973
1741109958122,1021.9846
1741109958141,1021.97406
1741109958183,1021.98004
1741109958235,1021.9894
1741109958246,1021.9838
1741109958283,1021.994
1741109958326,1021.9956
1741109958342,1021.9946
1741109958383,1022.0082
1741109958451,1022.0028
1741109958452,1021.99695
1741109958481,1022.0021
1741109958520,1022.006
1741109958540,1022.00854
1741109958580,1022.0084
1741109958623,1021.99927
1741109958640,1021.9984
1741109958680,1021.9929
1741109958719,1021.98773
1741109958740,1021.98926
1741109958781,1021.9899
1741109958820,1021.995
1741109958841,1021.9966
1741109958881,1021.9997
1741109958920,1021.99786
1741109958941,1021.9897
1741109958982,1021.9914
1741109959020,1021.99866
1741109959042,1021.9978
1741109959083,1022.00116
1741109959122,1021.9972
1741109959142,1021.9944
1741109959186,1021.9927
1741109959221,1022.001
1741109959243,1022.0094
1741109959282,1022.01025
1741109959320,1022.01227
1741109959342,1022.0089
1741109959383,1022.00555
1741109959423,1022.00653
1741109959441,1022.0133
1741109959480,1022.0105
1741109959521,1022.0104
1741109959543,1022.01404
1741109959581,1022.00507
1741109959624,1022.0127
1741109959643,1022.01013
1741109959680,1022.01276
1741109959723,1022.0079
1741109959739,1022.00806
1741109959781,1022.0122
1741109959820,1022.0176
1741109959843,1022.0066
1741109959880,1022.00415
1741109959923,1022.0014
1741109959944,1022.00775
1741109959984,1022.00757
1741109960021,1022.00946
1741109960041,1022.0127
1741109960079,1022.01794
1741109960120,1022.01794
1741109960140,1022.02014
1741109960182,1022.02313
1741109960222,1022.021
1741109960242,1022.01227
1741109960282,1022.01117
1741109960320,1022.01514
1741109960340,1022.0115
1741109960384,1022.0106
1741109960424,1022.0112
1741109960446,1022.0151
1741109960481,1022.0168
1741109960522,1022.0195
1741109960544,1022.0171
1741109960595,1022.0187
1741109960621,1022.0106
1741109960640,1022.0056
1741109960680,1022.01086
1741109960720,1022.00916
1741109960740,1022.0166
1741109960783,1022.0202
1741109960821,1022.0165
1741109960844,1022.00574
1741109960889,1021.9977
1741109960919,1021.99976
1741109960940,1022.00507
1741109960980,1022.0133
1741109961020,1022.01013
1741109961040,1022.01385
1741109961092,1022.01587
1741109961119,1022.0125
1741109961143,1022.0115
1741109961181,1022.0095
1741109961222,1022.013
1741109961241,1022.01447
1741109961279,1022.0161
1741109961322,1022.01025
1741109961341,1022.0091
1741109961381,1022.0186
1741109961421,1022.02344
1741109961440,1022.0161
1741109961481,1022.018
1741109961523,1022.0264
1741109961543,1022.0264
1741109961579,1022.03186
1741109961643,1022.035
1741109961645,1022.0333
1741109961680,1022.02844
1741109961721,1022.0274
1741109961742,1022.0249
1741109961779,1022.0211
1741109961821,1022.0189
1741109961852,1022.0226
1741109961878,1022.02277
1741109961923,1022.0216
1741109961940,1022.0155
1741109961981,1022.0171
1741109962026,1022.01227
1741109962046,1022.02765
1741109962081,1022.02637
1741109962119,1022.0182
1741109962142,1022.0107
1741109962181,1022.01373
1741109962218,1022.0236
1741109962239,1022.0242
1741109962299,1022.0255
1741109962320,1022.02124
1741109962342,1022.0183
1741109962379,1022.01324
1741109962421,1022.0214
1741109962441,1022.0197
1741109962480,1022.0205
1741109962520,1022.0193
1741109962541,1022.02673
1741109962584,1022.02795
1741109962621,1022.0292
1741109962640,1022.0262
1741109962680,1022.0277
1741109962725,1022.02545
1741109962743,1022.0259
1741109962781,1022.02264
1741109962821,1022.02264
1741109962842,1022.0234
1741109962880,1022.0204
1741109962923,1022.0144
1741109962939,1022.0143
1741109962980,1022.0172
1741109963025,1022.02734
1741109963038,1022.02795
1741109963091,1022.02435
1741109963119,1022.0209
1741109963138,1022.019
1741109963181,1022.02875
1741109963222,1022.03766
1741109963243,1022.03394
1741109963279,1022.02856
1741109963321,1022.0325
1741109963342,1022.02124
1741109963381,1022.02765
1741109963423,1022.0281
1741109963439,1022.0359
1741109963480,1022.0332
1741109963523,1022.0307
1741109963549,1022.03394
1741109963578,1022.03265
1741109963621,1022.04395
1741109963639,1022.03827
1741109963682,1022.0311
1741109963721,1022.03485
1741109963743,1022.036
1741109963778,1022.02856
1741109963821,1022.03625
1741109963840,1022.0292
1741109963884,1022.02747
1741109963922,1022.0357
1741109963944,1022.0296
1741109963978,1022.0276
1741109964018,1022.02673
1741109964045,1022.02856
1741109964089,1022.03
1741109964119,1022.03296
1741109964148,1022.0267
1741109964179,1022.02905
1741109964224,1022.0301
1741109964241,1022.0359
1741109964279,1022.03265
1741109964319,1022.0333
1741109964338,1022.0332
1741109964380,1022.0311
1741109964421,1022.0258
1741109964442,1022.0269
1741109964479,1022.03064
1741109964519,1022.0364
1741109964540,1022.031
1741109964577,1022.02637
1741109964617,1022.025
1741109964645,1022.0217
1741109964683,1022.023
1741109964718,1022.0213
1741109964738,1022.02386
1741109964778,1022.031
1741109964817,1022.03613
1741109964841,1022.02997
1741109964883,1022.0345
1741109964923,1022.0304
1741109964943,1022.03284
1741109964981,1022.03796
1741109965020,1022.0387
1741109965039,1022.027
1741109965078,1022.0278
1741109965117,1022.0293
1741109965146,1022.0403
1741109965181,1022.0375
1741109965219,1022.0366
1741109965239,1022.0318
1741109965278,1022.03845
1741109965319,1022.04333
1741109965342,1022.0442
1741109965378,1022.04755
1741109965425,1022.04156
1741109965438,1022.03906
1741109965478,1022.0386
1741109965518,1022.03656
1741109965539,1022.02844
1741109965584,1022.0289
1741109965626,1022.03094
1741109965640,1022.03125
1741109965680,1022.02734
1741109965719,1022.02795
1741109965740,1022.0296
1741109965777,1022.0265
1741109965817,1022.0327
1741109965838,1022.03314
1741109965880,1022.03986
1741109965919,1022.0392
1741109965943,1022.0396
1741109965977,1022.03906
1741109966019,1022.0373
1741109966045,1022.0384
1741109966077,1022.0353
1741109966122,1022.0323
1741109966144,1022.0331
1741109966179,1022.0279
1741109966224,1022.03326
1741109966237,1022.03955
1741109966280,1022.042
1741109966328,1022.0478
1741109966337,1022.0489
1741109966379,1022.04626
1741109966421,1022.0454
1741109966444,1022.04236
1741109966479,1022.0347
1741109966521,1022.04236
1741109966536,1022.0533
1741109966581,1022.0453
1741109966623,1022.04095
1741109966637,1022.0465
1741109966676,1022.0489
1741109966716,1022.0545
1741109966737,1022.058
1741109966781,1022.05255
1741109966818,1022.0508
1741109966838,1022.04004
1741109966890,1022.0352
1741109966917,1022.0471
1741109966949,1022.0417
1741109966979,1022.0429
1741109967017,1022.0388
1741109967040,1022.0526
1741109967086,1022.0507
1741109967118,1022.03986
1741109967150,1022.0405
1741109967177,1022.0333
1741109967216,1022.03424
1741109967238,1022.02594
1741109967284,1022.02734
1741109967317,1022.0316
1741109967336,1022.0358
1741109967386,1022.03577
1741109967416,1022.02966
1741109967441,1022.0352
1741109967482,1022.037
1741109967515,1022.0365
1741109967542,1022.0266
1741109967576,1022.0305
1741109967618,1022.037
1741109967651,1022.0394
1741109967676,1022.04645
1741109967716,1022.0456
1741109967736,1022.0385
1741109967775,1022.0377
1741109967817,1022.0391
1741109967835,1022.03894
1741109967879,1022.0416
1741109967917,1022.05414
1741109967936,1022.0444
1741109967976,1022.0438
1741109968016,1022.0435
1741109968036,1022.0515
1741109968075,1022.0359
1741109968115,1022.03687
1741109968136,1022.0314
1741109968175,1022.04346
1741109968216,1022.04156
1741109968236,1022.0494
1741109968276,1022.04205
1741109968316,1022.0413
1741109968335,1022.0404
1741109968378,1022.03436
1741109968431,1022.03296
1741109968435,1022.0376
1741109968475,1022.03406
1741109968521,1022.02905
1741109968545,1022.03534
1741109968576,1022.0376
1741109968616,1022.0404
1741109968636,1022.0363
1741109968689,1022.0355
1741109968715,1022.03656
1741109968742,1022.0425
1741109968776,1022.0482
1741109968816,1022.03876
1741109968838,1022.0364
1741109968878,1022.0375
1741109968916,1022.04016
1741109968937,1022.0412
1741109968975,1022.03894
1741109969015,1022.03845
1741109969036,1022.03906
1741109969076,1022.03894
1741109969118,1022.03656
1741109969150,1022.0336
1741109969177,1022.036
1741109969215,1022.04333
1741109969236,1022.0439
1741109969283,1022.0372
1741109969315,1022.03204
1741109969336,1022.04
1741109969377,1022.0387
1741109969417,1022.04846
1741109969436,1022.0438
1741109969477,1022.0395
1741109969518,1022.03455
1741109969539,1022.0366
1741109969575,1022.03503
1741109969620,1022.0366
1741109969635,1022.03754
1741109969674,1022.03845
1741109969718,1022.036
1741109969736,1022.0426
1741109969776,1022.0405
1741109969817,1022.03235
1741109969839,1022.0279
1741109969876,1022.0327
1741109969918,1022.0388
1741109969936,1022.04224
1741109969977,1022.03864
1741109970017,1022.03625
1741109970041,1022.04755
1741109970079,1022.0473
1741109970116,1022.0463
1741109970135,1022.0495
1741109970179,1022.0481
1741109970214,1022.0469
1741109970238,1022.04785
1741109970274,1022.0419
1741109970318,1022.0377
1741109970336,1022.0386
1741109970375,1022.04333
1741109970418,1022.0426
1741109970434,1022.0449
1741109970474,1022.0468
1741109970515,1022.0453
1741109970535,1022.0415
1741109970577,1022.05133
1741109970615,1022.04626
1741109970635,1022.0464
1741109970678,1022.05365
1741109970714,1022.0519
1741109970736,1022.044
1741109970774,1022.03864
1741109970817,1022.0397
1741109970842,1022.0492
1741109970875,1022.0541
1741109970917,1022.0427
1741109970937,1022.047
1741109970976,1022.0563
1741109971022,1022.0582
1741109971035,1022.0527
1741109971075,1022.0481
1741109971115,1022.04517
1741109971135,1022.04376
1741109971175,1022.05023
1741109971214,1022.05145
1741109971241,1022.0579
1741109971276,1022.0553
1741109971318,1022.0559
1741109971345,1022.0597
1741109971374,1022.0525
1741109971429,1022.0419
1741109971434,1022.0397
1741109971491,1022.0384
1741109971516,1022.03436
1741109971542,1022.0327
1741109971575,1022.0359
1741109971615,1022.04395
1741109971635,1022.0427
1741109971679,1022.03674
1741109971714,1022.0411
1741109971744,1022.038
1741109971775,1022.03864
1741109971814,1022.0375
1741109971834,1022.02905
1741109971874,1022.0357
1741109971923,1022.03253
1741109971933,1022.029
1741109971974,1022.03
1741109972013,1022.037
1741109972033,1022.0403
1741109972074,1022.03253
1741109972116,1022.0349
1741109972143,1022.0387
1741109972175,1022.0276
1741109972215,1022.02374
1741109972235,1022.02673
1741109972275,1022.03
1741109972320,1022.0298
1741109972333,1022.0326
1741109972383,1022.02637
1741109972415,1022.02014
1741109972439,1022.0236
1741109972474,1022.0272
1741109972516,1022.0279
1741109972533,1022.02893
1741109972581,1022.03217
1741109972614,1022.0288
1741109972642,1022.02423
1741109972674,1022.0231
1741109972715,1022.0281
1741109972736,1022.03326
1741109972775,1022.03235
1741109972817,1022.0305
1741109972833,1022.02954
1741109972873,1022.026
1741109972913,1022.0254
1741109972936,1022.02185
1741109972974,1022.02515
1741109973018,1022.0254
1741109973034,1022.03265
1741109973073,1022.026
1741109973114,1022.0258
1741109973143,1022.01624
1741109973172,1022.0282
1741109973213,1022.0318
1741109973238,1022.0229
1741109973275,1022.0269
1741109973315,1022.03125
1741109973334,1022.03064
1741109973374,1022.0262
1741109973413,1022.0246
1741109973435,1022.02954
1741109973472,1022.02454
1741109973512,1022.0224
1741109973534,1022.0247
1741109973573,1022.0321
1741109973613,1022.029
1741109973635,1022.0288
1741109973673,1022.0334
1741109973714,1022.0275
1741109973733,1022.0276
1741109973772,1022.02856
1741109973812,1022.0309
1741109973833,1022.0335
1741109973872,1022.0276
1741109973915,1022.03265
1741109973942,1022.0235
1741109973973,1022.0309
1741109974014,1022.0353
1741109974039,1022.0268
1741109974073,1022.0206
1741109974113,1022.0212
1741109974133,1022.01166
1741109974175,1022.0124
1741109974213,1022.0175
1741109974234,1022.01965
1741109974282,1022.0209
1741109974312,1022.01575
1741109974332,1022.0167
1741109974372,1022.0143
1741109974412,1022.0124
1741109974435,1022.0084
1741109974474,1022.00995
1741109974515,1022.01715
1741109974536,1022.0144
1741109974578,1022.0127
1741109974612,1022.0127
1741109974634,1022.03186
1741109974673,1022.0359
1741109974713,1022.03796
1741109974733,1022.0365
1741109974775,1022.03687
1741109974814,1022.037
1741109974834,1022.03107
1741109974873,1022.03186
1741109974911,1022.0259
1741109974932,1022.0193
1741109974972,1022.018
1741109975012,1022.0197
1741109975035,1022.0309
1741109975072,1022.0372
1741109975115,1022.04047
1741109975134,1022.0394
1741109975172,1022.04065
1741109975214,1022.03784
1741109975245,1022.0311
1741109975272,1022.0271
1741109975314,1022.0189
1741109975340,1022.0214
1741109975373,1022.0239
1741109975412,1022.02075
1741109975434,1022.0211
1741109975472,1022.02405
1741109975515,1022.02295
1741109975532,1022.0259
1741109975572,1022.03174
1741109975623,1022.0322
1741109975632,1022.0295
1741109975684,1022.01953
1741109975714,1022.02106
1741109975732,1022.02277
1741109975773,1022.02594
1741109975813,1022.0251
1741109975833,1022.0202
1741109975872,1022.0206
1741109975914,1022.0234
1741109975933,1022.02344
1741109975973,1022.03265
1741109976014,1022.0281
1741109976042,1022.0285
1741109976072,1022.03326
1741109976114,1022.0348
1741109976134,1022.03284
1741109976182,1022.04156
1741109976212,1022.038
1741109976234,1022.0376
1741109976275,1022.03235
1741109976313,1022.0336
1741109976333,1022.0407
1741109976371,1022.0447
1741109976411,1022.04626
1741109976433,1022.04114
1741109976475,1022.0394
1741109976517,1022.04175
1741109976533,1022.0395
1741109976583,1022.0314
1741109976612,1022.03253
1741109976633,1022.0394
1741109976673,1022.02954
1741109976719,1022.0395
1741109976731,1022.04297
1741109976771,1022.04047
1741109976812,1022.03925
1741109976831,1022.03754
1741109976878,1022.0408
1741109976914,1022.046
1741109976950,1022.03754
1741109976971,1022.04285
1741109977012,1022.0443
1741109977032,1022.0386
1741109977074,1022.0421
1741109977113,1022.0483
1741109977132,1022.04565
1741109977181,1022.0407
1741109977211,1022.03955
1741109977250,1022.04944
1741109977273,1022.04694
1741109977311,1022.04456
1741109977336,1022.0501
1741109977371,1022.0524
1741109977412,1022.05865
1741109977433,1022.0502
1741109977476,1022.0552
1741109977513,1022.0501
1741109977533,1022.0352
1741109977571,1022.03674
1741109977621,1022.0324
1741109977634,1022.0296
1741109977669,1022.0353
1741109977713,1022.04395
1741109977730,1022.03546
1741109977783,1022.03613
1741109977813,1022.04614
1741109977837,1022.056
1741109977872,1022.05396
1741109977911,1022.05383
1741109977932,1022.05225
1741109977977,1022.0514
1741109978013,1022.05066
1741109978030,1022.051
1741109978075,1022.0371
1741109978110,1022.04224
1741109978131,1022.0524
1741109978170,1022.0466
1741109978212,1022.04144
1741109978236,1022.0451
1741109978271,1022.04004
1741109978315,1022.044
1741109978332,1022.04346
1741109978372,1022.04706
1741109978422,1022.05194
1741109978434,1022.0532
1741109978481,1022.0519
1741109978515,1022.054
1741109978532,1022.0596
1741109978572,1022.0611
1741109978612,1022.0559
1741109978631,1022.05054
1741109978671,1022.0476
1741109978711,1022.04584
1741109978731,1022.0415
1741109978771,1022.0542
1741109978817,1022.0599
1741109978851,1022.05786
1741109978879,1022.0533
1741109978910,1022.0508
1741109978951,1022.0459
1741109978972,1022.0456
1741109979018,1022.0487
1741109979051,1022.0493
1741109979071,1022.0498
1741109979111,1022.04877
1741109979153,1022.04767
1741109979175,1022.05566
1741109979211,1022.05194
1741109979251,1022.0517
1741109979271,1022.0439
1741109979311,1022.0525
1741109979353,1022.0598
1741109979371,1022.0565
1741109979412,1022.05786
1741109979457,1022.0648
1741109979470,1022.05676
1741109979509,1022.0544
1741109979556,1022.0454
1741109979575,1022.0525
1741109979609,1022.05286
1741109979651,1022.05615
1741109979672,1022.0536
1741109979715,1022.04333
1741109979763,1022.03876
1741109979770,1022.04297
1741109979809,1022.0421
1741109979849,1022.0387
1741109979875,1022.04645
1741109979909,1022.0409
1741109979951,1022.0464
1741109979972,1022.0503
1741109980012,1022.053
1741109980055,1022.046
1741109980070,1022.0387
1741109980109,1022.0452
1741109980150,1022.0488
1741109980171,1022.0437
1741109980220,1022.04333
1741109980251,1022.0515
1741109980273,1022.0526
1741109980311,1022.05615
1741109980350,1022.05066
1741109980371,1022.0445
1741109980409,1022.0436
1741109980449,1022.04254
1741109980469,1022.0431
1741109980509,1022.05066
1741109980550,1022.04486
1741109980570,1022.0423
1741109980610,1022.0473
1741109980652,1022.04675
1741109980674,1022.0488
1741109980710,1022.0496
1741109980752,1022.04956
1741109980772,1022.04926
1741109980812,1022.04443
1741109980852,1022.04333
1741109980872,1022.0427
1741109980919,1022.04114
1741109980951,1022.04156
1741109980970,1022.0408
1741109981014,1022.0425
1741109981050,1022.043
1741109981075,1022.0497
1741109981109,1022.0527
1741109981160,1022.05396
1741109981172,1022.044
1741109981209,1022.04895
1741109981256,1022.0515
1741109981269,1022.0596
1741109981309,1022.04724
1741109981353,1022.0421
1741109981370,1022.038
1741109981413,1022.0331
1741109981450,1022.04126
1741109981469,1022.03845
1741109981514,1022.0417
1741109981548,1022.0343
1741109981569,1022.0401
1741109981609,1022.035
1741109981649,1022.03467
1741109981671,1022.03467
1741109981714,1022.0376
1741109981748,1022.03784
1741109981771,1022.04456
1741109981813,1022.0445
1741109981856,1022.0295
1741109981870,1022.0373
1741109981912,1022.03424
1741109981949,1022.04193
1741109981975,1022.04047
1741109982009,1022.0487
1741109982047,1022.0489
1741109982074,1022.0515
1741109982108,1022.0512
1741109982159,1022.04407
1741109982168,1022.0464
1741109982209,1022.04407
1741109982251,1022.04193
1741109982268,1022.0414
1741109982309,1022.0409
1741109982354,1022.0438
1741109982371,1022.0375
1741109982410,1022.0396
1741109982450,1022.03815
1741109982468,1022.0446
1741109982510,1022.03955
1741109982553,1022.0315
1741109982575,1022.02844
1741109982608,1022.0358
1741109982658,1022.03564
1741109982666,1022.04016
1741109982707,1022.04486
1741109982752,1022.0424
1741109982773,1022.038
1741109982810,1022.04126
1741109982850,1022.0373
1741109982875,1022.0415
1741109982908,1022.042
1741109982953,1022.03345
1741109982978,1022.03394
1741109983007,1022.0323
1741109983048,1022.03644
1741109983068,1022.0349
1741109983108,1022.0352
1741109983149,1022.0333
1741109983171,1022.0359
1741109983208,1022.0382
1741109983248,1022.0411
1741109983274,1022.03577
1741109983315,1022.0399
1741109983347,1022.0497
1741109983368,1022.0399
1741109983410,1022.03894
1741109983449,1022.0337
1741109983468,1022.04004
1741109983509,1022.0513
1741109983551,1022.0469
1741109983576,1022.03564
1741109983608,1022.0364
1741109983646,1022.0338
1741109983670,1022.035
1741109983709,1022.03406
1741109983754,1022.03345
1741109983769,1022.0447
1741109983808,1022.0395
1741109983846,1022.0492
1741109983870,1022.0449
1741109983913,1022.0427
1741109983950,1022.038
1741109983970,1022.04425
1741109984008,1022.0447
1741109984048,1022.0506
1741109984070,1022.043
1741109984111,1022.03485
1741109984152,1022.03723
1741109984166,1022.0379
1741109984208,1022.0345
1741109984249,1022.0404
1741109984269,1022.0443
1741109984316,1022.04755
1741109984349,1022.0507
1741109984372,1022.0436
1741109984410,1022.04865
1741109984450,1022.04626
1741109984469,1022.0494
1741109984507,1022.0488
1741109984550,1022.0464
1741109984570,1022.04224
1741109984608,1022.0385
1741109984649,1022.0396
1741109984668,1022.03784
1741109984709,1022.0347
1741109984748,1022.04156
1741109984770,1022.0447
1741109984810,1022.0443
1741109984849,1022.0458
1741109984869,1022.04675
1741109984910,1022.0484
1741109984951,1022.0479
1741109984970,1022.04016
1741109985010,1022.0471
1741109985046,1022.0434
1741109985066,1022.03186
1741109985109,1022.0415
1741109985153,1022.04156
1741109985169,1022.0296
1741109985211,1022.0229
1741109985246,1022.0214
1741109985266,1022.032
1741109985305,1022.03076
1741109985345,1022.0217
1741109985366,1022.0267
1741109985406,1022.03564
1741109985451,1022.03564
1741109985467,1022.0281
1741109985508,1022.0207
1741109985548,1022.01935
1741109985569,1022.01697
1741109985607,1022.0177
1741109985648,1022.01
1741109985672,1022.0002
1741109985706,1022.0032
1741109985748,1022.01074
1741109985767,1022.0156
1741109985809,1022.0144
1741109985853,1022.0073
1741109985870,1022.00323
1741109985908,1022.00305
1741109985949,1022.00995
1741109985965,1022.0188
1741109986008,1022.00964
1741109986049,1022.0066
1741109986065,1022.01263
1741109986113,1022.0053
1741109986146,1022.00244
1741109986166,1022.00586
1741109986209,1021.9966
1741109986246,1021.9998
1741109986266,1022.0028
1741109986310,1022.00964
1741109986349,1022.0088
1741109986366,1022.0118
1741109986413,1022.00977
1741109986455,1022.00464
1741109986467,1022.00604
1741109986505,1022.0061
1741109986546,1022.01196
1741109986570,1022.01965
1741109986608,1022.0155
1741109986648,1022.0222
1741109986666,1022.02026
1741109986709,1022.0231
1741109986746,1022.0229
1741109986772,1022.01575
1741109986811,1022.0263
1741109986845,1022.0265
1741109986866,1022.0333
1741109986905,1022.0304
1741109986950,1022.03046
1741109986970,1022.02
1741109987006,1022.02045
1741109987048,1022.02386
1741109987074,1022.0242
1741109987110,1022.0305
1741109987144,1022.0242
1741109987166,1022.035
1741109987210,1022.0311
1741109987245,1022.0346
1741109987266,1022.03796
1741109987316,1022.03046
1741109987345,1022.0281
1741109987365,1022.0314
1741109987423,1022.0384
1741109987444,1022.04596
1741109987468,1022.0409
1741109987509,1022.04095
1741109987545,1022.0356
1741109987566,1022.0415
1741109987605,1022.0453
1741109987646,1022.04095
1741109987668,1022.0433
1741109987706,1022.0419
1741109987753,1022.0444
1741109987770,1022.0544
1741109987806,1022.0575
1741109987846,1022.05396
1741109987869,1022.0445
1741109987906,1022.04315
1741109987947,1022.0483
1741109987965,1022.0464
1741109988010,1022.03845
1741109988044,1022.0339
1741109988064,1022.0367
1741109988113,1022.0371
1741109988145,1022.0431
1741109988167,1022.0557
1741109988207,1022.0531
1741109988246,1022.0478
1741109988268,1022.04834
1741109988305,1022.0493
1741109988348,1022.0481
1741109988366,1022.04205
1741109988406,1022.03845
1741109988447,1022.03784
1741109988472,1022.03796
1741109988505,1022.04504
1741109988543,1022.05066
1741109988564,1022.053
1741109988606,1022.0447
1741109988650,1022.04816
1741109988672,1022.04376
1741109988704,1022.03925
1741109988745,1022.03546
1741109988764,1022.03687
1741109988811,1022.038
1741109988846,1022.0368
1741109988866,1022.02673
1741109988908,1022.0292
1741109988945,1022.03125
1741109988966,1022.03125
1741109989004,1022.04
1741109989044,1022.0383
1741109989064,1022.039
1741109989104,1022.0375
1741109989143,1022.0371
1741109989164,1022.0316
1741109989204,1022.02655
1741109989244,1022.02747
1741109989263,1022.0355
1741109989303,1022.0399
1741109989345,1022.0402
1741109989379,1022.0327
1741109989405,1022.0303
1741109989447,1022.0328
1741109989467,1022.04175
1741109989503,1022.04346
1741109989545,1022.04193
1741109989563,1022.0377
1741109989603,1022.0304
1741109989645,1022.0395
1741109989665,1022.039
1741109989705,1022.04724
1741109989746,1022.04834
1741109989764,1022.0485
1741109989804,1022.04175
1741109989844,1022.03625
1741109989863,1022.0359
1741109989904,1022.0403
1741109989944,1022.03986
1741109989965,1022.0439
1741109990004,1022.03674
1741109990043,1022.0388
1741109990063,1022.04395
1741109990103,1022.04175
1741109990146,1022.04016
1741109990164,1022.0409
1741109990205,1022.04504
1741109990245,1022.04224
1741109990266,1022.0451
1741109990305,1022.0521
1741109990343,1022.0466
1741109990363,1022.0492
1741109990403,1022.0552
1741109990443,1022.0449
1741109990463,1022.039
1741109990503,1022.0446
1741109990543,1022.04626
1741109990565,1022.04987
1741109990604,1022.0491
1741109990643,1022.05585
1741109990663,1022.0531
1741109990703,1022.0446
1741109990744,1022.04474
1741109990763,1022.0453
1741109990804,1022.0489
1741109990844,1022.0486
1741109990864,1022.051
1741109990904,1022.05865
1741109990944,1022.0613
1741109990962,1022.0559
1741109991002,1022.04395
1741109991042,1022.04517
1741109991064,1022.03687
1741109991104,1022.0359
1741109991146,1022.02795
1741109991163,1022.0332
1741109991203,1022.0355
1741109991243,1022.03296
1741109991263,1022.0315
1741109991303,1022.02795
1741109991344,1022.031
1741109991362,1022.0266
1741109991404,1022.0345
1741109991443,1022.02893
1741109991464,1022.02856
1741109991503,1022.035
1741109991542,1022.03754
1741109991563,1022.0364
1741109991602,1022.0396
1741109991642,1022.04
1741109991664,1022.03723
1741109991710,1022.0369
1741109991742,1022.0369
1741109991763,1022.045
1741109991802,1022.0367
1741109991843,1022.04364
1741109991863,1022.0491
1741109991905,1022.0457
1741109991941,1022.04333
1741109991962,1022.041
1741109992003,1022.0422
1741109992045,1022.03815
1741109992066,1022.0356
1741109992102,1022.0371
1741109992141,1022.0395
1741109992161,1022.0421
1741109992202,1022.0468
1741109992244,1022.0373
1741109992264,1022.0406
1741109992305,1022.036
1741109992349,1022.0353
1741109992362,1022.0317
1741109992401,1022.0423
1741109992442,1022.04736
1741109992462,1022.0428
1741109992502,1022.04395
1741109992543,1022.0462
1741109992565,1022.0417
1741109992604,1022.04553
1741109992644,1022.04706
1741109992662,1022.04407
1741109992704,1022.04803
1741109992741,1022.0373
1741109992762,1022.024
1741109992802,1022.03235
1741109992841,1022.0376
1741109992864,1022.04675
1741109992902,1022.0473
1741109992944,1022.03345
1741109992963,1022.03174
1741109993002,1022.03076
1741109993043,1022.03894
1741109993061,1022.0466
1741109993101,1022.0452
1741109993142,1022.0502
1741109993162,1022.0375
1741109993204,1022.0413
1741109993242,1022.04407
1741109993262,1022.0399
1741109993302,1022.0307
1741109993341,1022.034
1741109993361,1022.03064
1741109993403,1022.0372
1741109993441,1022.03326
1741109993461,1022.03955
1741109993502,1022.0361
1741109993543,1022.0401
1741109993564,1022.0394
1741109993602,1022.04346
1741109993641,1022.04175
1741109993663,1022.0395
1741109993700,1022.0417
1741109993741,1022.0393
1741109993762,1022.04346
1741109993801,1022.04395
1741109993852,1022.05054
1741109993861,1022.0592
1741109993903,1022.04565
1741109993941,1022.0445
1741109993961,1022.0448
1741109994002,1022.046
1741109994041,1022.03766
1741109994061,1022.02905
1741109994102,1022.0375
1741109994141,1022.03784
1741109994163,1022.0442
1741109994205,1022.04395
1741109994245,1022.037
1741109994262,1022.0463
1741109994301,1022.0475
1741109994341,1022.0483
1741109994362,1022.04504
1741109994401,1022.0553
1741109994444,1022.05585
1741109994469,1022.0511
1741109994503,1022.0409
1741109994548,1022.0439
1741109994561,1022.0446
1741109994600,1022.04095
1741109994640,1022.0397
1741109994661,1022.0426
1741109994701,1022.04504
1741109994742,1022.04535
1741109994766,1022.04266
1741109994804,1022.0418
1741109994849,1022.05286
1741109994860,1022.0596
1741109994904,1022.0564
1741109994940,1022.0537
1741109994962,1022.0565
1741109995002,1022.0491
1741109995048,1022.041
1741109995060,1022.0386
1741109995101,1022.0344
1741109995150,1022.03314
1741109995160,1022.0265
1741109995201,1022.0327
1741109995244,1022.0342
1741109995274,1022.03906
1741109995301,1022.0438
1741109995345,1022.03687
1741109995361,1022.041
1741109995402,1022.0437
1741109995440,1022.0391
1741109995462,1022.03424
1741109995501,1022.03723
1741109995541,1022.03937
1741109995563,1022.0401
1741109995604,1022.04675
1741109995649,1022.0458
1741109995660,1022.0395
1741109995703,1022.03906
1741109995744,1022.0456
1741109995761,1022.04285
1741109995803,1022.0477
1741109995843,1022.0471
1741109995865,1022.0342
1741109995903,1022.03723
1741109995949,1022.0399
1741109995961,1022.0328
1741109996002,1022.0384
1741109996048,1022.0437
1741109996061,1022.03986
1741109996102,1022.0386
1741109996141,1022.041
1741109996162,1022.0486
1741109996215,1022.04114
1741109996242,1022.03784
1741109996266,1022.0392
1741109996303,1022.0331
1741109996340,1022.0341
1741109996366,1022.03613
1741109996400,1022.0357
1741109996441,1022.0351
1741109996468,1022.03546
1741109996501,1022.042
1741109996542,1022.0432
1741109996561,1022.0395
1741109996601,1022.037
1741109996646,1022.0363
1741109996660,1022.0411
1741109996708,1022.0465
1741109996741,1022.0499
1741109996764,1022.05066
1741109996800,1022.0514
1741109996839,1022.0532
1741109996860,1022.05444
1741109996909,1022.0513
1741109996942,1022.0421
1741109996963,1022.0461
1741109997000,1022.052
1741109997041,1022.04785
1741109997061,1022.04474
1741109997101,1022.0442
1741109997144,1022.04114
1741109997161,1022.04486
1741109997201,1022.0436
1741109997249,1022.03107
1741109997265,1022.0322
1741109997301,1022.0277
1741109997340,1022.03217
1741109997361,1022.0299
1741109997400,1022.03625
1741109997442,1022.03284
1741109997461,1022.03906
1741109997519,1022.0443
1741109997543,1022.03754
1741109997562,1022.03613
1741109997599,1022.0381
1741109997643,1022.0392
1741109997673,1022.0366
1741109997701,1022.03503
1741109997740,1022.03955
1741109997760,1022.0446
1741109997800,1022.0401
1741109997839,1022.0387
1741109997868,1022.0402
1741109997900,1022.0453
1741109997943,1022.04407
1741109997961,1022.0465
1741109998001,1022.0452
1741109998046,1022.0427
1741109998059,1022.0499
1741109998100,1022.0558
1741109998139,1022.05176
1741109998159,1022.0551
1741109998201,1022.0448
1741109998241,1022.05475
1741109998260,1022.04517
1741109998301,1022.03906
1741109998339,1022.03564
1741109998360,1022.04407
1741109998402,1022.0399
1741109998444,1022.03796
1741109998460,1022.0403
1741109998499,1022.04297
1741109998539,1022.04553
1741109998561,1022.0542
1741109998604,1022.04517
1741109998643,1022.04224
1741109998659,1022.0476
1741109998699,1022.05676
1741109998739,1022.0433
1741109998759,1022.0365
1741109998798,1022.042
1741109998840,1022.04584
1741109998866,1022.05115
1741109998899,1022.05786
1741109998943,1022.0571
1741109998959,1022.0472
1741109998998,1022.05475
1741109999039,1022.0537
1741109999058,1022.06
1741109999119,1022.0559
1741109999140,1022.05194
1741109999159,1022.04675
1741109999199,1022.05206
1741109999241,1022.0451
1741109999270,1022.0417
1741109999299,1022.03406
1741109999339,1022.03644
1741109999362,1022.0429
1741109999408,1022.0509
1741109999440,1022.05054
1741109999462,1022.0534
1741109999506,1022.05444
1741109999542,1022.05273
1741109999560,1022.0542
1741109999599,1022.0491
1741109999639,1022.0452
1741109999662,1022.0408
1741109999699,1022.0498
1741109999743,1022.05084
1741109999761,1022.05927
1741109999801,1022.0488
1741109999848,1022.0545
1741109999858,1022.0465
1741109999901,1022.04346
1741109999942,1022.0475
1741109999959,1022.05005
1741110000006,1022.05084
1741110000046,1022.04065
1741110000060,1022.0442
1741110000101,1022.04425
1741110000138,1022.0545
1741110000165,1022.053
1741110000206,1022.0547
1741110000240,1022.0574
1741110000263,1022.04645
1741110000300,1022.05115
1741110000343,1022.0484
1741110000360,1022.0508
1741110000400,1022.04285
1741110000438,1022.04956
1741110000459,1022.05884
1741110000498,1022.05206
1741110000537,1022.0548
1741110000561,1022.05615
1741110000598,1022.0532
1741110000639,1022.0572
1741110000664,1022.0571
1741110000703,1022.06323
1741110000739,1022.0647
1741110000779,1022.0598
1741110000798,1022.05444
1741110000837,1022.05066
1741110000880,1022.0564
1741110000910,1022.0546
1741110000940,1022.0566
1741110000964,1022.06006
1741110001000,1022.06177
1741110001042,1022.06036
1741110001081,1022.06396
1741110001100,1022.071
1741110001141,1022.0718
1741110001178,1022.081
1741110001198,1022.06866
1741110001239,1022.0692
1741110001262,1022.0637
1741110001298,1022.0654
1741110001339,1022.05334
1741110001377,1022.0534
1741110001400,1022.0541
1741110001437,1022.0504
1741110001489,1022.05615
1741110001498,1022.06256
1741110001544,1022.0729
1741110001564,1022.0696
1741110001600,1022.06445
1741110001638,1022.0608
1741110001678,1022.06274
1741110001703,1022.0613
1741110001738,1022.05884
1741110001778,1022.05444
1741110001799,1022.0595
1741110001848,1022.0608
1741110001881,1022.06006
1741110001899,1022.0595
1741110001940,1022.0538
1741110001976,1022.0571
1741110001999,1022.05896
1741110002040,1022.06104
1741110002085,1022.057
1741110002101,1022.06055
1741110002139,1022.05994
1741110002178,1022.0576
1741110002197,1022.0564
1741110002238,1022.063
1741110002279,1022.0663
1741110002303,1022.0504
1741110002338,1022.0474
1741110002380,1022.05225
1741110002401,1022.05237
1741110002444,1022.05115
1741110002481,1022.0535
1741110002500,1022.05896
1741110002537,1022.06104
1741110002581,1022.05853
1741110002599,1022.0567
1741110002637,1022.0641
1741110002677,1022.0551
1741110002699,1022.0534
1741110002738,1022.0496
1741110002782,1022.05444
1741110002798,1022.0547
1741110002848,1022.0563
1741110002876,1022.0585
1741110002903,1022.05365
1741110002936,1022.054
1741110002979,1022.0416
1741110002997,1022.04456
1741110003043,1022.0524
1741110003078,1022.06116
1741110003100,1022.0619
1741110003143,1022.0658
1741110003179,1022.0665
1741110003205,1022.0696
1741110003240,1022.0573
1741110003277,1022.04987
1741110003303,1022.04895
1741110003341,1022.04694
1741110003378,1022.0489
1741110003400,1022.0561
1741110003437,1022.05664
1741110003480,1022.06555
1741110003508,1022.0647
1741110003537,1022.05475
1741110003579,1022.05145
1741110003599,1022.0531
1741110003643,1022.04834
1741110003679,1022.05115
1741110003703,1022.04895
1741110003738,1022.05615
1741110003778,1022.05945
1741110003796,1022.05664
1741110003837,1022.06165
1741110003887,1022.0601
1741110003895,1022.05664
1741110003938,1022.0545
1741110003979,1022.0571
1741110004001,1022.05817
1741110004045,1022.0604
1741110004077,1022.0561
1741110004105,1022.06067
1741110004138,1022.0548
1741110004179,1022.05133
1741110004198,1022.043
1741110004238,1022.0414
1741110004281,1022.04846
1741110004298,1022.049
1741110004337,1022.05383
1741110004376,1022.05585
1741110004398,1022.04364
1741110004436,1022.0367
1741110004476,1022.03845
1741110004499,1022.0354
1741110004539,1022.0389
1741110004580,1022.0433
1741110004600,1022.03925
1741110004649,1022.0483
1741110004676,1022.0446
1741110004698,1022.0383
1741110004738,1022.0459
1741110004779,1022.0524
1741110004798,1022.059
1741110004837,1022.061
1741110004879,1022.0586
1741110004897,1022.0595
1741110004936,1022.06616
1741110004982,1022.06555
1741110004995,1022.0596
1741110005038,1022.05286
1741110005077,1022.05457
1741110005100,1022.0556
1741110005140,1022.06
1741110005187,1022.0616
1741110005196,1022.0641
1741110005236,1022.0509
1741110005277,1022.05804
1741110005295,1022.04913
1741110005341,1022.0501
1741110005388,1022.0595
1741110005395,1022.0628
1741110005444,1022.05994
1741110005477,1022.06506
1741110005498,1022.0653
1741110005538,1022.0564
1741110005576,1022.05383
1741110005596,1022.0535
1741110005636,1022.0524
1741110005678,1022.0511
1741110005697,1022.0489
1741110005738,1022.04443
1741110005778,1022.0449
1741110005798,1022.04584
1741110005835,1022.04626
1741110005876,1022.0409
1741110005894,1022.0525
1741110005935,1022.0521
1741110005977,1022.0582
1741110005998,1022.05054
1741110006035,1022.0525
1741110006078,1022.05255
1741110006096,1022.0476
1741110006135,1022.0406
1741110006183,1022.0339
1741110006195,1022.04297
1741110006240,1022.042
1741110006275,1022.0393
1741110006295,1022.04877
1741110006337,1022.05237
1741110006375,1022.04407
1741110006398,1022.0517
1741110006436,1022.0524
1741110006479,1022.041
1741110006493,1022.0357
1741110006534,1022.03595
1741110006577,1022.0385
1741110006595,1022.03424
1741110006637,1022.04004
1741110006675,1022.04663
1741110006696,1022.0552
1741110006734,1022.04614
1741110006775,1022.05225
1741110006794,1022.0559
1741110006834,1022.0503
1741110006875,1022.05316
1741110006897,1022.04956
1741110006935,1022.04504
1741110006974,1022.03973
1741110006994,1022.04114
1741110007037,1022.04364
1741110007078,1022.0488
1741110007100,1022.05927
1741110007136,1022.061
1741110007179,1022.06226
1741110007208,1022.06226
1741110007236,1022.0555
1741110007275,1022.0561
1741110007295,1022.0637
1741110007342,1022.06006
1741110007374,1022.06287
1741110007395,1022.063
1741110007435,1022.0702
1741110007481,1022.06335
1741110007497,1022.06305
1741110007539,1022.0653
1741110007576,1022.06226
1741110007596,1022.061
1741110007634,1022.0571
1741110007674,1022.05725
1741110007694,1022.0593
1741110007739,1022.0685
1741110007774,1022.0672
1741110007798,1022.06604
1741110007835,1022.0641
1741110007881,1022.0674
1741110007900,1022.06476
1741110007936,1022.06604
1741110007973,1022.0668
1741110007995,1022.0603
1741110008034,1022.05994
1741110008078,1022.0577
1741110008095,1022.057
1741110008135,1022.06555
1741110008174,1022.06696
1741110008196,1022.0563
1741110008240,1022.0552
1741110008274,1022.05725
1741110008293,1022.0579
1741110008336,1022.0648
1741110008380,1022.0592
1741110008394,1022.0597
1741110008435,1022.0625
1741110008474,1022.05524
1741110008493,1022.04895
1741110008533,1022.0476
1741110008574,1022.04395
1741110008594,1022.0436
1741110008635,1022.0481
1741110008685,1022.0523
1741110008695,1022.0543
1741110008735,1022.0571
1741110008774,1022.06055
1741110008800,1022.0541
1741110008836,1022.04553
1741110008880,1022.0413
1741110008892,1022.03485
1741110008933,1022.02295
1741110008974,1022.0315
1741110008995,1022.03186
1741110009045,1022.03516
1741110009074,1022.0382
1741110009095,1022.03375
1741110009135,1022.02563
1741110009172,1022.0321
1741110009200,1022.02563
1741110009238,1022.02826
1741110009274,1022.0254
1741110009295,1022.02496
1741110009335,1022.0271
1741110009377,1022.0268
1741110009392,1022.02893
1741110009436,1022.02014
1741110009474,1022.01697
1741110009496,1022.0177
1741110009535,1022.0202
1741110009575,1022.0272
1741110009608,1022.02234
1741110009634,1022.03094
1741110009674,1022.0266
1741110009693,1022.0287
1741110009735,1022.0259
1741110009773,1022.0238
1741110009806,1022.01953
1741110009832,1022.01825
1741110009880,1022.02954
1741110009897,1022.02997
1741110009934,1022.0337
1741110009975,1022.02795
1741110009993,1022.0181
1741110010033,1022.0189
1741110010072,1022.0289
1741110010094,1022.0267
1741110010145,1022.02435
1741110010174,1022.0281
1741110010196,1022.0302
1741110010233,1022.0256
1741110010276,1022.0268
1741110010299,1022.02
1741110010334,1022.02997
1741110010379,1022.03204
1741110010392,1022.0261
1741110010445,1022.0282
1741110010474,1022.0279
1741110010495,1022.03326
1741110010533,1022.03125
1741110010579,1022.0287
1741110010593,1022.02966
1741110010638,1022.0252
1741110010672,1022.0239
1741110010698,1022.02234
1741110010734,1022.02454
1741110010775,1022.02515
1741110010793,1022.0289
1741110010833,1022.0238
1741110010872,1022.0233
1741110010892,1022.0205
1741110010932,1022.0141
1741110010984,1022.0202
1741110010994,1022.02185
1741110011032,1022.0217
1741110011073,1022.0166
1741110011094,1022.01465
1741110011141,1022.0283
1741110011173,1022.0337
1741110011194,1022.0353
1741110011233,1022.0338
1741110011276,1022.0284
1741110011292,1022.0154
1741110011341,1022.0187
1741110011372,1022.01044
1741110011396,1022.00903
1741110011433,1022.0194
1741110011473,1022.02576
1741110011495,1022.0201
1741110011537,1022.0227
1741110011571,1022.01245
1741110011594,1022.0098
1741110011634,1022.0143
1741110011676,1022.01746
1741110011692,1022.02014
1741110011736,1022.02466
1741110011773,1022.0244
1741110011798,1022.0295
1741110011831,1022.0212
1741110011871,1022.021
1741110011894,1022.0218
1741110011934,1022.02185
1741110011981,1022.01196
1741110011992,1022.0188
1741110012033,1022.021
1741110012080,1022.027
1741110012092,1022.03265
1741110012132,1022.0192
1741110012171,1022.01697
1741110012194,1022.0152
1741110012236,1022.021
1741110012276,1022.015
1741110012293,1022.018
1741110012335,1022.0305
1741110012372,1022.04236
1741110012395,1022.0295
1741110012432,1022.0289
1741110012479,1022.02466
1741110012491,1022.0213
1741110012535,1022.02545
1741110012573,1022.0289
1741110012606,1022.0223
1741110012633,1022.0182
1741110012673,1022.0282
1741110012691,1022.0282
1741110012732,1022.0333
1741110012782,1022.03406
1741110012791,1022.0255
1741110012836,1022.021
1741110012872,1022.0191
1741110012892,1022.02527
1741110012931,1022.02686
1741110012989,1022.0249
1741110012992,1022.02155
1741110013035,1022.01843
1741110013074,1022.0236
1741110013091,1022.02124
1741110013136,1022.0249
1741110013174,1022.02814
1741110013191,1022.02875
1741110013231,1022.0303
1741110013273,1022.0199
1741110013291,1022.0247
1741110013331,1022.02325
1741110013370,1022.0284
1741110013393,1022.0322
1741110013433,1022.02435
1741110013473,1022.0308
1741110013491,1022.03284
1741110013549,1022.0344
1741110013571,1022.0283
1741110013591,1022.02594
1741110013633,1022.03156
1741110013670,1022.03534
1741110013692,1022.03284
1741110013732,1022.0281
1741110013782,1022.03345
1741110013791,1022.0287
1741110013830,1022.0266
1741110013871,1022.0182
1741110013890,1022.0147
1741110013932,1022.01245
1741110013970,1022.00507
1741110013992,1022.00885
1741110014034,1022.01404
1741110014073,1022.0148
1741110014094,1022.01794
1741110014130,1022.0227
1741110014173,1022.0234
1741110014196,1022.015
1741110014231,1022.01733
1741110014278,1022.0134
1741110014291,1022.02234
1741110014339,1022.0192
1741110014370,1022.0178
1741110014392,1022.01874
1741110014434,1022.0238
1741110014472,1022.02747
1741110014491,1022.0217
1741110014533,1022.0185
1741110014570,1022.0171
1741110014592,1022.0227
1741110014629,1022.02344
1741110014672,1022.02606
1741110014694,1022.02826
1741110014731,1022.03687
1741110014773,1022.0313
1741110014790,1022.04
1741110014830,1022.03064
1741110014871,1022.0303
1741110014893,1022.0277
1741110014930,1022.01764
1741110014974,1022.00757
1741110014992,1022.01636
1741110015030,1022.0154
1741110015071,1022.01404
1741110015096,1022.01215
1741110015130,1022.01746
1741110015171,1022.0121
1741110015190,1022.01373
1741110015233,1022.024
1741110015270,1022.0204
1741110015292,1022.0131
1741110015331,1022.0089
1741110015386,1022.01306
1741110015391,1022.02094
1741110015429,1022.0234
1741110015469,1022.02466
1741110015494,1022.01886
1741110015530,1022.0182
1741110015571,1022.01245
1741110015591,1022.0131
1741110015630,1022.01807
1741110015672,1022.01636
1741110015695,1022.01587
1741110015730,1022.01416
1741110015770,1022.0105
1741110015792,1022.0105
1741110015829,1022.01807
1741110015872,1022.01984
1741110015891,1022.0148
1741110015932,1022.01776
1741110015970,1022.02295
1741110015992,1022.01294
1741110016033,1022.00494
1741110016074,1022.00745
1741110016090,1022.01245
1741110016131,1022.0149
1741110016178,1022.00806
1741110016191,1022.016
1741110016231,1022.01746
1741110016270,1022.0113
1741110016289,1022.019
1741110016331,1022.01685
1741110016369,1022.01025
1741110016390,1022.0073
1741110016432,1022.0126
1741110016471,1022.0195
1741110016490,1022.0162
1741110016530,1022.0123
1741110016572,1022.0159
1741110016589,1022.00543
1741110016632,1022.0124
1741110016669,1022.01685
1741110016689,1022.0116
1741110016730,1022.0112
1741110016772,1022.0227
1741110016791,1022.0191
1741110016834,1022.0194
1741110016871,1022.02435
1741110016890,1022.01044
1741110016929,1022.0182
1741110016971,1022.0211
1741110016991,1022.029
1741110017033,1022.0324
1741110017070,1022.0352
1741110017089,1022.0319
1741110017132,1022.0344
1741110017170,1022.03375
1741110017189,1022.0386
1741110017232,1022.0382
1741110017270,1022.04126
1741110017292,1022.04236
1741110017341,1022.0492
1741110017370,1022.04926
1741110017389,1022.0626
1741110017430,1022.05676
1741110017471,1022.0563
1741110017492,1022.05524
1741110017544,1022.05963
1741110017571,1022.06714
1741110017591,1022.0647
1741110017630,1022.0702
1741110017669,1022.0694
1741110017690,1022.0747
1741110017729,1022.0767
1741110017771,1022.0686
1741110017789,1022.07666
1741110017829,1022.0847
1741110017870,1022.08624
1741110017890,1022.0968
1741110017935,1022.09906
1741110017969,1022.1002
1741110017989,1022.10944
1741110018032,1022.10425
1741110018068,1022.1036
1741110018088,1022.107
1741110018134,1022.1079
1741110018168,1022.1095
1741110018190,1022.1198
1741110018234,1022.12115
1741110018270,1022.1193
1741110018291,1022.11584
1741110018329,1022.1108
1741110018369,1022.10803
1741110018389,1022.1122
1741110018429,1022.1089
1741110018473,1022.1134
1741110018488,1022.1123
1741110018532,1022.1191
1741110018572,1022.1212
1741110018589,1022.12305
1741110018631,1022.1239
1741110018677,1022.12634
1741110018689,1022.1295
1741110018736,1022.1198
1741110018780,1022.1214
1741110018788,1022.12354
1741110018828,1022.1257
1741110018869,1022.1306
1741110018892,1022.1301
1741110018927,1022.1273
1741110018969,1022.1287
1741110018991,1022.1306
1741110019028,1022.12616
1741110019072,1022.12244
1741110019090,1022.1289
1741110019130,1022.1321
1741110019173,1022.136
1741110019196,1022.15405
1741110019233,1022.1571
1741110019276,1022.1503
1741110019290,1022.14685
1741110019330,1022.14233
1741110019373,1022.13806
1741110019392,1022.13135
1741110019429,1022.12866
1741110019469,1022.12646
1741110019487,1022.12897
1741110019529,1022.1271
1741110019568,1022.1322
1741110019587,1022.1369
1741110019632,1022.13635
1741110019668,1022.1313
1741110019692,1022.1306
1741110019729,1022.12897
1741110019773,1022.12726
1741110019788,1022.11804
1741110019827,1022.11194
1741110019868,1022.1158
1741110019889,1022.1167
1741110019929,1022.1251
1741110019968,1022.1243
1741110019989,1022.1264
1741110020031,1022.12177
1741110020069,1022.11664
1741110020091,1022.11145
1741110020126,1022.1172
1741110020170,1022.1212
1741110020190,1022.1217
1741110020230,1022.12036
1741110020269,1022.121
1741110020292,1022.11865
1741110020328,1022.11304
1741110020369,1022.11957
1741110020392,1022.12537
1741110020428,1022.1227
1741110020468,1022.12195
1741110020487,1022.12476
1741110020532,1022.1194
1741110020570,1022.11084
1741110020594,1022.10986
1741110020628,1022.1146
1741110020670,1022.1109
1741110020686,1022.10583
1741110020729,1022.1063
1741110020767,1022.1042
1741110020787,1022.0979
1741110020835,1022.09595
1741110020868,1022.09753
1741110020887,1022.10974
1741110020930,1022.1002
1741110020976,1022.0974
1741110020991,1022.0944
1741110021034,1022.0994
1741110021067,1022.0967
1741110021094,1022.0985
1741110021128,1022.1038
1741110021173,1022.102
1741110021189,1022.1078
1741110021230,1022.10516
1741110021268,1022.0993
1741110021287,1022.0984
1741110021330,1022.1032
1741110021367,1022.0994
1741110021392,1022.0962
1741110021429,1022.10205
1741110021471,1022.0925
1741110021490,1022.0874
1741110021527,1022.0947
1741110021568,1022.08875
1741110021587,1022.0932
1741110021629,1022.08655
1741110021666,1022.07947
1741110021686,1022.09216
1741110021729,1022.0895
1741110021769,1022.0911
1741110021787,1022.0908
1741110021829,1022.09064
1741110021872,1022.0881
1741110021889,1022.08203
1741110021926,1022.0717
1741110021967,1022.0787
1741110021986,1022.0813
1741110022032,1022.07825
1741110022066,1022.0757
1741110022089,1022.06604
1741110022129,1022.06274
1741110022166,1022.054
1741110022187,1022.04395
1741110022227,1022.04395
1741110022271,1022.0413
1741110022285,1022.04517
1741110022328,1022.04565
1741110022368,1022.03674
1741110022393,1022.04114
1741110022426,1022.04596
1741110022469,1022.0405
1741110022510,1022.04663
1741110022526,1022.0496
1741110022572,1022.0436
1741110022609,1022.03906
1741110022628,1022.04333
1741110022668,1022.0446
1741110022689,1022.03394
1741110022727,1022.02795
1741110022765,1022.0232
1741110022807,1022.022
1741110022825,1022.0139
1741110022868,1022.01965
1741110022906,1022.01996
1741110022928,1022.01465
1741110022966,1022.014
1741110022989,1022.0122
1741110023030,1022.0171
1741110023067,1022.01215
1741110023109,1022.0146
1741110023129,1022.0123
1741110023168,1022.01385
1741110023210,1022.0047
1741110023226,1022.00836
1741110023268,1022.0059
1741110023306,1022.0051
1741110023334,1022.01495
1741110023373,1022.0231
1741110023413,1022.0181
1741110023426,1022.00146
1741110023466,1021.99384
1741110023508,1021.9962
1741110023532,1022.0027
1741110023568,1021.9978
1741110023606,1022.0042
1741110023632,1022.0073
1741110023666,1022.0101
1741110023705,1022.0062
1741110023731,1022.0144
1741110023766,1022.01337
1741110023807,1022.0129
1741110023825,1022.0085
1741110023866,1022.0155
1741110023904,1022.01624
1741110023924,1022.0093
1741110023966,1022.01807
1741110024010,1022.0177
1741110024025,1022.0246
1741110024065,1022.0235
1741110024107,1022.0188
1741110024129,1022.01917
1741110024169,1022.02563
1741110024207,1022.0264
1741110024231,1022.02356
1741110024266,1022.031
1741110024306,1022.0271
1741110024325,1022.02625
1741110024365,1022.0315
1741110024410,1022.026
1741110024427,1022.03174
1741110024466,1022.0321
1741110024509,1022.037
1741110024526,1022.0314
1741110024564,1022.033
1741110024606,1022.0273
1741110024630,1022.03467
1741110024664,1022.03
1741110024709,1022.03357
1741110024725,1022.0351
1741110024769,1022.0288
1741110024805,1022.0353
1741110024825,1022.02106
1741110024866,1022.0249
1741110024917,1022.02014
1741110024925,1022.02966
1741110024970,1022.0243
1741110025005,1022.0371
1741110025026,1022.03455
1741110025069,1022.0338
1741110025104,1022.04266
1741110025126,1022.03064
1741110025163,1022.0286
1741110025204,1022.02893
1741110025228,1022.0237
1741110025269,1022.0272
1741110025305,1022.029
1741110025327,1022.022
1741110025369,1022.027
1741110025405,1022.02435
1741110025425,1022.0214
1741110025466,1022.0223
1741110025504,1022.0314
1741110025523,1022.0326
1741110025573,1022.03143
1741110025606,1022.0299
1741110025625,1022.03015
1741110025667,1022.03455
1741110025704,1022.0386
1741110025725,1022.0341
1741110025770,1022.02875
1741110025805,1022.0313
1741110025829,1022.0359
1741110025866,1022.0325
1741110025914,1022.0274
1741110025924,1022.02765
1741110025968,1022.03406
1741110026004,1022.0332
1741110026025,1022.02905
1741110026063,1022.02985
1741110026105,1022.03467
1741110026124,1022.04346
1741110026164,1022.035
1741110026209,1022.03754
1741110026227,1022.0267
1741110026268,1022.02765
1741110026304,1022.0332
1741110026325,1022.02826
1741110026372,1022.03
1741110026403,1022.02704
1741110026439,1022.02466
1741110026463,1022.0293
1741110026508,1022.02686
1741110026525,1022.0237
1741110026566,1022.01935
1741110026605,1022.0304
1741110026626,1022.0243
1741110026665,1022.025
1741110026705,1022.0299
1741110026724,1022.0268
1741110026763,1022.02454
1741110026814,1022.02075
1741110026825,1022.0194
1741110026864,1022.02
1741110026905,1022.02893
1741110026944,1022.02905
1741110026962,1022.02515
1741110027004,1022.01245
1741110027024,1022.00574
1741110027069,1022.0155
1741110027103,1022.01624
1741110027127,1022.02344
1741110027166,1022.03296
1741110027205,1022.02826
1741110027229,1022.02313
1741110027269,1022.01953
1741110027304,1022.0215
1741110027334,1022.01794
1741110027364,1022.0246
1741110027406,1022.03296
1741110027423,1022.03424
1741110027465,1022.01855
1741110027503,1022.018
1741110027523,1022.01245
1741110027563,1022.01227
1741110027603,1022.0141
1741110027628,1022.02155
1741110027664,1022.0164
1741110027708,1022.01886
1741110027723,1022.02563
1741110027765,1022.02295
1741110027805,1022.0231
1741110027823,1022.0225
1741110027865,1022.02734
1741110027903,1022.0213
1741110027926,1022.0211
1741110027963,1022.025
1741110028007,1022.0272
1741110028030,1022.0235
1741110028064,1022.0248
1741110028106,1022.02484
1741110028123,1022.02026
1741110028164,1022.0199
1741110028207,1022.03455
1741110028223,1022.0309
1741110028263,1022.0288
1741110028311,1022.0242
1741110028329,1022.0252
1741110028364,1022.0221
1741110028404,1022.02246
1741110028427,1022.0205
1741110028466,1022.02747
1741110028510,1022.0265
1741110028528,1022.02734
1741110028563,1022.01337
1741110028605,1022.0093
1741110028629,1022.00525
1741110028664,1022.01404
1741110028708,1022.0134
1741110028722,1022.0189
1741110028768,1022.02185
1741110028802,1022.01965
1741110028823,1022.011
1741110028864,1022.01025
1741110028903,1022.0029
1741110028927,1022.0116
1741110028964,1022.01306
1741110029002,1022.01013
1741110029023,1022.0206
1741110029063,1022.033
1741110029104,1022.0223
1741110029133,1022.01654
1741110029162,1022.01324
1741110029202,1022.0147
1741110029222,1022.0071
1741110029262,1022.00977
1741110029302,1022.00903
1741110029321,1022.00806
1741110029362,1022.01196
1741110029402,1022.0089
1741110029423,1022.00305
1741110029464,1022.00684
1741110029523,1022.00714
1741110029524,1022.0049
1741110029562,1022.0056
1741110029603,1022.0072
1741110029621,1022.00745
1741110029662,1022.0137
1741110029702,1022.0103
1741110029721,1022.01135
1741110029761,1022.006
1741110029805,1022.0116
1741110029825,1022.01306
1741110029862,1022.0123
1741110029905,1022.0156
1741110029923,1022.0155
1741110029961,1022.0187
1741110030025,1022.00836
1741110030026,1022.01385
1741110030064,1022.0138
1741110030104,1022.0103
1741110030124,1022.0084
1741110030165,1022.00714
1741110030202,1022.0109
1741110030227,1022.0122
1741110030267,1022.0082
1741110030326,1022.00757
1741110030328,1022.01483
1741110030364,1022.0166
1741110030410,1022.01465
1741110030424,1022.008
1741110030461,1022.0121
1741110030503,1022.0183
1741110030523,1022.0149
1741110030561,1022.02545
1741110030602,1022.0255
1741110030629,1022.01416
1741110030663,1022.018
1741110030708,1022.0155
1741110030721,1022.0193
1741110030768,1022.0111
1741110030801,1022.0159
1741110030822,1022.0198
1741110030869,1022.0042
1741110030903,1022.01013
1741110030922,1022.01843
1741110030964,1022.00916
1741110031001,1022.00287
1741110031023,1022.0067
1741110031061,1022.01044
1741110031105,1022.0156
1741110031120,1022.0139
1741110031162,1022.0117
1741110031202,1022.0109
1741110031226,1022.01013
1741110031262,1022.00977
1741110031303,1022.0148
1741110031321,1022.0136
1741110031367,1022.0162
1741110031402,1022.02423
1741110031421,1022.01117
1741110031462,1022.0072
1741110031500,1022.0086
1741110031523,1022.0205
1741110031566,1022.0229
1741110031601,1022.01965
1741110031625,1022.02954
1741110031665,1022.02185
1741110031701,1022.01776
1741110031721,1022.0165
1741110031767,1022.01886
1741110031800,1022.0218
1741110031820,1022.0235
1741110031859,1022.0144
1741110031901,1022.0024
1741110031920,1022.0033
1741110031964,1021.999
1741110032002,1022.00134
1741110032029,1022.01
1741110032061,1022.00256
1741110032101,1022.0111
1741110032125,1022.00836
1741110032170,1022.0161
1741110032205,1022.0197
1741110032220,1022.0169
1741110032266,1022.0161
1741110032304,1022.0077
1741110032323,1022.00397
1741110032359,1022.00635
1741110032400,1022.01843
1741110032423,1022.0293
1741110032463,1022.02386
1741110032500,1022.02844
1741110032522,1022.023
1741110032561,1022.0196
1741110032609,1022.01794
1741110032619,1022.0247
1741110032664,1022.0166
1741110032706,1022.0152
1741110032723,1022.0112
1741110032765,1022.0165
1741110032800,1022.01465
1741110032821,1022.0125
1741110032864,1022.01306
1741110032903,1022.0152
1741110032929,1022.02295
1741110032961,1022.0158
1741110033006,1022.0078
1741110033028,1022.0074
1741110033065,1022.0007
1741110033105,1022.00336
1741110033120,1022.0088
1741110033165,1022.01587
1741110033202,1022.0209
1741110033221,1022.01556
1741110033263,1022.0178
1741110033310,1022.0172
1741110033324,1022.016
1741110033361,1022.01843
1741110033400,1022.02094
1741110033421,1022.0177
1741110033461,1022.0193
1741110033505,1022.01587
1741110033524,1022.01526
1741110033562,1022.01526
1741110033599,1022.0139
1741110033620,1022.02045
1741110033664,1022.026
1741110033711,1022.0263
1741110033720,1022.0226
1741110033763,1022.0238
1741110033802,1022.01227
1741110033821,1022.0223
1741110033860,1022.0195
1741110033901,1022.03064
1741110033922,1022.03406
1741110033962,1022.0278
1741110034002,1022.0171
1741110034021,1022.0229
1741110034063,1022.0171
1741110034101,1022.01465
1741110034129,1022.01483
1741110034163,1022.02515
1741110034199,1022.0237
1741110034221,1022.02106
1741110034269,1022.0198
1741110034301,1022.02094
1741110034322,1022.02185
1741110034362,1022.0195
1741110034399,1022.0147
1741110034421,1022.02075
1741110034460,1022.016
1741110034502,1022.01697
1741110034529,1022.0188
1741110034563,1022.01587
1741110034604,1022.01953
1741110034619,1022.023
1741110034664,1022.0177
1741110034700,1022.00775
1741110034720,1022.00946
1741110034763,1022.01385
1741110034802,1022.0127
1741110034819,1022.009
1741110034860,1022.0148
1741110034903,1022.0066
1741110034920,1022.0019
1741110034958,1021.9989
1741110035008,1022.01117
1741110035018,1022.00745
1741110035069,1022.00916
1741110035098,1022.00946
1741110035120,1022.0142
1741110035161,1022.02167
1741110035205,1022.02344
1741110035219,1022.0216
1741110035262,1022.01807
1741110035303,1022.01935
1741110035319,1022.0259
1741110035361,1022.02344
1741110035409,1022.0202
1741110035419,1022.0293
1741110035461,1022.02924
1741110035501,1022.0244
1741110035520,1022.0125
1741110035559,1022.01904
1741110035599,1022.01886
1741110035620,1022.02356
1741110035665,1022.0183
1741110035701,1022.023
1741110035722,1022.01697
1741110035759,1022.0106
1741110035800,1022.0082
1741110035822,1022.0166
1741110035869,1022.0169
1741110035899,1022.0116
1741110035919,1022.01654
1741110035961,1022.0158
1741110036001,1022.021
1741110036030,1022.0205
1741110036063,1022.0205
1741110036102,1022.0108
1741110036119,1022.0122
1741110036160,1022.0183
1741110036210,1022.0227
1741110036218,1022.0126
1741110036263,1022.01807
1741110036299,1022.0192
1741110036328,1022.0141
1741110036361,1022.01715
1741110036401,1022.02246
1741110036420,1022.01483
1741110036459,1022.0115
1741110036502,1022.0083
1741110036529,1022.01184
1741110036559,1022.01056
1741110036610,1022.00916
1741110036622,1022.0092
1741110036659,1022.0193
1741110036701,1022.0232
1741110036725,1022.0199
1741110036764,1022.02
1741110036798,1022.0199
1741110036821,1022.026
1741110036862,1022.0329
1741110036901,1022.02625
1741110036921,1022.022
1741110036969,1022.01996
1741110037002,1022.02747
1741110037019,1022.02795
1741110037059,1022.03534
1741110037104,1022.03735
1741110037117,1022.03326
1741110037161,1022.0348
1741110037198,1022.0349
1741110037220,1022.036
1741110037261,1022.0485
1741110037309,1022.0395
1741110037328,1022.0354
1741110037359,1022.03613
1741110037400,1022.0451
1741110037419,1022.0532
1741110037457,1022.057
1741110037502,1022.0653
1741110037518,1022.0584
1741110037565,1022.06116
1741110037602,1022.0662
1741110037621,1022.06415
1741110037659,1022.0587
1741110037698,1022.0676
1741110037718,1022.0748
1741110037761,1022.0727
1741110037799,1022.0717
1741110037822,1022.0738
1741110037860,1022.0829
1741110037899,1022.08246
1741110037918,1022.0896
1741110037959,1022.0935
1741110038000,1022.0994
1741110038020,1022.0984
1741110038058,1022.09064
1741110038102,1022.1019
1741110038118,1022.115
1741110038159,1022.11816
1741110038197,1022.12463
1741110038219,1022.12524
1741110038258,1022.1288
1741110038297,1022.1252
1741110038323,1022.12946
1741110038367,1022.13074
1741110038402,1022.1289
1741110038418,1022.1248
1741110038459,1022.1388
1741110038509,1022.1405
1741110038517,1022.14355
1741110038560,1022.14594
1741110038613,1022.142
1741110038619,1022.1433
1741110038658,1022.14624
1741110038709,1022.14606
1741110038718,1022.14154
1741110038761,1022.15497
1741110038797,1022.15497
1741110038818,1022.1541
1741110038859,1022.14526
1741110038896,1022.1511
1741110038916,1022.1542
1741110038958,1022.1605
1741110039000,1022.1583
1741110039019,1022.1559
1741110039062,1022.16235
1741110039097,1022.1598
1741110039118,1022.16095
1741110039165,1022.16125
1741110039199,1022.16315
1741110039217,1022.1499
1741110039257,1022.1451
1741110039298,1022.1422
1741110039321,1022.1478
1741110039360,1022.1531
1741110039396,1022.15546
1741110039418,1022.14655
1741110039462,1022.14404
1741110039498,1022.1553
1741110039517,1022.1453
1741110039558,1022.1604
1741110039601,1022.16547
1741110039619,1022.1619
1741110039656,1022.15485
1741110039696,1022.15955
1741110039718,1022.15753
1741110039760,1022.1553
1741110039796,1022.15454
1741110039816,1022.1546
1741110039858,1022.15234
1741110039904,1022.15936
1741110039919,1022.15826
1741110039956,1022.15546
1741110039999,1022.1533
1741110040016,1022.1438
1741110040085,1022.15216
1741110040099,1022.15424
1741110040116,1022.1543
1741110040169,1022.1549
1741110040197,1022.1591
1741110040221,1022.1604
1741110040265,1022.15564
1741110040296,1022.15955
1741110040323,1022.1613
1741110040358,1022.15704
1741110040401,1022.1577
1741110040417,1022.1544
1741110040461,1022.15857
1741110040503,1022.1612
1741110040516,1022.16656
1741110040572,1022.1685
1741110040596,1022.1662
1741110040617,1022.1626
1741110040658,1022.17
1741110040696,1022.1704
1741110040716,1022.17035
1741110040761,1022.16016
1741110040797,1022.1606
1741110040816,1022.1552
1741110040857,1022.1612
1741110040899,1022.16034
1741110040916,1022.1652
1741110040957,1022.1682
1741110040995,1022.1655
1741110041016,1022.173
1741110041058,1022.1697
1741110041102,1022.1697
1741110041121,1022.1616
1741110041157,1022.1619
1741110041197,1022.1591
1741110041215,1022.1567
1741110041264,1022.16095
1741110041296,1022.1621
1741110041316,1022.16956
1741110041355,1022.1592
1741110041399,1022.157
1741110041415,1022.1575
1741110041457,1022.1588
1741110041497,1022.1549
1741110041529,1022.15814
1741110041555,1022.1636
1741110041595,1022.158
1741110041618,1022.14966
1741110041659,1022.15
1741110041696,1022.14105
1741110041716,1022.145
1741110041760,1022.147
1741110041801,1022.15393
1741110041815,1022.1668
1741110041856,1022.1709
1741110041895,1022.1707
1741110041916,1022.16595
1741110041957,1022.1664
1741110041998,1022.1753
1741110042018,1022.1749
1741110042055,1022.16785
1741110042096,1022.1613
1741110042121,1022.1664
1741110042155,1022.1633
1741110042198,1022.16565
1741110042215,1022.17896
1741110042257,1022.18066
1741110042295,1022.18567
1741110042314,1022.2068
1741110042354,1022.19403
1741110042394,1022.18787
1741110042414,1022.1924
1741110042455,1022.18494
1741110042494,1022.19714
1741110042518,1022.1942
1741110042555,1022.1963
1741110042595,1022.1862
1741110042615,1022.19684
1741110042656,1022.1979
1741110042694,1022.2073
1741110042713,1022.2003
1741110042754,1022.198
1741110042794,1022.19855
1741110042819,1022.19116
1741110042855,1022.1846
1741110042899,1022.1843
1741110042919,1022.184
1741110042955,1022.1797
1741110042996,1022.1759
1741110043018,1022.17303
1741110043055,1022.17145
1741110043100,1022.17804
1741110043115,1022.189
1741110043158,1022.1686
1741110043200,1022.16437
1741110043217,1022.15674
1741110043255,1022.1599
1741110043299,1022.16254
1741110043315,1022.1563
1741110043356,1022.1608
1741110043398,1022.16846
1741110043420,1022.1603
1741110043456,1022.1591
1741110043497,1022.16
1741110043520,1022.15857
1741110043558,1022.15985
1741110043597,1022.14636
1741110043615,1022.1322
1741110043659,1022.134
1741110043694,1022.135
1741110043716,1022.1427
1741110043761,1022.1426
1741110043794,1022.1482
1741110043816,1022.15063
1741110043860,1022.1404
1741110043894,1022.14276
1741110043914,1022.1399
1741110043961,1022.14453
1741110044000,1022.14764
1741110044018,1022.14795
1741110044055,1022.14197
1741110044096,1022.1377
1741110044120,1022.1377
1741110044154,1022.127
1741110044199,1022.1299
1741110044215,1022.1304
1741110044254,1022.1361
1741110044296,1022.131
1741110044333,1022.135
1741110044355,1022.1331
1741110044396,1022.1258
1741110044414,1022.12305
1741110044456,1022.1254
1741110044495,1022.12866
1741110044537,1022.12524
1741110044553,1022.131
1741110044593,1022.13416
1741110044639,1022.13916
1741110044661,1022.13696
1741110044694,1022.13
1741110044739,1022.12866
1741110044756,1022.1287
1741110044797,1022.12506
1741110044842,1022.1101
1741110044854,1022.1164
1741110044893,1022.1163
1741110044938,1022.11
1741110044954,1022.121
1741110044998,1022.11743
1741110045036,1022.115
1741110045054,1022.1141
1741110045097,1022.11414
1741110045136,1022.1118
1741110045159,1022.1127
1741110045193,1022.1129
1741110045242,1022.11523
1741110045258,1022.10657
1741110045294,1022.0996
1741110045335,1022.10974
1741110045362,1022.0999
1741110045396,1022.09656
1741110045432,1022.09204
1741110045452,1022.0923
1741110045494,1022.08856
1741110045538,1022.0947
1741110045555,1022.08997
1741110045595,1022.08734
1741110045634,1022.08575
1741110045660,1022.0952
1741110045694,1022.10706
1741110045750,1022.1062
1741110045753,1022.09924
1741110045793,1022.0936
1741110045835,1022.0903
1741110045853,1022.101
1741110045910,1022.0896
1741110045935,1022.08936
1741110045960,1022.0841
1741110045994,1022.0867
1741110046036,1022.0876
1741110046054,1022.08215
1741110046095,1022.07745
1741110046134,1022.08044
1741110046155,1022.0748
1741110046193,1022.0797
1741110046242,1022.08325
1741110046253,1022.0835
1741110046293,1022.0872
1741110046332,1022.09125
1741110046354,1022.0935
1741110046395,1022.088
1741110046434,1022.0808
1741110046456,1022.08746
1741110046493,1022.08246
1741110046533,1022.0807
1741110046554,1022.08276
1741110046603,1022.0791
1741110046632,1022.0741
1741110046653,1022.074
1741110046695,1022.07635
1741110046749,1022.08234
1741110046753,1022.0928
1741110046796,1022.09247
1741110046833,1022.088
1741110046853,1022.0934
1741110046893,1022.08295
1741110046933,1022.0817
1741110046952,1022.0758
1741110046995,1022.0713
1741110047035,1022.0675
1741110047055,1022.0772
1741110047109,1022.0724
1741110047133,1022.07294
1741110047153,1022.07324
1741110047193,1022.0813
1741110047232,1022.06976
1741110047251,1022.06744
1741110047294,1022.0686
1741110047332,1022.0663
1741110047354,1022.07446
1741110047394,1022.07434
1741110047435,1022.0757
1741110047455,1022.0819
1741110047495,1022.0838
1741110047542,1022.0865
1741110047551,1022.0849
1741110047594,1022.08167
1741110047632,1022.0837
1741110047655,1022.0835
1741110047699,1022.0881
1741110047740,1022.0858
1741110047752,1022.0846
1741110047793,1022.08606
1741110047848,1022.0793
1741110047852,1022.07697
1741110047893,1022.079
1741110047941,1022.0852
1741110047954,1022.0774
1741110047992,1022.07935
1741110048031,1022.0769
1741110048051,1022.06775
1741110048091,1022.074
1741110048134,1022.07135
1741110048152,1022.0747
1741110048192,1022.0756
1741110048241,1022.08105
1741110048252,1022.0751
1741110048296,1022.0792
1741110048335,1022.0814
1741110048352,1022.0779
1741110048392,1022.08014
1741110048435,1022.07465
1741110048452,1022.0807
1741110048494,1022.0785
1741110048533,1022.0707
1741110048553,1022.068
1741110048593,1022.0801
1741110048630,1022.07336
1741110048652,1022.0724
1741110048693,1022.077
1741110048731,1022.08105
1741110048753,1022.07385
1741110048795,1022.06995
1741110048840,1022.0761
1741110048854,1022.0882
1741110048892,1022.08655
1741110048932,1022.07874
1741110048952,1022.08093
1741110048992,1022.0826
1741110049035,1022.0757
1741110049051,1022.06537
1741110049093,1022.0679
1741110049136,1022.07465
1741110049151,1022.0695
1741110049195,1022.0771
1741110049231,1022.07416
1741110049255,1022.0748
1741110049291,1022.07324
1741110049330,1022.0731
1741110049352,1022.0813
1741110049395,1022.0763
1741110049432,1022.0758
1741110049456,1022.0829
1741110049494,1022.0831
1741110049531,1022.0835
1741110049551,1022.0762
1741110049594,1022.0777
1741110049634,1022.07715
1741110049654,1022.0765
1741110049692,1022.0703
1741110049733,1022.0752
1741110049751,1022.0793
1741110049800,1022.0795
1741110049832,1022.07104
1741110049851,1022.0847
1741110049899,1022.0797
1741110049931,1022.0768
1741110049954,1022.0773
1741110049999,1022.0707
1741110050032,1022.0697
1741110050055,1022.0691
1741110050094,1022.0676
1741110050130,1022.0625
1741110050151,1022.0709
1741110050191,1022.0735
1741110050233,1022.07153
1741110050251,1022.07117
1741110050293,1022.0671
1741110050331,1022.06696
1741110050352,1022.0767
1741110050400,1022.0751
1741110050431,1022.073
1741110050457,1022.07544
1741110050494,1022.07196
1741110050531,1022.0696
1741110050551,1022.07294
1741110050593,1022.0702
1741110050630,1022.07404
1741110050652,1022.06805
1741110050694,1022.0608
1741110050733,1022.0698
1741110050750,1022.06903
1741110050792,1022.0675
1741110050832,1022.0739
1741110050850,1022.0746
1741110050893,1022.0592
1741110050932,1022.06116
1741110050950,1022.07043
1741110050991,1022.07275
1741110051031,1022.0698
1741110051056,1022.0648
1741110051091,1022.0661
1741110051134,1022.0705
1741110051155,1022.07306
1741110051192,1022.07324
1741110051236,1022.0677
1741110051250,1022.0751
1741110051292,1022.07526
1741110051330,1022.0767
1741110051350,1022.07874
1741110051389,1022.07477
1741110051430,1022.0792
1741110051450,1022.0689
1741110051490,1022.0691
1741110051532,1022.0652
1741110051554,1022.0679
1741110051591,1022.0724
1741110051630,1022.0668
1741110051650,1022.0706
1741110051690,1022.06396
1741110051732,1022.07245
1741110051750,1022.0674
1741110051791,1022.0597
1741110051831,1022.0617
1741110051852,1022.06506
1741110051890,1022.07227
1741110051930,1022.0777
1741110051950,1022.07544
1741110051990,1022.0731
1741110052035,1022.06995
1741110052050,1022.0729
1741110052092,1022.0706
1741110052132,1022.07294
1741110052152,1022.07135
1741110052203,1022.07355
1741110052230,1022.0748
1741110052251,1022.073
1741110052291,1022.0645
1741110052331,1022.06854
1741110052351,1022.0722
1741110052394,1022.0724
1741110052432,1022.07214
1741110052452,1022.06665
1741110052491,1022.0716
1741110052530,1022.06506
1741110052549,1022.072
1741110052590,1022.0707
1741110052631,1022.07074
1741110052649,1022.0735
1741110052692,1022.0806
1741110052730,1022.07635
1741110052752,1022.0662
1741110052793,1022.06824
1741110052830,1022.0604
1741110052852,1022.0641
1741110052890,1022.08044
1741110052933,1022.081
1741110052954,1022.07404
1741110052989,1022.0753
1741110053034,1022.0832
1741110053050,1022.0855
1741110053089,1022.0786
1741110053132,1022.0765
1741110053152,1022.07764
1741110053190,1022.07446
1741110053230,1022.07153
1741110053250,1022.0819
1741110053291,1022.0841
1741110053331,1022.07837
1741110053351,1022.0714
1741110053390,1022.0651
1741110053430,1022.06555
1741110053450,1022.05896
1741110053489,1022.0622
1741110053529,1022.0637
1741110053553,1022.0678
1741110053595,1022.0703
1741110053633,1022.0711
1741110053651,1022.06305
1741110053694,1022.06866
1741110053732,1022.0722
1741110053755,1022.0761
1741110053791,1022.07355
1741110053831,1022.07806
1741110053851,1022.08325
1741110053894,1022.077
1741110053931,1022.0752
1741110053952,1022.08167
1741110053987,1022.08484
1741110054029,1022.08685
1741110054049,1022.08105
1741110054089,1022.0796
1741110054136,1022.07117
1741110054149,1022.0616
1741110054192,1022.0671
1741110054231,1022.07275
1741110054248,1022.077
1741110054290,1022.0729
1741110054329,1022.06683
1741110054349,1022.0754
1741110054390,1022.0786
1741110054437,1022.07355
1741110054449,1022.0832
1741110054491,1022.0797
1741110054532,1022.0895
1741110054554,1022.09406
1741110054589,1022.0947
1741110054631,1022.0905
1741110054648,1022.08417
1741110054696,1022.094
1741110054733,1022.08606
1741110054750,1022.0864
1741110054788,1022.0804
1741110054828,1022.0731
1741110054850,1022.0767
1741110054892,1022.0768
1741110054930,1022.08563
1741110054956,1022.08704
1741110054988,1022.08545
1741110055034,1022.0881
1741110055056,1022.0919
1741110055090,1022.0842
1741110055131,1022.0802
1741110055150,1022.07776
1741110055202,1022.0834
1741110055227,1022.0833
1741110055249,1022.0819
1741110055288,1022.0836
1741110055332,1022.0807
1741110055350,1022.0758
1741110055392,1022.0811
1741110055432,1022.08484
1741110055449,1022.0803
1741110055491,1022.07214
1741110055527,1022.0759
1741110055549,1022.07043
1741110055593,1022.0756
1741110055628,1022.07935
1741110055649,1022.0815
1741110055688,1022.074
1741110055731,1022.0742
1741110055749,1022.0709
1741110055791,1022.08154
1741110055829,1022.08417
1741110055848,1022.0762
1741110055888,1022.0785
1741110055929,1022.074
1741110055952,1022.07526
1741110055989,1022.07715
1741110056034,1022.07367
1741110056049,1022.08325
1741110056088,1022.08167
1741110056131,1022.06805
1741110056153,1022.0602
1741110056190,1022.0656
1741110056230,1022.0806
1741110056249,1022.07623
1741110056289,1022.07855
1741110056330,1022.0763
1741110056354,1022.0768
1741110056389,1022.0808
1741110056426,1022.0723
1741110056448,1022.07745
1741110056493,1022.0832
1741110056530,1022.0742
1741110056552,1022.06934
1741110056589,1022.0779
1741110056634,1022.0731
1741110056648,1022.072
1741110056690,1022.0777
1741110056728,1022.0834
1741110056749,1022.07715
1741110056786,1022.0781
1741110056829,1022.0767
1741110056849,1022.07556
1741110056890,1022.0807
1741110056929,1022.08545
1741110056948,1022.0785
1741110056997,1022.07733
1741110057026,1022.0769
1741110057046,1022.0747
1741110057100,1022.0711
1741110057129,1022.0694
1741110057149,1022.07666
1741110057189,1022.0705
1741110057232,1022.0743
1741110057253,1022.07855
1741110057288,1022.0739
1741110057326,1022.0714
1741110057348,1022.07544
1741110057388,1022.0689
1741110057431,1022.07776
1741110057450,1022.0657
1741110057489,1022.0694
1741110057526,1022.0769
1741110057546,1022.07715
1741110057590,1022.07556
1741110057628,1022.0783
1741110057649,1022.0814
1741110057688,1022.0849
1741110057731,1022.08167
1741110057750,1022.08136
1741110057787,1022.07294
1741110057827,1022.07104
1741110057851,1022.0739
1741110057886,1022.08057
1741110057934,1022.0731
1741110057950,1022.07153
1741110057987,1022.07947
1741110058041,1022.0804
1741110058047,1022.07587
1741110058087,1022.071
1741110058128,1022.0679
1741110058153,1022.06494
1741110058190,1022.0652
1741110058232,1022.0673
1741110058249,1022.06775
1741110058286,1022.0813
1741110058326,1022.0847
1741110058354,1022.0802
1741110058387,1022.08234
1741110058437,1022.083
1741110058450,1022.07635
1741110058490,1022.08124
1741110058526,1022.0898
1741110058559,1022.08093
1741110058586,1022.0705
1741110058629,1022.06714
1741110058648,1022.0539
1741110058690,1022.0613
1741110058725,1022.0659
1741110058746,1022.0646
1741110058790,1022.06726
1741110058828,1022.06506
1741110058846,1022.0705
1741110058887,1022.06616
1741110058927,1022.0585
1741110058948,1022.0591
1741110058990,1022.0638
1741110059026,1022.0636
1741110059046,1022.0669
1741110059089,1022.0679
1741110059126,1022.0696
1741110059149,1022.0617
1741110059193,1022.0619
1741110059226,1022.06525
1741110059248,1022.06494
1741110059287,1022.06055
1741110059330,1022.0556
1741110059346,1022.0497
1741110059386,1022.05536
1741110059436,1022.0549
1741110059449,1022.06116
1741110059486,1022.0537
1741110059525,1022.04987
1741110059550,1022.05005
1741110059587,1022.0557
1741110059627,1022.0569
1741110059656,1022.05444
1741110059688,1022.05554
1741110059726,1022.05725
1741110059748,1022.0565
1741110059785,1022.05414
1741110059830,1022.05634
1741110059849,1022.05347
1741110059885,1022.0553
1741110059924,1022.05164
1741110059944,1022.0474
1741110059984,1022.05365
1741110060024,1022.05133
1741110060044,1022.0324
1741110060086,1022.04083
1741110060126,1022.0446
1741110060146,1022.0459
1741110060186,1022.04663
1741110060232,1022.04395
1741110060246,1022.0539
1741110060285,1022.0495
1741110060326,1022.05286
1741110060344,1022.0475
1741110060385,1022.04425
1741110060425,1022.0442
1741110060445,1022.04065
1741110060490,1022.0375
1741110060529,1022.0331
1741110060546,1022.0454
1741110060585,1022.0435
1741110060626,1022.04504
1741110060646,1022.04584
1741110060686,1022.04333
1741110060725,1022.0417
1741110060749,1022.0466
1741110060785,1022.0442
1741110060826,1022.04333
1741110060849,1022.0355
1741110060884,1022.0497
1741110060929,1022.04517
1741110060949,1022.0502
1741110060990,1022.0538
1741110061025,1022.0548
1741110061046,1022.0514
1741110061093,1022.04834
1741110061124,1022.04785
1741110061145,1022.04456
1741110061191,1022.05176
1741110061224,1022.0515
1741110061245,1022.0483
1741110061284,1022.0387
1741110061327,1022.03235
1741110061349,1022.0392
1741110061389,1022.03754
1741110061425,1022.0411
1741110061446,1022.04004
1741110061484,1022.0547
1741110061524,1022.05115
1741110061550,1022.0496
1741110061587,1022.03827
1741110061626,1022.0506
1741110061646,1022.0356
1741110061686,1022.0314
1741110061724,1022.0396
1741110061755,1022.03864
1741110061789,1022.03217
1741110061823,1022.0383
1741110061848,1022.04047
1741110061886,1022.0375
1741110061924,1022.03687
1741110061945,1022.0354
1741110061987,1022.0266
1741110062024,1022.0292
1741110062045,1022.0341
1741110062090,1022.0363
1741110062125,1022.03784
1741110062145,1022.0392
1741110062191,1022.0458
1741110062224,1022.03955
1741110062247,1022.03326
1741110062284,1022.0482
1741110062330,1022.04083
1741110062348,1022.04456
1741110062390,1022.0416
1741110062427,1022.03784
1741110062444,1022.044
1741110062484,1022.04
1741110062533,1022.0443
1741110062545,1022.0414
1741110062591,1022.04016
1741110062630,1022.04456
1741110062643,1022.03595
1741110062685,1022.03577
1741110062728,1022.03564
1741110062749,1022.04254
1741110062785,1022.03644
1741110062828,1022.0303
1741110062846,1022.0399
1741110062885,1022.0454
1741110062928,1022.0449
1741110062944,1022.04846
1741110062984,1022.0497
1741110063023,1022.04193
1741110063046,1022.0369
1741110063084,1022.0398
1741110063125,1022.03265
1741110063148,1022.03455
1741110063185,1022.0353
1741110063229,1022.0394
1741110063243,1022.03174
1741110063286,1022.03046
1741110063329,1022.031
1741110063347,1022.0201
1741110063384,1022.0226
1741110063431,1022.0313
1741110063448,1022.03687
1741110063490,1022.0293
1741110063523,1022.0311
1741110063550,1022.04803
1741110063582,1022.04443
1741110063625,1022.04407
1741110063651,1022.04626
1741110063685,1022.0393
1741110063724,1022.03845
1741110063745,1022.04663
1741110063786,1022.05066
1741110063828,1022.0575
1741110063842,1022.0505
1741110063889,1022.04224
1741110063923,1022.04504
1741110063948,1022.0535
1741110063986,1022.04944
1741110064025,1022.0469
1741110064045,1022.0403
1741110064084,1022.0548
1741110064134,1022.05493
1741110064149,1022.0546
1741110064183,1022.03796
1741110064230,1022.0379
1741110064244,1022.03107
1741110064285,1022.035
1741110064329,1022.03174
1741110064343,1022.0397
1741110064385,1022.04224
1741110064426,1022.0469
1741110064446,1022.04333
1741110064485,1022.0498
1741110064522,1022.0479
1741110064543,1022.04376
1741110064590,1022.0357
1741110064624,1022.02966
1741110064644,1022.02844
1741110064684,1022.035
1741110064722,1022.0257
1741110064743,1022.02466
1741110064782,1022.0335
1741110064825,1022.0355
1741110064843,1022.03735
1741110064884,1022.0386
1741110064925,1022.0348
1741110064949,1022.0375
1741110064982,1022.0387
1741110065024,1022.05066
1741110065043,1022.05493
1741110065082,1022.05255
1741110065128,1022.04016
1741110065145,1022.039
1741110065184,1022.02783
1741110065229,1022.0289
1741110065242,1022.0317
1741110065284,1022.0176
1741110065324,1022.01904
1741110065350,1022.03015
1741110065382,1022.02985
1741110065428,1022.0248
1741110065442,1022.02106
1741110065484,1022.0289
1741110065523,1022.0379
1741110065548,1022.04004
1741110065591,1022.04297
1741110065626,1022.0433
1741110065645,1022.0439
1741110065682,1022.0441
1741110065725,1022.0333
1741110065743,1022.02026
1741110065783,1022.032
1741110065828,1022.02765
1741110065843,1022.0358
1741110065884,1022.0359
1741110065923,1022.03613
1741110065941,1022.03564
1741110065992,1022.0358
1741110066025,1022.0349
1741110066043,1022.0405
1741110066092,1022.02374
1741110066129,1022.02515
1741110066163,1022.0303
1741110066182,1022.0242
1741110066221,1022.02936
1741110066261,1022.032
1741110066282,1022.0343
1741110066323,1022.0405
1741110066363,1022.0303
1741110066384,1022.03796
1741110066422,1022.04236
1741110066463,1022.0386
1741110066482,1022.042
1741110066527,1022.05176
1741110066570,1022.0454
1741110066581,1022.04016
1741110066624,1022.0409
1741110066661,1022.04175
1741110066683,1022.03534
1741110066724,1022.0384
1741110066765,1022.0284
1741110066781,1022.0388
1741110066821,1022.0353
1741110066861,1022.0354
1741110066882,1022.0346
1741110066922,1022.03357
1741110066964,1022.03723
1741110066983,1022.0286
1741110067025,1022.0263
1741110067061,1022.037
1741110067082,1022.0279
1741110067123,1022.0333
1741110067160,1022.0367
1741110067182,1022.0391
1741110067228,1022.04694
1741110067261,1022.0469
1741110067283,1022.0471
1741110067323,1022.0458
1741110067361,1022.0368
1741110067382,1022.03345
1741110067421,1022.04004
1741110067461,1022.04175
1741110067486,1022.04626
1741110067521,1022.0474
1741110067565,1022.0408
1741110067583,1022.0403
1741110067625,1022.03595
1741110067668,1022.0329
1741110067680,1022.0302
1741110067722,1022.0275
1741110067760,1022.02905
1741110067781,1022.0343
1741110067831,1022.03754
1741110067861,1022.03076
1741110067882,1022.03503
1741110067923,1022.04553
1741110067964,1022.05286
1741110067981,1022.04877
1741110068023,1022.04913
1741110068061,1022.0529
1741110068081,1022.0429
1741110068150,1022.04724
1741110068160,1022.04663
1741110068181,1022.035
1741110068224,1022.03705
1741110068268,1022.0393
1741110068281,1022.0404
1741110068324,1022.03735
1741110068361,1022.02936
1741110068386,1022.03265
1741110068421,1022.0288
1741110068463,1022.02625
1741110068481,1022.03217
1741110068521,1022.0313
1741110068561,1022.0337
1741110068583,1022.0431
1741110068620,1022.0422
1741110068663,1022.03534
1741110068695,1022.032
1741110068723,1022.039
1741110068764,1022.0355
1741110068788,1022.04443
1741110068821,1022.0394
1741110068861,1022.0424
1741110068884,1022.0376
1741110068926,1022.03845
1741110068961,1022.0344
1741110068985,1022.0317
1741110069019,1022.035
1741110069062,1022.0393
1741110069082,1022.0435
1741110069122,1022.04083
1741110069161,1022.042
1741110069186,1022.0366
1741110069223,1022.03827
1741110069264,1022.0432
1741110069288,1022.03564
1741110069322,1022.02997
1741110069361,1022.03644
1741110069382,1022.0289
1741110069424,1022.025
1741110069461,1022.0214
1741110069486,1022.0287
1741110069520,1022.03186
1741110069560,1022.0324
1741110069580,1022.03796
1741110069624,1022.03784
1741110069660,1022.0404
1741110069681,1022.03955
1741110069728,1022.03375
1741110069763,1022.0311
1741110069789,1022.0327
1741110069820,1022.0404
1741110069862,1022.04816
1741110069879,1022.0366
1741110069922,1022.03345
1741110069960,1022.0292
1741110069980,1022.03064
1741110070021,1022.03107
1741110070063,1022.03076
1741110070080,1022.02454
1741110070120,1022.02423
1741110070160,1022.0302
1741110070179,1022.0312
1741110070222,1022.0393
1741110070265,1022.0403
1741110070279,1022.03613
1741110070320,1022.0445
1741110070363,1022.04694
1741110070381,1022.04913
1741110070420,1022.04767
1741110070459,1022.05164
1741110070482,1022.0425
1741110070521,1022.0424
1741110070562,1022.0491
1741110070582,1022.04364
1741110070623,1022.0406
1741110070659,1022.04114
1741110070683,1022.0455
1741110070723,1022.0585
1741110070759,1022.0524
1741110070784,1022.0507
1741110070822,1022.0376
1741110070861,1022.0423
1741110070881,1022.03406
1741110070923,1022.0307
1741110070961,1022.0288
1741110070980,1022.0217
1741110071018,1022.01385
1741110071090,1022.0113
1741110071090,1022.01904
1741110071120,1022.01465
1741110071161,1022.0098
1741110071180,1022.0066
1741110071220,1022.0152
1741110071260,1022.0165
1741110071283,1022.0244
1741110071321,1022.02466
1741110071360,1022.0254
1741110071379,1022.0365
1741110071422,1022.0435
1741110071461,1022.04724
1741110071483,1022.0498
1741110071520,1022.0524
1741110071561,1022.0532
1741110071588,1022.0588
1741110071619,1022.06757
1741110071659,1022.07495
1741110071679,1022.07855
1741110071727,1022.08344
1741110071761,1022.0911
1741110071782,1022.0864
1741110071823,1022.0869
1741110071862,1022.0906
1741110071892,1022.09375
1741110071918,1022.0864
1741110071959,1022.08704
1741110071980,1022.0878
1741110072025,1022.08704
1741110072063,1022.0884
1741110072082,1022.1001
1741110072123,1022.1081
1741110072159,1022.10895
1741110072180,1022.1079
1741110072220,1022.10767
1741110072259,1022.0968
1741110072280,1022.098
1741110072326,1022.1051
1741110072361,1022.1056
1741110072381,1022.1122
1741110072422,1022.11127
1741110072471,1022.1084
1741110072484,1022.1073
1741110072522,1022.10187
1741110072560,1022.10223
1741110072579,1022.1129
1741110072620,1022.1191
1741110072665,1022.1101
1741110072680,1022.11475
1741110072718,1022.1061
1741110072760,1022.1029
1741110072779,1022.113
1741110072820,1022.1156
1741110072861,1022.1205
1741110072888,1022.1211
1741110072919,1022.11993
1741110072963,1022.12396
1741110072982,1022.1272
1741110073024,1022.1377
1741110073058,1022.1409
1741110073081,1022.12994
1741110073121,1022.13354
1741110073162,1022.1316
1741110073180,1022.1211
1741110073220,1022.12305
1741110073260,1022.1213
1741110073279,1022.1099
1741110073322,1022.10596
1741110073357,1022.1002
1741110073380,1022.11035
1741110073419,1022.1134
1741110073461,1022.114
1741110073479,1022.10925
1741110073522,1022.11395
1741110073558,1022.1207
1741110073578,1022.11426
1741110073619,1022.1202
1741110073658,1022.1229
1741110073679,1022.1144
1741110073720,1022.10803
1741110073760,1022.1098
1741110073781,1022.10803
1741110073819,1022.10895
1741110073861,1022.1154
1741110073883,1022.12274
1741110073918,1022.1165
1741110073961,1022.1128
1741110073979,1022.1152
1741110074017,1022.11646
1741110074057,1022.11127
1741110074079,1022.1128
1741110074130,1022.111
1741110074158,1022.1069
1741110074179,1022.10547
1741110074220,1022.09454
1741110074258,1022.09937
1741110074281,1022.1025
1741110074318,1022.1035
1741110074358,1022.10266
1741110074382,1022.11115
1741110074418,1022.10675
1741110074459,1022.101
1741110074482,1022.0959
1741110074519,1022.0953
1741110074560,1022.1034
1741110074579,1022.10126
1741110074620,1022.1051
1741110074671,1022.1078
1741110074678,1022.1018
1741110074717,1022.1
1741110074760,1022.09094
1741110074779,1022.08386
1741110074819,1022.08606
1741110074859,1022.09204
1741110074877,1022.0935
1741110074916,1022.0889
1741110074959,1022.0798
1741110074977,1022.0813
1741110075026,1022.09143
1741110075071,1022.1007
1741110075077,1022.0987
1741110075119,1022.08704
1741110075157,1022.0806
1741110075177,1022.08124
1741110075222,1022.0788
1741110075258,1022.0851
1741110075278,1022.0898
1741110075321,1022.08105
1741110075358,1022.08636
1741110075381,1022.07837
1741110075420,1022.0817
1741110075458,1022.0851
1741110075478,1022.0753
1741110075516,1022.0759
1741110075562,1022.06824
1741110075577,1022.0582
1741110075620,1022.06177
1741110075657,1022.059
1741110075677,1022.0471
1741110075718,1022.04755
1741110075759,1022.0542
1741110075783,1022.06165
1741110075816,1022.0642
1741110075858,1022.05035
1741110075881,1022.05035
1741110075920,1022.05896
1741110075957,1022.07776
1741110075976,1022.06805
1741110076015,1022.05536
1741110076055,1022.0669
1741110076075,1022.0666
1741110076116,1022.05865
1741110076156,1022.0491
1741110076176,1022.048
1741110076218,1022.0327
1741110076263,1022.02893
1741110076278,1022.034
1741110076320,1022.021
1741110076356,1022.05585
1741110076378,1022.0352
1741110076415,1022.01337
1741110076456,1022.0064
1741110076475,1021.996
1741110076524,1021.9973
1741110076558,1021.98816
1741110076575,1021.972
1741110076615,1021.976
1741110076655,1021.9938
1741110076675,1021.9927
1741110076718,1021.9922
1741110076761,1021.96967
1741110076779,1021.94965
1741110076820,1021.9589
1741110076857,1021.9613
1741110076882,1021.9545
1741110076915,1021.9636
1741110076955,1021.9902
1741110076975,1021.98
1741110077020,1021.9636
1741110077055,1021.96515
1741110077075,1021.96655
1741110077118,1021.9797
1741110077156,1021.97955
1741110077175,1021.95776
1741110077234,1021.95703
1741110077255,1021.96875
1741110077275,1021.9656
1741110077322,1021.96655
1741110077365,1021.9768
1741110077374,1021.9807
1741110077425,1021.9917
1741110077467,1021.98596
1741110077476,1021.9807
1741110077536,1021.967
1741110077564,1021.9505
1741110077574,1021.95013
1741110077617,1021.9476
1741110077654,1021.9444
1741110077674,1021.95746
1741110077716,1021.95667
1741110077754,1021.95355
1741110077774,1021.94604
1741110077814,1021.9569
1741110077856,1021.97314
1741110077874,1021.9609
1741110077915,1021.9634
1741110077954,1021.96075
1741110077974,1021.9523
1741110078014,1021.95996
1741110078054,1021.95483
1741110078074,1021.94995
1741110078114,1021.94275
1741110078154,1021.94385
1741110078174,1021.9555
1741110078215,1021.95416
1741110078254,1021.9473
1741110078274,1021.9452
1741110078314,1021.93353
1741110078353,1021.93085
1741110078374,1021.91113
1741110078415,1021.9228
1741110078454,1021.93164
1741110078473,1021.9256
1741110078514,1021.9276
1741110078553,1021.9321
1741110078574,1021.9439
1741110078614,1021.94
1741110078654,1021.9378
1741110078673,1021.9257
1741110078742,1021.9153
1741110078793,1021.9124
1741110078793,1021.92334
1741110078814,1021.9241
1741110078854,1021.9256
1741110078874,1021.9341
1741110078917,1021.9232
1741110078954,1021.91455
1741110078973,1021.9249
1741110079014,1021.91675
1741110079053,1021.92224
1741110079073,1021.929
1741110079114,1021.92725
1741110079153,1021.9137
1741110079176,1021.90607
1741110079215,1021.91425
1741110079256,1021.908
1741110079273,1021.9105
1741110079313,1021.90607
1741110079353,1021.90814
1741110079373,1021.9116
1741110079413,1021.91516
1741110079458,1021.90875
1741110079473,1021.91864
1741110079513,1021.9251
1741110079553,1021.9358
