1741112875457,1020.81274
1741112875477,1020.59424
1741112875516,1020.51385
1741112875536,1020.4783
1741112875577,1020.4541
1741112875616,1020.4339
1741112875658,1020.4265
1741112875676,1020.426
1741112875717,1020.426
1741112875757,1020.4165
1741112875777,1020.41113
1741112875821,1020.4139
1741112875860,1020.4192
1741112875878,1020.4171
1741112875934,1020.4204
1741112875957,1020.42114
1741112875976,1020.41846
1741112876017,1020.42413
1741112876058,1020.41846
1741112876078,1020.41943
1741112876118,1020.4158
1741112876157,1020.41943
1741112876177,1020.4168
1741112876221,1020.41223
1741112876258,1020.41223
1741112876278,1020.4222
1741112876319,1020.416
1741112876359,1020.4094
1741112876383,1020.4268
1741112876417,1020.4197
1741112876456,1020.4177
1741112876477,1020.421
1741112876516,1020.4281
1741112876558,1020.4302
1741112876581,1020.4342
1741112876618,1020.4304
1741112876657,1020.4251
1741112876681,1020.428
1741112876718,1020.4254
1741112876757,1020.4237
1741112876777,1020.4287
1741112876817,1020.4276
1741112876858,1020.435
1741112876877,1020.4276
1741112876920,1020.4258
1741112876957,1020.42285
1741112876978,1020.4178
1741112877022,1020.4197
1741112877057,1020.4165
1741112877077,1020.4154
1741112877116,1020.4082
1741112877156,1020.4127
1741112877177,1020.426
1741112877216,1020.4288
1741112877259,1020.43066
1741112877279,1020.42676
1741112877317,1020.4181
1741112877357,1020.41583
1741112877419,1020.41626
1741112877425,1020.4138
1741112877456,1020.4131
1741112877481,1020.4128
1741112877517,1020.4132
1741112877557,1020.4162
1741112877578,1020.4145
1741112877616,1020.4109
1741112877657,1020.4155
1741112877676,1020.41077
1741112877715,1020.4117
1741112877756,1020.41974
1741112877778,1020.4188
1741112877817,1020.41974
1741112877857,1020.4289
1741112877879,1020.428
1741112877918,1020.41797
1741112877955,1020.4189
1741112877975,1020.41455
1741112878018,1020.413
1741112878056,1020.4126
1741112878077,1020.4121
1741112878116,1020.4131
1741112878158,1020.4174
1741112878178,1020.41266
1741112878217,1020.40857
1741112878256,1020.40717
1741112878276,1020.4133
1741112878318,1020.4198
1741112878358,1020.4183
1741112878376,1020.421
1741112878418,1020.41797
1741112878456,1020.4111
1741112878477,1020.40515
1741112878515,1020.4005
1741112878557,1020.4057
1741112878577,1020.41266
1741112878617,1020.4081
1741112878655,1020.40454
1741112878676,1020.40125
1741112878720,1020.4027
1741112878758,1020.4026
1741112878777,1020.39496
1741112878816,1020.4046
1741112878859,1020.4
1741112878875,1020.3878
1741112878919,1020.38165
1741112878955,1020.3923
1741112878975,1020.4063
1741112879015,1020.412
1741112879057,1020.4092
1741112879077,1020.40796
1741112879117,1020.40857
1741112879156,1020.4109
1741112879179,1020.4094
1741112879216,1020.4087
1741112879258,1020.41125
1741112879277,1020.4077
1741112879318,1020.4043
1741112879357,1020.4027
1741112879377,1020.39154
1741112879421,1020.38684
1741112879461,1020.3865
1741112879474,1020.3898
1741112879515,1020.39557
1741112879556,1020.3931
1741112879576,1020.39056
1741112879617,1020.3908
1741112879657,1020.37714
1741112879678,1020.39325
1741112879715,1020.3948
1741112879757,1020.3892
1741112879778,1020.3966
1741112879817,1020.3961
1741112879857,1020.39197
1741112879876,1020.39233
1741112879915,1020.3962
1741112879956,1020.4047
1741112879975,1020.40424
1741112880029,1020.40814
1741112880054,1020.41345
1741112880074,1020.4061
1741112880115,1020.4123
1741112880157,1020.41815
1741112880176,1020.40826
1741112880219,1020.40686
1741112880257,1020.3957
1741112880277,1020.4015
1741112880320,1020.41077
1741112880354,1020.4132
1741112880375,1020.4093
1741112880415,1020.40796
1741112880459,1020.4074
1741112880476,1020.40985
1741112880516,1020.40894
1741112880555,1020.4044
1741112880576,1020.4053
1741112880615,1020.4073
1741112880656,1020.4003
1741112880678,1020.4038
1741112880716,1020.40985
1741112880755,1020.4088
1741112880774,1020.40765
1741112880815,1020.40375
1741112880856,1020.4088
1741112880875,1020.413
1741112880915,1020.40625
1741112880958,1020.40173
1741112880974,1020.40656
1741112881014,1020.4007
1741112881055,1020.404
1741112881075,1020.4095
1741112881119,1020.399
1741112881158,1020.3997
1741112881175,1020.412
1741112881215,1020.4062
1741112881255,1020.41016
1741112881278,1020.3915
1741112881317,1020.39264
1741112881355,1020.39734
1741112881376,1020.39856
1741112881419,1020.40356
1741112881454,1020.4019
1741112881474,1020.4092
1741112881515,1020.4009
1741112881558,1020.3998
1741112881574,1020.39374
1741112881614,1020.39935
1741112881657,1020.3916
1741112881675,1020.39496
1741112881718,1020.3911
1741112881758,1020.39087
1741112881774,1020.3976
1741112881815,1020.4021
1741112881857,1020.40533
1741112881874,1020.40027
1741112881914,1020.40283
1741112881954,1020.4066
1741112881973,1020.40674
1741112882023,1020.41675
1741112882053,1020.4129
1741112882076,1020.42145
1741112882117,1020.4155
1741112882154,1020.40607
1741112882177,1020.4091
1741112882216,1020.412
1741112882255,1020.4195
1741112882275,1020.4044
1741112882316,1020.4029
1741112882357,1020.40765
1741112882374,1020.4044
1741112882416,1020.40955
1741112882453,1020.40765
1741112882473,1020.41003
1741112882515,1020.40656
1741112882557,1020.40173
1741112882576,1020.40533
1741112882618,1020.4102
1741112882655,1020.4131
1741112882673,1020.4033
1741112882714,1020.40515
1741112882755,1020.40436
1741112882773,1020.4044
1741112882814,1020.4073
1741112882854,1020.40314
1741112882875,1020.40466
1741112882915,1020.4153
1741112882954,1020.41174
1741112882973,1020.4135
1741112883013,1020.41205
1741112883055,1020.402
1741112883076,1020.4126
1741112883114,1020.41565
1741112883156,1020.41833
1741112883178,1020.4269
1741112883216,1020.4331
1741112883254,1020.4219
1741112883274,1020.4196
1741112883314,1020.41473
1741112883354,1020.40985
1741112883373,1020.4122
1741112883415,1020.41626
1741112883454,1020.41565
1741112883473,1020.42535
1741112883514,1020.4207
1741112883554,1020.42
1741112883574,1020.41943
1741112883614,1020.43225
1741112883655,1020.436
1741112883673,1020.4291
1741112883716,1020.42773
1741112883753,1020.44037
1741112883775,1020.4315
1741112883814,1020.4364
1741112883854,1020.4387
1741112883875,1020.44604
1741112883916,1020.44446
1741112883952,1020.44806
1741112883972,1020.4535
1741112884012,1020.4564
1741112884053,1020.465
1741112884074,1020.4668
1741112884114,1020.46216
1741112884155,1020.4668
1741112884174,1020.4778
1741112884213,1020.4707
1741112884253,1020.4782
1741112884278,1020.47705
1741112884314,1020.47864
1741112884354,1020.47424
1741112884375,1020.4849
1741112884413,1020.4878
1741112884452,1020.4932
1741112884473,1020.5005
1741112884512,1020.5033
1741112884553,1020.51196
1741112884574,1020.5111
1741112884614,1020.5078
1741112884654,1020.5105
1741112884676,1020.50037
1741112884719,1020.50366
1741112884753,1020.5046
1741112884774,1020.5103
1741112884814,1020.51807
1741112884852,1020.5172
1741112884874,1020.51624
1741112884914,1020.5238
1741112884952,1020.5306
1741112884974,1020.53265
1741112885013,1020.54517
1741112885053,1020.55115
1741112885072,1020.54297
1741112885120,1020.54193
1741112885153,1020.54474
1741112885179,1020.5429
1741112885212,1020.5403
1741112885254,1020.5408
1741112885276,1020.5475
1741112885315,1020.5593
1741112885352,1020.5623
1741112885372,1020.5613
1741112885415,1020.57495
1741112885451,1020.5814
1741112885471,1020.58307
1741112885513,1020.5869
1741112885555,1020.5912
1741112885574,1020.5999
1741112885613,1020.59094
1741112885653,1020.58167
1741112885674,1020.58264
1741112885716,1020.5775
1741112885753,1020.5824
1741112885775,1020.5961
1741112885814,1020.5995
1741112885853,1020.5985
1741112885873,1020.598
1741112885914,1020.5981
1741112885952,1020.60803
1741112885972,1020.61884
1741112886015,1020.61487
1741112886053,1020.6153
1741112886072,1020.62244
1741112886114,1020.6206
1741112886154,1020.6096
1741112886174,1020.6233
1741112886216,1020.63055
1741112886254,1020.6409
1741112886273,1020.6498
1741112886312,1020.6472
1741112886355,1020.6483
1741112886372,1020.642
1741112886413,1020.6489
1741112886452,1020.65826
1741112886471,1020.6575
1741112886512,1020.6631
1741112886557,1020.65924
1741112886572,1020.6629
1741112886612,1020.66895
1741112886653,1020.6753
1741112886673,1020.6794
1741112886713,1020.6854
1741112886754,1020.6935
1741112886778,1020.68866
1741112886813,1020.6926
1741112886854,1020.699
1741112886873,1020.71515
1741112886911,1020.7154
1741112886956,1020.71295
1741112886970,1020.7092
1741112887011,1020.7069
1741112887051,1020.70984
1741112887072,1020.72015
1741112887113,1020.72577
1741112887153,1020.7291
1741112887172,1020.7294
1741112887212,1020.7307
1741112887257,1020.73114
1741112887273,1020.7251
1741112887311,1020.74207
1741112887354,1020.7415
1741112887372,1020.73694
1741112887412,1020.7437
1741112887453,1020.7421
1741112887473,1020.7433
1741112887511,1020.7527
1741112887552,1020.75726
1741112887571,1020.75055
1741112887612,1020.7604
1741112887653,1020.7497
1741112887673,1020.7508
1741112887714,1020.75385
1741112887751,1020.7554
1741112887771,1020.76636
1741112887810,1020.7665
1741112887851,1020.76385
1741112887870,1020.7698
1741112887912,1020.76465
1741112887952,1020.7685
1741112887971,1020.7785
1741112888010,1020.77435
1741112888051,1020.77026
1741112888075,1020.77277
1741112888110,1020.78033
1741112888150,1020.78613
1741112888174,1020.7699
1741112888212,1020.76855
1741112888251,1020.77893
1741112888271,1020.7771
1741112888311,1020.77655
1741112888352,1020.7764
1741112888369,1020.76953
1741112888411,1020.7717
1741112888452,1020.7737
1741112888470,1020.7737
1741112888510,1020.7757
1741112888552,1020.78046
1741112888571,1020.7742
1741112888612,1020.76733
1741112888650,1020.7644
1741112888671,1020.7698
1741112888712,1020.774
1741112888757,1020.7788
1741112888769,1020.7824
1741112888814,1020.78894
1741112888851,1020.7915
1741112888871,1020.7897
1741112888912,1020.7873
1741112888953,1020.78467
1741112888971,1020.7836
1741112889010,1020.79126
1741112889049,1020.7914
1741112889070,1020.79584
1741112889113,1020.7884
1741112889155,1020.79236
1741112889172,1020.79004
1741112889212,1020.78204
1741112889249,1020.78265
1741112889272,1020.78253
1741112889309,1020.77997
1741112889351,1020.776
1741112889370,1020.78143
1741112889412,1020.7779
1741112889456,1020.7784
1741112889470,1020.78
1741112889510,1020.7796
1741112889556,1020.7769
1741112889571,1020.7819
1741112889612,1020.7908
1741112889650,1020.787
1741112889674,1020.77747
1741112889715,1020.7717
1741112889754,1020.76697
1741112889770,1020.7749
1741112889812,1020.7754
1741112889851,1020.78174
1741112889870,1020.77954
1741112889913,1020.77625
1741112889952,1020.7754
1741112889972,1020.7807
1741112890009,1020.77765
1741112890054,1020.7742
1741112890070,1020.7756
1741112890110,1020.78015
1741112890149,1020.7851
1741112890171,1020.7836
1741112890214,1020.77966
1741112890253,1020.7831
1741112890274,1020.782
1741112890312,1020.7798
1741112890361,1020.7812
1741112890369,1020.7743
1741112890409,1020.7807
1741112890451,1020.78485
1741112890472,1020.7792
1741112890508,1020.77606
1741112890549,1020.78235
1741112890570,1020.7844
1741112890610,1020.7782
1741112890652,1020.7776
1741112890674,1020.7822
1741112890712,1020.7766
1741112890750,1020.78326
1741112890770,1020.7881
1741112890809,1020.78735
1741112890852,1020.78284
1741112890872,1020.7772
1741112890911,1020.7842
1741112890966,1020.7902
1741112890972,1020.7913
1741112891008,1020.78796
1741112891058,1020.7776
1741112891069,1020.77563
1741112891109,1020.7744
1741112891151,1020.7761
1741112891173,1020.771
1741112891208,1020.7799
1741112891251,1020.7815
1741112891269,1020.78516
1741112891310,1020.78394
1741112891349,1020.78235
1741112891369,1020.78455
1741112891410,1020.77893
1741112891450,1020.773
1741112891469,1020.77515
1741112891510,1020.7735
1741112891549,1020.77576
1741112891572,1020.7802
1741112891608,1020.7881
1741112891649,1020.78796
1741112891670,1020.78406
1741112891711,1020.7829
1741112891751,1020.7779
1741112891770,1020.782
1741112891810,1020.77374
1741112891851,1020.77466
1741112891870,1020.7735
1741112891911,1020.77277
1741112891954,1020.788
1741112891968,1020.7887
1741112892008,1020.7884
1741112892052,1020.7909
1741112892070,1020.79205
1741112892110,1020.7824
1741112892149,1020.7837
1741112892171,1020.7735
1741112892210,1020.77295
1741112892251,1020.7722
1741112892268,1020.76697
1741112892312,1020.7632
1741112892349,1020.76324
1741112892370,1020.7717
1741112892410,1020.772
1741112892452,1020.78516
1741112892474,1020.7829
1741112892507,1020.7802
1741112892551,1020.7677
1741112892568,1020.77826
1741112892611,1020.7824
1741112892650,1020.7841
1741112892671,1020.78986
1741112892711,1020.7958
1741112892748,1020.80835
1741112892769,1020.80475
1741112892808,1020.7995
1741112892848,1020.80237
1741112892868,1020.79895
1741112892907,1020.7943
1741112892950,1020.79364
1741112892969,1020.8042
1741112893009,1020.7987
1741112893049,1020.799
1741112893068,1020.8036
1741112893108,1020.7948
1741112893148,1020.806
1741112893169,1020.8123
1741112893208,1020.8168
1741112893251,1020.8182
1741112893269,1020.8234
1741112893310,1020.8186
1741112893349,1020.8146
1741112893370,1020.8122
1741112893409,1020.8036
1741112893450,1020.8017
1741112893473,1020.7999
1741112893507,1020.8048
1741112893547,1020.808
1741112893568,1020.8031
1741112893608,1020.8058
1741112893648,1020.7958
1741112893668,1020.80054
1741112893708,1020.80206
1741112893750,1020.80365
1741112893767,1020.8092
1741112893808,1020.80963
1741112893849,1020.8091
1741112893872,1020.81104
1741112893910,1020.806
1741112893951,1020.8047
1741112893970,1020.8069
1741112894007,1020.8032
1741112894047,1020.79803
1741112894071,1020.8019
1741112894107,1020.8015
1741112894149,1020.80536
1741112894172,1020.8028
1741112894210,1020.80505
1741112894248,1020.80725
1741112894268,1020.81244
1741112894307,1020.813
1741112894348,1020.8148
1741112894367,1020.80975
1741112894407,1020.8081
1741112894450,1020.80707
1741112894474,1020.8092
1741112894507,1020.80566
1741112894546,1020.8011
1741112894567,1020.8055
1741112894608,1020.8054
1741112894651,1020.79675
1741112894670,1020.7949
1741112894706,1020.8036
1741112894747,1020.80023
1741112894767,1020.80536
1741112894810,1020.806
1741112894849,1020.8075
1741112894867,1020.8037
1741112894908,1020.7999
1741112894947,1020.81006
1741112894967,1020.8099
1741112895006,1020.81287
1741112895046,1020.808
1741112895066,1020.8086
1741112895107,1020.80237
1741112895148,1020.8041
1741112895167,1020.80566
1741112895208,1020.80634
1741112895251,1020.80115
1741112895267,1020.7955
1741112895307,1020.80963
1741112895349,1020.80994
1741112895366,1020.81635
1741112895407,1020.8152
1741112895449,1020.81213
1741112895466,1020.80896
1741112895506,1020.8087
1741112895546,1020.8011
1741112895567,1020.8105
1741112895606,1020.81714
1741112895647,1020.8209
1741112895666,1020.8158
1741112895708,1020.8055
1741112895747,1020.8099
1741112895767,1020.8031
1741112895806,1020.8036
1741112895846,1020.8004
1741112895866,1020.80646
1741112895906,1020.8155
1741112895945,1020.81714
1741112895968,1020.8246
1741112896005,1020.82355
1741112896046,1020.81995
1741112896067,1020.8171
1741112896105,1020.806
1741112896146,1020.7932
1741112896168,1020.8096
1741112896208,1020.8119
1741112896248,1020.8213
1741112896268,1020.8184
1741112896308,1020.8064
1741112896346,1020.80914
1741112896367,1020.8042
1741112896406,1020.81366
1741112896446,1020.8179
1741112896465,1020.82007
1741112896506,1020.8119
1741112896547,1020.8153
1741112896568,1020.8076
1741112896606,1020.8065
1741112896647,1020.81525
1741112896666,1020.8169
1741112896706,1020.8202
1741112896746,1020.81995
1741112896767,1020.8115
1741112896806,1020.81366
1741112896847,1020.8184
1741112896867,1020.8245
1741112896906,1020.8228
1741112896947,1020.81226
1741112896966,1020.8159
1741112897006,1020.8137
1741112897045,1020.8102
1741112897066,1020.81396
1741112897105,1020.8259
1741112897147,1020.8259
1741112897167,1020.81635
1741112897206,1020.81604
1741112897247,1020.81793
1741112897266,1020.8264
1741112897304,1020.8252
1741112897345,1020.82745
1741112897387,1020.82007
1741112897411,1020.8097
1741112897449,1020.80865
1741112897466,1020.8001
1741112897505,1020.80225
1741112897544,1020.81036
1741112897586,1020.81055
1741112897606,1020.80975
1741112897649,1020.8098
1741112897687,1020.82007
1741112897705,1020.8156
1741112897745,1020.8149
1741112897767,1020.8239
1741112897806,1020.8227
1741112897847,1020.8195
1741112897886,1020.80273
1741112897905,1020.8062
1741112897947,1020.79865
1741112897989,1020.80273
1741112898004,1020.7991
1741112898045,1020.7986
1741112898065,1020.8032
1741112898106,1020.8082
1741112898146,1020.7997
1741112898186,1020.80444
1741112898206,1020.8122
1741112898246,1020.81213
1741112898287,1020.8127
1741112898306,1020.8118
1741112898346,1020.81177
1741112898387,1020.81445
1741112898407,1020.81104
1741112898447,1020.81226
1741112898491,1020.8179
1741112898511,1020.81744
1741112898544,1020.8135
1741112898584,1020.8115
1741112898605,1020.8098
1741112898649,1020.7997
1741112898686,1020.8025
1741112898706,1020.80786
1741112898748,1020.80554
1741112898785,1020.8008
1741112898807,1020.8005
1741112898845,1020.80457
1741112898887,1020.80133
1741112898910,1020.8114
1741112898946,1020.8171
1741112898989,1020.82904
1741112899006,1020.8168
1741112899044,1020.81555
1741112899087,1020.814
1741112899105,1020.81396
1741112899147,1020.8088
1741112899186,1020.8103
1741112899210,1020.8083
1741112899246,1020.8147
1741112899286,1020.8146
1741112899305,1020.8155
1741112899345,1020.8128
1741112899387,1020.8064
1741112899404,1020.8025
1741112899444,1020.80597
1741112899488,1020.81995
1741112899505,1020.8147
1741112899545,1020.8082
1741112899591,1020.80634
1741112899605,1020.80194
1741112899646,1020.81195
1741112899686,1020.80676
1741112899704,1020.8086
1741112899746,1020.8098
1741112899787,1020.81116
1741112899805,1020.80676
1741112899846,1020.8059
1741112899868,1020.8069
1741112899904,1020.81616
1741112899945,1020.81744
1741112899995,1020.80634
1741112900006,1020.79395
1741112900044,1020.7934
1741112900088,1020.79224
1741112900105,1020.8009
1741112900147,1020.8025
1741112900184,1020.8042
1741112900206,1020.80066
1741112900244,1020.80426
1741112900288,1020.8046
1741112900305,1020.80286
1741112900345,1020.7988
1741112900387,1020.79785
1741112900405,1020.80414
1741112900445,1020.80597
1741112900486,1020.8093
1741112900505,1020.80347
1741112900544,1020.80005
1741112900585,1020.8029
1741112900604,1020.8086
1741112900643,1020.807
1741112900685,1020.8131
1741112900705,1020.82025
1741112900745,1020.80554
1741112900785,1020.80115
1741112900806,1020.81177
1741112900845,1020.813
1741112900886,1020.81305
1741112900904,1020.8125
1741112900947,1020.8104
1741112900993,1020.80994
1741112901005,1020.8137
1741112901044,1020.80164
1741112901087,1020.80963
1741112901104,1020.80255
1741112901145,1020.79663
1741112901184,1020.8002
1741112901204,1020.8043
1741112901244,1020.8096
1741112901285,1020.8073
1741112901309,1020.81055
1741112901345,1020.8108
1741112901385,1020.80524
1741112901405,1020.80505
1741112901445,1020.801
1741112901483,1020.79785
1741112901503,1020.8091
1741112901543,1020.8095
1741112901584,1020.8052
1741112901608,1020.8096
1741112901645,1020.8118
1741112901684,1020.8068
1741112901704,1020.8075
1741112901746,1020.81085
1741112901788,1020.81256
1741112901804,1020.81836
1741112901846,1020.81506
1741112901885,1020.81134
1741112901903,1020.81116
1741112901945,1020.8081
1741112901982,1020.8112
1741112902003,1020.80835
1741112902043,1020.80817
1741112902083,1020.80505
1741112902103,1020.8161
1741112902145,1020.813
1741112902184,1020.81116
1741112902206,1020.8097
1741112902244,1020.8043
1741112902284,1020.8023
1741112902303,1020.80304
1741112902345,1020.8036
1741112902383,1020.8149
1741112902405,1020.81744
1741112902446,1020.8151
1741112902483,1020.822
1741112902502,1020.8078
1741112902543,1020.8096
1741112902584,1020.813
1741112902603,1020.8198
1741112902644,1020.8122
1741112902683,1020.81067
1741112902703,1020.8198
1741112902744,1020.81335
1741112902784,1020.7987
1741112902803,1020.8016
1741112902844,1020.8026
1741112902883,1020.81165
1741112902904,1020.81226
1741112902943,1020.81445
1741112902984,1020.8126
1741112903001,1020.8013
1741112903041,1020.81213
1741112903085,1020.8096
1741112903104,1020.80347
1741112903144,1020.79333
1741112903185,1020.8042
1741112903203,1020.8048
1741112903244,1020.80817
1741112903285,1020.79694
1741112903303,1020.80194
1741112903344,1020.80457
1741112903384,1020.80383
1741112903405,1020.8038
1741112903444,1020.8145
1741112903485,1020.8178
1741112903506,1020.82166
1741112903542,1020.8212
1741112903583,1020.8183
1741112903603,1020.8158
1741112903645,1020.8168
1741112903684,1020.8136
1741112903704,1020.81976
1741112903745,1020.8203
1741112903786,1020.8149
1741112903802,1020.80884
1741112903844,1020.7996
1741112903886,1020.79926
1741112903905,1020.7939
1741112903945,1020.805
1741112903983,1020.81494
1741112904004,1020.81384
1741112904042,1020.8151
1741112904082,1020.81177
1741112904102,1020.81506
1741112904143,1020.81537
1741112904182,1020.81775
1741112904202,1020.81726
1741112904245,1020.82153
1741112904284,1020.8169
1741112904305,1020.80743
1741112904346,1020.80475
1741112904384,1020.81134
1741112904405,1020.81226
1741112904443,1020.8092
1741112904483,1020.8008
1741112904504,1020.81
1741112904541,1020.8075
1741112904583,1020.8123
1741112904603,1020.81354
1741112904644,1020.816
1741112904682,1020.8248
1741112904702,1020.8325
1741112904742,1020.815
1741112904792,1020.8092
1741112904802,1020.8091
1741112904844,1020.8153
1741112904885,1020.8126
1741112904903,1020.8146
1741112904944,1020.81067
1741112904990,1020.8045
1741112905006,1020.8082
1741112905041,1020.80396
1741112905082,1020.7966
1741112905101,1020.8009
1741112905143,1020.7998
1741112905184,1020.79785
1741112905206,1020.80115
1741112905242,1020.8013
1741112905283,1020.8019
1741112905301,1020.80597
1741112905343,1020.8093
1741112905384,1020.81116
1741112905401,1020.8066
1741112905443,1020.8097
1741112905485,1020.80493
1741112905502,1020.7987
1741112905543,1020.7997
1741112905584,1020.8063
1741112905600,1020.79895
1741112905642,1020.7961
1741112905683,1020.7957
1741112905702,1020.80273
1741112905743,1020.8069
1741112905781,1020.8103
1741112905802,1020.80756
1741112905843,1020.81036
1741112905882,1020.80853
1741112905904,1020.8072
1741112905942,1020.8054
1741112905982,1020.81354
1741112906001,1020.8157
1741112906040,1020.81995
1741112906082,1020.8119
1741112906101,1020.8049
1741112906142,1020.8059
1741112906182,1020.79706
1741112906204,1020.80115
1741112906240,1020.81494
1741112906283,1020.81445
1741112906303,1020.8147
1741112906343,1020.80817
1741112906383,1020.8102
1741112906401,1020.8077
1741112906441,1020.801
1741112906489,1020.79596
1741112906502,1020.80005
1741112906539,1020.79596
1741112906584,1020.8026
1741112906602,1020.7942
1741112906643,1020.79913
1741112906685,1020.7931
1741112906705,1020.7885
1741112906742,1020.7966
1741112906781,1020.8058
1741112906803,1020.81494
1741112906841,1020.8205
1741112906880,1020.8093
1741112906902,1020.8163
1741112906943,1020.8176
1741112906983,1020.8165
1741112907002,1020.81744
1741112907041,1020.8075
1741112907084,1020.80475
1741112907100,1020.80664
1741112907140,1020.8085
1741112907185,1020.81024
1741112907203,1020.81445
1741112907242,1020.80963
1741112907282,1020.8086
1741112907303,1020.8072
1741112907343,1020.8064
1741112907381,1020.81506
1741112907400,1020.8065
1741112907440,1020.7932
1741112907487,1020.79596
1741112907503,1020.8046
1741112907541,1020.81006
1741112907581,1020.8148
1741112907601,1020.81274
1741112907641,1020.8087
1741112907682,1020.8092
1741112907701,1020.8149
1741112907740,1020.8211
1741112907781,1020.82227
1741112907802,1020.8176
1741112907844,1020.8166
1741112907880,1020.81433
1741112907901,1020.8267
1741112907942,1020.8203
1741112907979,1020.82153
1741112908002,1020.82874
1741112908038,1020.8253
1741112908079,1020.8147
1741112908110,1020.80743
1741112908139,1020.8092
1741112908184,1020.80786
1741112908204,1020.8034
1741112908240,1020.79443
1741112908281,1020.8022
1741112908302,1020.8046
1741112908341,1020.80676
1741112908379,1020.8086
1741112908399,1020.80756
1741112908443,1020.81274
1741112908481,1020.80774
1741112908502,1020.814
1741112908538,1020.8103
1741112908579,1020.8033
1741112908603,1020.8039
1741112908639,1020.80566
1741112908684,1020.802
1741112908702,1020.8067
1741112908740,1020.8067
1741112908781,1020.80566
1741112908799,1020.8141
1741112908841,1020.8226
1741112908879,1020.81696
1741112908902,1020.8129
1741112908940,1020.81616
1741112908979,1020.811
1741112909007,1020.8137
1741112909038,1020.8185
1741112909079,1020.80743
1741112909100,1020.8146
1741112909138,1020.8192
1741112909181,1020.81213
1741112909199,1020.8059
1741112909244,1020.7965
1741112909281,1020.79486
1741112909303,1020.79877
1741112909344,1020.80273
1741112909379,1020.8007
1741112909400,1020.7958
1741112909440,1020.7872
1741112909483,1020.7847
1741112909498,1020.79004
1741112909538,1020.8019
1741112909578,1020.80725
1741112909600,1020.80194
1741112909639,1020.7952
1741112909681,1020.7971
1741112909702,1020.7955
1741112909739,1020.79675
1741112909780,1020.8013
1741112909800,1020.8042
1741112909839,1020.7981
1741112909882,1020.78955
1741112909899,1020.78796
1741112909942,1020.7947
1741112909979,1020.79364
1741112909999,1020.7865
1741112910038,1020.79175
1741112910078,1020.7951
1741112910099,1020.79553
1741112910139,1020.7916
1741112910181,1020.7949
1741112910199,1020.79565
1741112910240,1020.78894
1741112910285,1020.7779
1741112910301,1020.77673
1741112910340,1020.7768
1741112910380,1020.7804
1741112910398,1020.786
1741112910438,1020.79736
1741112910479,1020.79285
1741112910500,1020.7936
1741112910537,1020.78723
1741112910579,1020.79114
1741112910598,1020.795
1741112910640,1020.7983
1741112910679,1020.8008
1741112910699,1020.79407
1741112910738,1020.7947
1741112910778,1020.7909
1741112910799,1020.79
1741112910842,1020.7888
1741112910879,1020.7898
1741112910899,1020.78845
1741112910940,1020.7845
1741112910980,1020.78546
1741112911016,1020.7943
1741112911037,1020.7916
1741112911078,1020.783
1741112911102,1020.7814
1741112911139,1020.7849
1741112911180,1020.78784
1741112911201,1020.7911
1741112911239,1020.79443
1741112911279,1020.7992
1741112911300,1020.7942
1741112911337,1020.8012
1741112911381,1020.7894
1741112911399,1020.7971
1741112911440,1020.7894
1741112911483,1020.791
1741112911498,1020.79156
1741112911536,1020.7931
1741112911577,1020.79785
1741112911597,1020.7964
1741112911637,1020.7904
1741112911680,1020.79834
1741112911699,1020.79974
1741112911744,1020.7975
1741112911781,1020.7944
1741112911797,1020.7903
1741112911838,1020.7954
1741112911878,1020.79346
1741112911900,1020.7973
1741112911937,1020.80237
1741112911982,1020.79156
1741112911999,1020.7947
1741112912037,1020.7931
1741112912078,1020.7947
1741112912100,1020.78613
1741112912138,1020.784
1741112912179,1020.7924
1741112912199,1020.79156
1741112912243,1020.79614
1741112912280,1020.7978
1741112912298,1020.7971
1741112912339,1020.795
1741112912379,1020.7953
1741112912398,1020.7886
1741112912439,1020.7862
1741112912477,1020.7836
1741112912497,1020.7958
1741112912536,1020.7942
1741112912577,1020.7946
1741112912605,1020.7947
1741112912638,1020.78076
1741112912678,1020.7704
1741112912697,1020.77625
1741112912740,1020.7806
1741112912778,1020.78674
1741112912798,1020.7883
1741112912838,1020.79565
1741112912876,1020.7978
1741112912896,1020.80255
1741112912938,1020.79834
1741112912980,1020.7985
1741112912998,1020.792
1741112913036,1020.79236
1741112913076,1020.7911
1741112913097,1020.7916
1741112913137,1020.7982
1741112913181,1020.78766
1741112913200,1020.7918
1741112913240,1020.8
1741112913278,1020.80505
1741112913299,1020.7967
1741112913338,1020.7899
1741112913379,1020.7892
1741112913401,1020.79736
1741112913436,1020.79034
1741112913478,1020.7876
1741112913505,1020.79114
1741112913536,1020.7936
1741112913577,1020.7936
1741112913597,1020.8003
1741112913639,1020.808
1741112913676,1020.8118
1741112913697,1020.81146
1741112913737,1020.8011
1741112913781,1020.8037
1741112913798,1020.80664
1741112913841,1020.8091
1741112913877,1020.8057
1741112913897,1020.8074
1741112913938,1020.8093
1741112913977,1020.80994
1741112913999,1020.8212
1741112914042,1020.82404
1741112914076,1020.817
1741112914097,1020.81177
1741112914137,1020.8123
1741112914178,1020.8075
1741112914198,1020.82086
1741112914239,1020.8227
1741112914276,1020.82587
1741112914296,1020.8322
1741112914339,1020.8376
1741112914379,1020.83276
1741112914396,1020.84235
1741112914438,1020.83514
1741112914478,1020.8237
1741112914497,1020.8296
1741112914535,1020.8338
1741112914576,1020.83844
1741112914596,1020.8418
1741112914637,1020.83624
1741112914679,1020.83606
1741112914698,1020.8381
1741112914739,1020.84564
1741112914776,1020.8437
1741112914797,1020.83966
1741112914836,1020.855
1741112914876,1020.8656
1741112914896,1020.86816
1741112914935,1020.86914
1741112914976,1020.8678
1741112914997,1020.8679
1741112915035,1020.8699
1741112915076,1020.86804
1741112915095,1020.8684
1741112915135,1020.86926
1741112915177,1020.8643
1741112915200,1020.8741
1741112915239,1020.89685
1741112915280,1020.9003
1741112915297,1020.89343
1741112915337,1020.8918
1741112915377,1020.8975
1741112915397,1020.8985
1741112915435,1020.90784
1741112915477,1020.904
1741112915495,1020.90845
1741112915536,1020.9176
1741112915575,1020.91785
1741112915595,1020.9237
1741112915635,1020.92236
1741112915677,1020.9224
1741112915701,1020.92
1741112915737,1020.9208
1741112915779,1020.9273
1741112915798,1020.93713
1741112915836,1020.9348
1741112915878,1020.9438
1741112915897,1020.94824
1741112915935,1020.94794
1741112915976,1020.94714
1741112915995,1020.9417
1741112916035,1020.95105
1741112916076,1020.9618
1741112916095,1020.96375
1741112916134,1020.9564
1741112916177,1020.9608
1741112916196,1020.9624
1741112916235,1020.9584
1741112916277,1020.96063
1741112916297,1020.9695
1741112916335,1020.97614
1741112916377,1020.9797
1741112916398,1020.97815
1741112916435,1020.98267
1741112916476,1020.9849
1741112916497,1020.9915
1741112916536,1021.0007
1741112916575,1021.0081
1741112916595,1021.0062
1741112916635,1021.0065
1741112916675,1021.0112
1741112916695,1021.0059
1741112916735,1021.01324
1741112916774,1021.0171
1741112916796,1021.02124
1741112916835,1021.0193
1741112916879,1021.026
1741112916895,1021.02856
1741112916934,1021.0326
1741112916973,1021.0382
1741112916993,1021.03406
1741112917039,1021.0418
1741112917075,1021.04395
1741112917095,1021.04865
1741112917136,1021.05316
1741112917175,1021.05994
1741112917196,1021.05896
1741112917235,1021.05963
1741112917274,1021.06476
1741112917295,1021.05536
1741112917337,1021.0603
1741112917378,1021.0613
1741112917397,1021.06726
1741112917436,1021.06964
1741112917477,1021.07654
1741112917495,1021.09
1741112917534,1021.0972
1741112917574,1021.0964
1741112917594,1021.09143
1741112917635,1021.09546
1741112917675,1021.09265
1741112917696,1021.1022
1741112917735,1021.1065
1741112917776,1021.09973
1741112917795,1021.0978
1741112917835,1021.1012
1741112917873,1021.1014
1741112917894,1021.10785
1741112917935,1021.10455
1741112917976,1021.1077
1741112917995,1021.1123
1741112918034,1021.1167
1741112918073,1021.1271
1741112918094,1021.1255
1741112918133,1021.12805
1741112918177,1021.1354
1741112918196,1021.13666
1741112918235,1021.1436
1741112918278,1021.14496
1741112918298,1021.1415
1741112918334,1021.1458
1741112918375,1021.14825
1741112918396,1021.15454
1741112918435,1021.15405
1741112918474,1021.15344
1741112918494,1021.164
1741112918533,1021.1685
1741112918573,1021.1614
1741112918593,1021.15564
1741112918634,1021.16437
1741112918673,1021.1628
1741112918694,1021.157
1741112918735,1021.1571
1741112918774,1021.1532
1741112918795,1021.15186
1741112918835,1021.1572
1741112918874,1021.16113
1741112918894,1021.1595
1741112918933,1021.1549
1741112918974,1021.1492
1741112918994,1021.1516
1741112919033,1021.1622
1741112919072,1021.1654
1741112919092,1021.1621
1741112919135,1021.1698
1741112919175,1021.177
1741112919193,1021.1719
1741112919233,1021.1759
1741112919276,1021.1753
1741112919313,1021.1636
1741112919334,1021.1643
1741112919374,1021.16315
1741112919416,1021.17456
1741112919438,1021.16797
1741112919475,1021.1683
1741112919494,1021.16724
1741112919533,1021.1581
1741112919573,1021.1641
1741112919616,1021.1716
1741112919636,1021.1664
1741112919673,1021.17615
1741112919714,1021.182
1741112919734,1021.17316
1741112919776,1021.1757
1741112919815,1021.1782
1741112919837,1021.17847
1741112919874,1021.1785
1741112919913,1021.17944
1741112919937,1021.1841
1741112919976,1021.1806
1741112920012,1021.1705
1741112920032,1021.17584
1741112920073,1021.1743
1741112920117,1021.18823
1741112920133,1021.18506
1741112920173,1021.1841
1741112920214,1021.1963
1741112920241,1021.19403
1741112920273,1021.1852
1741112920312,1021.18207
1741112920334,1021.18054
1741112920376,1021.1813
1741112920415,1021.18066
1741112920434,1021.17633
1741112920474,1021.17896
1741112920514,1021.172
1741112920535,1021.17505
1741112920572,1021.17694
1741112920615,1021.1811
1741112920633,1021.1795
1741112920674,1021.1811
1741112920715,1021.1726
1741112920734,1021.16864
1741112920775,1021.1632
1741112920816,1021.1676
1741112920835,1021.1662
1741112920874,1021.17084
1741112920918,1021.1687
1741112920932,1021.1749
1741112920974,1021.17914
1741112921015,1021.1953
1741112921036,1021.19336
1741112921072,1021.19104
1741112921113,1021.19305
1741112921138,1021.1881
1741112921177,1021.18646
1741112921215,1021.18243
1741112921244,1021.18353
1741112921274,1021.1766
1741112921312,1021.1823
1741112921332,1021.1808
1741112921374,1021.17725
1741112921414,1021.1874
1741112921434,1021.18945
1741112921475,1021.1898
1741112921515,1021.1839
1741112921533,1021.1821
1741112921573,1021.1837
1741112921615,1021.18884
1741112921632,1021.18835
1741112921673,1021.1858
1741112921715,1021.1875
1741112921733,1021.1852
1741112921773,1021.1821
1741112921815,1021.1801
1741112921833,1021.17847
1741112921877,1021.18994
1741112921915,1021.1917
1741112921936,1021.18835
1741112921973,1021.1833
1741112922014,1021.1734
1741112922033,1021.1815
1741112922072,1021.1806
1741112922115,1021.17786
1741112922133,1021.1849
1741112922175,1021.1847
1741112922214,1021.1864
1741112922236,1021.1771
1741112922273,1021.1814
1741112922313,1021.18146
1741112922334,1021.191
1741112922374,1021.18256
1741112922415,1021.17896
1741112922434,1021.18115
1741112922473,1021.1883
1741112922513,1021.19293
1741112922535,1021.1908
1741112922571,1021.1871
1741112922612,1021.1915
1741112922632,1021.19
1741112922674,1021.1931
1741112922717,1021.1816
1741112922732,1021.1767
1741112922773,1021.17206
1741112922812,1021.17334
1741112922835,1021.1697
1741112922870,1021.1778
1741112922912,1021.1747
1741112922931,1021.16956
1741112922972,1021.16833
1741112923012,1021.1812
1741112923034,1021.1826
1741112923071,1021.18427
1741112923112,1021.1791
1741112923136,1021.1809
1741112923172,1021.18744
1741112923213,1021.1859
1741112923231,1021.18115
1741112923273,1021.18195
1741112923316,1021.18146
1741112923332,1021.188
1741112923375,1021.1958
1741112923412,1021.2082
1741112923433,1021.1995
1741112923471,1021.2003
1741112923513,1021.20215
1741112923537,1021.19116
1741112923570,1021.18994
1741112923611,1021.1907
1741112923633,1021.19275
1741112923671,1021.1959
1741112923711,1021.19385
1741112923733,1021.19885
1741112923772,1021.2035
1741112923812,1021.20496
1741112923830,1021.2133
1741112923873,1021.2123
1741112923915,1021.2064
1741112923933,1021.2023
1741112923973,1021.19086
1741112924013,1021.19775
1741112924035,1021.1998
1741112924071,1021.2019
1741112924110,1021.19434
1741112924133,1021.1939
1741112924173,1021.20105
1741112924212,1021.2068
1741112924233,1021.2036
1741112924273,1021.1958
1741112924313,1021.2089
1741112924331,1021.21124
1741112924372,1021.20703
1741112924413,1021.2012
1741112924435,1021.2005
1741112924472,1021.1934
1741112924511,1021.2028
1741112924533,1021.1948
1741112924571,1021.2023
1741112924611,1021.20294
1741112924631,1021.20056
1741112924671,1021.2009
1741112924712,1021.2008
1741112924731,1021.202
1741112924773,1021.19904
1741112924812,1021.1999
1741112924831,1021.1887
1741112924872,1021.19525
1741112924912,1021.194
1741112924931,1021.19507
1741112924971,1021.197
1741112925011,1021.20044
1741112925030,1021.2039
1741112925070,1021.20355
1741112925112,1021.20166
1741112925133,1021.20776
1741112925172,1021.21204
1741112925212,1021.2088
1741112925232,1021.1969
1741112925271,1021.19653
1741112925312,1021.1997
1741112925330,1021.2022
1741112925373,1021.2081
1741112925411,1021.20703
1741112925431,1021.21185
1741112925472,1021.20465
1741112925511,1021.2014
1741112925530,1021.2074
1741112925569,1021.2001
1741112925610,1021.2006
1741112925633,1021.19464
1741112925671,1021.19556
1741112925714,1021.19836
1741112925732,1021.20807
1741112925771,1021.215
1741112925811,1021.2086
1741112925831,1021.2016
1741112925870,1021.19745
1741112925911,1021.1942
1741112925933,1021.197
1741112925972,1021.19763
1741112926012,1021.19653
1741112926032,1021.1991
1741112926070,1021.19836
1741112926110,1021.1991
1741112926130,1021.2102
1741112926170,1021.2063
1741112926209,1021.2101
1741112926230,1021.2102
1741112926272,1021.2145
1741112926311,1021.2196
1741112926331,1021.2131
1741112926372,1021.2063
1741112926410,1021.2097
1741112926430,1021.2058
1741112926469,1021.2103
1741112926510,1021.2039
1741112926532,1021.19946
1741112926570,1021.198
1741112926610,1021.192
1741112926631,1021.18506
1741112926670,1021.19293
1741112926714,1021.1952
1741112926730,1021.2008
1741112926770,1021.1993
1741112926810,1021.2019
1741112926829,1021.2025
1741112926875,1021.2059
1741112926914,1021.20386
1741112926931,1021.2004
1741112926970,1021.2051
1741112927010,1021.2091
1741112927035,1021.21094
1741112927069,1021.20685
1741112927109,1021.20667
1741112927130,1021.2076
1741112927170,1021.2102
1741112927210,1021.20575
1741112927231,1021.204
1741112927270,1021.1965
1741112927310,1021.2001
1741112927329,1021.2006
1741112927371,1021.20544
1741112927409,1021.2014
1741112927429,1021.2068
1741112927474,1021.2051
1741112927511,1021.2051
1741112927531,1021.2073
1741112927569,1021.21356
1741112927609,1021.21356
1741112927628,1021.21136
1741112927669,1021.20526
1741112927708,1021.20404
1741112927732,1021.2105
1741112927770,1021.204
1741112927813,1021.2063
1741112927829,1021.2009
1741112927869,1021.2025
1741112927910,1021.1977
1741112927928,1021.20526
1741112927968,1021.2092
1741112928009,1021.2084
1741112928031,1021.2081
1741112928069,1021.21277
1741112928109,1021.2058
1741112928129,1021.2133
1741112928170,1021.2129
1741112928212,1021.20483
1741112928229,1021.202
1741112928270,1021.20435
1741112928308,1021.205
1741112928330,1021.20264
1741112928369,1021.21326
1741112928411,1021.2046
1741112928431,1021.19904
1741112928472,1021.2009
1741112928508,1021.198
1741112928528,1021.1968
1741112928573,1021.19604
1741112928607,1021.19946
1741112928628,1021.20935
1741112928668,1021.2091
1741112928711,1021.21313
1741112928729,1021.2111
1741112928774,1021.20776
1741112928809,1021.2167
1741112928831,1021.2087
1741112928868,1021.2106
1741112928910,1021.2144
1741112928929,1021.2189
1741112928969,1021.21124
1741112929009,1021.20844
1741112929029,1021.20386
1741112929069,1021.1996
1741112929108,1021.20746
1741112929128,1021.20374
1741112929168,1021.2103
1741112929208,1021.214
1741112929229,1021.2075
1741112929269,1021.1979
1741112929309,1021.2059
1741112929329,1021.2071
1741112929371,1021.21106
1741112929410,1021.2036
1741112929428,1021.2059
1741112929469,1021.1952
1741112929508,1021.2012
1741112929527,1021.2063
1741112929568,1021.2064
1741112929609,1021.21436
1741112929635,1021.20886
1741112929668,1021.21216
1741112929708,1021.21234
1741112929729,1021.20984
1741112929771,1021.2051
1741112929808,1021.2028
1741112929830,1021.2006
1741112929869,1021.2042
1741112929909,1021.2006
1741112929929,1021.1949
1741112929970,1021.20105
1741112930012,1021.20416
1741112930028,1021.206
1741112930068,1021.2058
1741112930107,1021.2019
1741112930127,1021.2088
1741112930170,1021.198
1741112930209,1021.1947
1741112930228,1021.20935
1741112930268,1021.21094
1741112930308,1021.21204
1741112930328,1021.2037
1741112930368,1021.20593
1741112930411,1021.20654
1741112930430,1021.20264
1741112930468,1021.2031
1741112930509,1021.20514
1741112930528,1021.20636
1741112930567,1021.20746
1741112930607,1021.20435
1741112930627,1021.2075
1741112930666,1021.2055
1741112930708,1021.21216
1741112930727,1021.21124
1741112930767,1021.2022
1741112930807,1021.19904
1741112930829,1021.20825
1741112930868,1021.20605
1741112930907,1021.2068
1741112930929,1021.2114
1741112930971,1021.2086
1741112931008,1021.213
1741112931027,1021.20764
1741112931071,1021.21094
1741112931107,1021.21405
1741112931128,1021.2214
1741112931170,1021.2121
1741112931207,1021.20526
1741112931226,1021.19934
1741112931269,1021.2014
1741112931311,1021.20776
1741112931334,1021.2072
1741112931368,1021.2027
1741112931410,1021.20593
1741112931432,1021.20056
1741112931470,1021.20325
1741112931506,1021.20105
1741112931529,1021.199
1741112931566,1021.19806
1741112931606,1021.20197
1741112931626,1021.2096
1741112931667,1021.20447
1741112931709,1021.2162
1741112931727,1021.2132
1741112931767,1021.20514
1741112931807,1021.209
1741112931828,1021.2029
1741112931869,1021.198
1741112931907,1021.19617
1741112931929,1021.19507
1741112931968,1021.203
1741112932007,1021.2034
1741112932029,1021.1963
1741112932069,1021.1975
1741112932107,1021.19543
1741112932126,1021.1927
1741112932168,1021.18915
1741112932208,1021.19543
1741112932226,1021.19867
1741112932267,1021.20386
1741112932308,1021.1959
1741112932326,1021.2003
1741112932366,1021.2067
1741112932408,1021.19745
1741112932428,1021.19434
1741112932467,1021.1979
1741112932508,1021.20276
1741112932532,1021.2203
1741112932567,1021.2195
1741112932607,1021.2034
1741112932626,1021.2024
1741112932666,1021.2034
1741112932707,1021.2048
1741112932726,1021.20496
1741112932766,1021.2064
1741112932807,1021.2066
1741112932829,1021.19934
1741112932874,1021.20105
1741112932907,1021.20636
1741112932926,1021.21094
1741112932967,1021.2173
1741112933008,1021.2115
1741112933026,1021.2047
1741112933069,1021.19836
1741112933106,1021.1915
1741112933126,1021.19116
1741112933168,1021.20056
1741112933207,1021.2058
1741112933226,1021.2057
1741112933265,1021.212
1741112933306,1021.20795
1741112933327,1021.20123
1741112933365,1021.2106
1741112933408,1021.2102
1741112933430,1021.2136
1741112933469,1021.222
1741112933508,1021.2195
1741112933527,1021.2169
1741112933566,1021.20935
1741112933605,1021.2118
1741112933626,1021.19995
1741112933667,1021.20685
1741112933706,1021.2123
1741112933727,1021.20807
1741112933768,1021.2059
1741112933806,1021.2009
1741112933827,1021.20447
1741112933866,1021.2101
1741112933906,1021.2065
1741112933927,1021.2002
1741112933968,1021.1984
1741112934006,1021.19574
1741112934027,1021.1907
1741112934066,1021.2011
1741112934105,1021.20026
1741112934125,1021.2023
1741112934166,1021.20215
1741112934206,1021.20654
1741112934229,1021.2007
1741112934265,1021.1997
1741112934309,1021.20337
1741112934327,1021.19763
1741112934370,1021.19507
1741112934406,1021.18835
1741112934425,1021.1892
1741112934466,1021.2035
1741112934505,1021.2014
1741112934524,1021.2
1741112934564,1021.1884
1741112934606,1021.2
1741112934625,1021.2055
1741112934667,1021.2029
1741112934707,1021.2062
1741112934727,1021.21246
1741112934765,1021.2081
1741112934805,1021.20685
1741112934826,1021.2018
1741112934868,1021.2083
1741112934907,1021.20514
1741112934926,1021.2064
1741112934967,1021.2153
1741112935006,1021.21936
1741112935026,1021.2114
1741112935064,1021.2107
1741112935105,1021.20166
1741112935124,1021.2031
1741112935166,1021.2103
1741112935206,1021.2069
1741112935226,1021.2119
1741112935267,1021.204
1741112935306,1021.1996
1741112935326,1021.19946
1741112935365,1021.19666
1741112935407,1021.1968
1741112935429,1021.1948
1741112935463,1021.19934
1741112935506,1021.20465
1741112935526,1021.19714
1741112935564,1021.19446
1741112935605,1021.1966
1741112935625,1021.1991
1741112935665,1021.2047
1741112935705,1021.2032
1741112935725,1021.20294
1741112935768,1021.1964
1741112935809,1021.1955
1741112935827,1021.1976
1741112935870,1021.1958
1741112935905,1021.1959
1741112935925,1021.2003
1741112935965,1021.19586
1741112936006,1021.1948
1741112936029,1021.2001
1741112936069,1021.2023
1741112936104,1021.19543
1741112936124,1021.20135
1741112936164,1021.20447
1741112936205,1021.2054
1741112936225,1021.21606
1741112936264,1021.2104
1741112936305,1021.2033
1741112936324,1021.2057
1741112936366,1021.2008
1741112936407,1021.2081
1741112936424,1021.20386
1741112936466,1021.20215
1741112936505,1021.2049
1741112936527,1021.2107
1741112936563,1021.2064
1741112936604,1021.2011
1741112936623,1021.2001
1741112936665,1021.2096
1741112936706,1021.21423
1741112936726,1021.2095
1741112936765,1021.20966
1741112936805,1021.20276
1741112936824,1021.20734
1741112936864,1021.1994
1741112936903,1021.2019
1741112936924,1021.2045
1741112936963,1021.20856
1741112937004,1021.20764
1741112937025,1021.2027
1741112937064,1021.2041
1741112937104,1021.2022
1741112937124,1021.2085
1741112937163,1021.2051
1741112937204,1021.2042
1741112937224,1021.198
1741112937266,1021.19916
1741112937303,1021.20215
1741112937327,1021.20575
1741112937364,1021.2136
1741112937404,1021.2091
1741112937424,1021.20557
1741112937463,1021.20294
1741112937504,1021.2123
1741112937525,1021.205
1741112937565,1021.20013
1741112937603,1021.20526
1741112937623,1021.2095
1741112937665,1021.2047
1741112937705,1021.2033
1741112937725,1021.21265
1741112937765,1021.2041
1741112937805,1021.1957
1741112937824,1021.1905
1741112937865,1021.19586
1741112937905,1021.1912
1741112937925,1021.1929
1741112937966,1021.19006
1741112938007,1021.19104
1741112938025,1021.188
1741112938068,1021.1826
1741112938103,1021.17554
1741112938124,1021.1765
1741112938166,1021.16504
1741112938206,1021.17126
1741112938224,1021.17944
1741112938265,1021.17004
1741112938306,1021.1648
1741112938325,1021.1702
1741112938363,1021.1708
1741112938405,1021.1657
1741112938424,1021.17035
1741112938463,1021.17633
1741112938504,1021.17285
1741112938529,1021.17285
1741112938563,1021.17126
1741112938604,1021.1676
1741112938623,1021.1693
1741112938666,1021.177
1741112938705,1021.1776
1741112938726,1021.1708
1741112938765,1021.17535
1741112938804,1021.17035
1741112938825,1021.164
1741112938865,1021.17316
1741112938908,1021.17664
1741112938924,1021.1813
1741112938962,1021.187
1741112939007,1021.17957
1741112939023,1021.1748
1741112939066,1021.16785
1741112939103,1021.16956
1741112939123,1021.17755
1741112939165,1021.18066
1741112939202,1021.1798
1741112939224,1021.18286
1741112939264,1021.1793
1741112939303,1021.1789
1741112939326,1021.16815
1741112939362,1021.1718
1741112939406,1021.1741
1741112939429,1021.17664
1741112939464,1021.1773
1741112939503,1021.17206
1741112939523,1021.17194
1741112939568,1021.1707
1741112939602,1021.1629
1741112939622,1021.16394
1741112939667,1021.1766
1741112939702,1021.17645
1741112939723,1021.1748
1741112939765,1021.1692
1741112939805,1021.1652
1741112939823,1021.1634
1741112939863,1021.1633
1741112939905,1021.171
1741112939925,1021.1741
1741112939966,1021.17456
1741112940004,1021.1669
1741112940023,1021.1571
1741112940069,1021.1624
1741112940102,1021.1594
1741112940122,1021.1592
1741112940168,1021.1643
1741112940205,1021.1539
1741112940224,1021.15936
1741112940264,1021.1685
1741112940305,1021.17206
1741112940324,1021.17725
1741112940366,1021.17334
1741112940404,1021.1705
1741112940422,1021.16675
1741112940463,1021.17017
1741112940504,1021.1644
1741112940521,1021.1728
1741112940566,1021.17413
1741112940601,1021.1688
1741112940622,1021.17615
1741112940664,1021.17523
1741112940702,1021.1752
1741112940722,1021.16724
1741112940765,1021.16394
1741112940804,1021.1613
1741112940823,1021.15845
1741112940863,1021.16095
1741112940905,1021.1583
1741112940923,1021.16254
1741112940962,1021.1606
1741112941003,1021.1557
1741112941024,1021.1653
1741112941065,1021.1655
1741112941101,1021.16534
1741112941142,1021.166
1741112941164,1021.17096
1741112941204,1021.1805
1741112941224,1021.18115
1741112941265,1021.18823
1741112941303,1021.179
1741112941342,1021.1731
1741112941365,1021.1667
1741112941402,1021.1664
1741112941441,1021.1606
1741112941462,1021.15967
1741112941506,1021.16296
1741112941523,1021.1633
1741112941565,1021.1682
1741112941601,1021.16986
1741112941641,1021.16394
1741112941663,1021.15936
1741112941701,1021.16296
1741112941724,1021.16626
1741112941764,1021.1709
1741112941804,1021.1651
1741112941842,1021.1682
1741112941862,1021.1687
1741112941904,1021.1655
1741112941943,1021.17664
1741112941966,1021.17993
1741112942003,1021.18005
1741112942043,1021.17505
1741112942061,1021.17334
1741112942103,1021.17664
1741112942141,1021.18054
1741112942163,1021.1708
1741112942201,1021.17456
1741112942241,1021.1751
1741112942261,1021.16766
1741112942303,1021.1701
1741112942344,1021.1768
1741112942365,1021.18195
1741112942402,1021.18353
1741112942444,1021.1748
1741112942463,1021.17444
1741112942502,1021.17975
1741112942540,1021.1858
1741112942561,1021.1842
1741112942600,1021.1898
1741112942641,1021.1968
1741112942662,1021.19147
1741112942702,1021.19293
1741112942742,1021.18945
1741112942763,1021.19116
1741112942802,1021.19763
1741112942842,1021.2076
1741112942861,1021.20154
1741112942900,1021.20154
1741112942943,1021.19727
1741112942962,1021.1929
1741112943002,1021.19684
1741112943042,1021.19666
1741112943061,1021.19904
1741112943100,1021.2001
1741112943140,1021.2023
1741112943162,1021.20184
1741112943200,1021.2115
1741112943243,1021.20667
1741112943262,1021.21844
1741112943301,1021.2245
1741112943343,1021.2219
1741112943362,1021.21765
1741112943401,1021.2181
1741112943442,1021.22675
1741112943460,1021.23224
1741112943501,1021.22
1741112943542,1021.2232
1741112943565,1021.22705
1741112943600,1021.22363
1741112943642,1021.2074
1741112943663,1021.2267
1741112943701,1021.2423
1741112943742,1021.25476
1741112943761,1021.2568
1741112943805,1021.26575
1741112943843,1021.2607
1741112943863,1021.26117
1741112943902,1021.25964
1741112943942,1021.2572
1741112943961,1021.25073
1741112944001,1021.2665
1741112944039,1021.27576
1741112944059,1021.27734
1741112944099,1021.29144
1741112944140,1021.28796
1741112944161,1021.28217
1741112944202,1021.28784
1741112944241,1021.2989
1741112944262,1021.2965
1741112944299,1021.3008
1741112944343,1021.2997
1741112944362,1021.3059
1741112944399,1021.3072
1741112944442,1021.3117
1741112944464,1021.30664
1741112944500,1021.31335
1741112944541,1021.3096
1741112944561,1021.30725
1741112944599,1021.31757
1741112944639,1021.3357
1741112944659,1021.3419
1741112944699,1021.34503
1741112944744,1021.34766
1741112944762,1021.35657
1741112944804,1021.35944
1741112944839,1021.3489
1741112944867,1021.3484
1741112944903,1021.3426
1741112944939,1021.33527
1741112944959,1021.3517
1741112945002,1021.3576
1741112945040,1021.35675
1741112945061,1021.3706
1741112945101,1021.371
1741112945140,1021.3688
1741112945159,1021.3684
1741112945199,1021.3772
1741112945239,1021.3844
1741112945259,1021.3824
1741112945301,1021.3852
1741112945342,1021.38794
1741112945362,1021.3861
1741112945399,1021.3922
1741112945443,1021.3918
1741112945464,1021.3922
1741112945501,1021.40894
1741112945540,1021.41595
1741112945563,1021.4081
1741112945598,1021.41174
1741112945639,1021.41693
1741112945662,1021.4255
1741112945704,1021.4346
1741112945741,1021.43585
1741112945759,1021.4375
1741112945800,1021.43445
1741112945842,1021.4355
1741112945858,1021.442
1741112945902,1021.4403
1741112945942,1021.44635
1741112945959,1021.45056
1741112946000,1021.45276
1741112946039,1021.4552
1741112946063,1021.455
1741112946098,1021.4596
1741112946138,1021.4662
1741112946158,1021.4663
1741112946200,1021.4677
1741112946243,1021.4719
1741112946260,1021.4799
1741112946299,1021.4744
1741112946342,1021.4829
1741112946358,1021.49445
1741112946399,1021.49243
1741112946439,1021.4956
1741112946459,1021.4937
1741112946499,1021.49756
1741112946541,1021.5029
1741112946562,1021.5058
1741112946598,1021.5078
1741112946638,1021.5109
1741112946658,1021.5005
1741112946699,1021.5006
1741112946740,1021.51074
1741112946761,1021.50757
1741112946798,1021.5107
1741112946839,1021.5193
1741112946860,1021.5258
1741112946901,1021.5245
1741112946939,1021.526
1741112946958,1021.53143
1741112947001,1021.5322
1741112947042,1021.53394
1741112947061,1021.53296
1741112947099,1021.5345
1741112947137,1021.53906
1741112947159,1021.53796
1741112947200,1021.54144
1741112947240,1021.5394
1741112947258,1021.54944
1741112947299,1021.5459
1741112947338,1021.5414
1741112947362,1021.5503
1741112947401,1021.5504
1741112947439,1021.55505
1741112947459,1021.5493
1741112947500,1021.55023
1741112947542,1021.54395
1741112947559,1021.5342
1741112947600,1021.5482
1741112947637,1021.5449
1741112947657,1021.54395
1741112947699,1021.5522
1741112947740,1021.54956
1741112947760,1021.55426
1741112947801,1021.5494
1741112947838,1021.54724
1741112947858,1021.5545
1741112947898,1021.5526
1741112947939,1021.5504
1741112947958,1021.55664
1741112948001,1021.5514
1741112948037,1021.5566
1741112948059,1021.55853
1741112948099,1021.5568
1741112948138,1021.5609
1741112948159,1021.5546
1741112948198,1021.5554
1741112948239,1021.5558
1741112948259,1021.5613
1741112948299,1021.5594
1741112948338,1021.5569
1741112948358,1021.5567
1741112948400,1021.55493
1741112948440,1021.5598
1741112948458,1021.56537
1741112948498,1021.56616
1741112948541,1021.5604
1741112948561,1021.56146
1741112948600,1021.57007
1741112948637,1021.5676
1741112948658,1021.55884
1741112948699,1021.56885
1741112948737,1021.5725
1741112948757,1021.5677
1741112948798,1021.56635
1741112948839,1021.5657
1741112948860,1021.5715
1741112948898,1021.5767
1741112948939,1021.5741
1741112948961,1021.5697
1741112949001,1021.5729
1741112949039,1021.57117
1741112949058,1021.5652
1741112949096,1021.56494
1741112949136,1021.56635
1741112949163,1021.56494
1741112949198,1021.5675
1741112949237,1021.5636
1741112949258,1021.572
1741112949297,1021.5825
1741112949337,1021.5784
1741112949356,1021.5754
1741112949397,1021.58417
1741112949437,1021.5868
1741112949457,1021.576
1741112949498,1021.57654
1741112949539,1021.574
1741112949557,1021.56323
1741112949597,1021.566
1741112949636,1021.5671
1741112949656,1021.5706
1741112949697,1021.56976
1741112949738,1021.5736
1741112949757,1021.57446
1741112949797,1021.5769
1741112949838,1021.58386
1741112949866,1021.5849
1741112949899,1021.58344
1741112949941,1021.57367
1741112949958,1021.575
1741112949997,1021.5801
1741112950039,1021.5748
1741112950056,1021.57446
1741112950097,1021.57947
1741112950137,1021.5837
1741112950157,1021.57495
1741112950199,1021.56934
1741112950238,1021.56665
1741112950257,1021.5574
1741112950297,1021.5668
1741112950336,1021.5806
1741112950358,1021.58124
1741112950402,1021.5781
1741112950437,1021.5802
1741112950459,1021.5817
1741112950496,1021.57733
1741112950536,1021.5751
1741112950557,1021.58026
1741112950595,1021.58215
1741112950635,1021.57526
1741112950656,1021.5702
1741112950698,1021.573
1741112950737,1021.56836
1741112950758,1021.5736
1741112950797,1021.57605
1741112950838,1021.5768
1741112950856,1021.57837
1741112950897,1021.5781
1741112950941,1021.572
1741112950957,1021.58026
1741112950999,1021.57654
1741112951038,1021.5857
1741112951058,1021.58563
1741112951096,1021.5863
1741112951135,1021.5884
1741112951155,1021.5734
1741112951197,1021.5813
1741112951239,1021.58545
1741112951256,1021.57684
1741112951298,1021.5869
1741112951337,1021.58685
1741112951357,1021.5814
1741112951401,1021.5804
1741112951437,1021.581
1741112951456,1021.58185
1741112951498,1021.58386
1741112951538,1021.5779
1741112951558,1021.5671
1741112951597,1021.573
1741112951636,1021.57965
1741112951656,1021.5803
1741112951695,1021.5868
1741112951736,1021.5888
1741112951758,1021.58984
1741112951796,1021.5879
1741112951837,1021.5816
1741112951856,1021.56714
1741112951896,1021.57654
1741112951938,1021.58246
1741112951958,1021.5841
1741112951998,1021.5864
1741112952038,1021.5843
1741112952055,1021.58325
1741112952097,1021.5902
1741112952135,1021.5951
1741112952162,1021.5868
1741112952195,1021.5923
1741112952238,1021.58636
1741112952257,1021.5991
1741112952297,1021.59814
1741112952336,1021.59265
1741112952356,1021.58923
1741112952396,1021.58813
1741112952435,1021.5841
1741112952457,1021.59106
1741112952497,1021.5908
1741112952536,1021.5951
1741112952556,1021.58905
1741112952598,1021.58704
1741112952635,1021.59436
1741112952655,1021.5915
1741112952699,1021.6047
1741112952735,1021.6001
1741112952755,1021.6
1741112952797,1021.58765
1741112952838,1021.5909
1741112952855,1021.58777
1741112952894,1021.60114
1741112952938,1021.6033
1741112952957,1021.6063
1741112952994,1021.59894
1741112953038,1021.5979
1741112953060,1021.5947
1741112953096,1021.59546
1741112953135,1021.59796
1741112953155,1021.5982
1741112953195,1021.59607
1741112953234,1021.5949
1741112953255,1021.59845
1741112953295,1021.6079
1741112953337,1021.6064
1741112953355,1021.60187
1741112953396,1021.60065
1741112953438,1021.60095
1741112953458,1021.59955
1741112953497,1021.5982
1741112953538,1021.59534
1741112953555,1021.59406
1741112953602,1021.6012
1741112953633,1021.60236
1741112953653,1021.59015
1741112953694,1021.59534
1741112953737,1021.599
1741112953756,1021.5942
1741112953795,1021.5978
1741112953835,1021.6018
1741112953856,1021.59875
1741112953897,1021.5984
1741112953936,1021.5966
1741112953954,1021.58777
1741112953997,1021.5845
1741112954035,1021.5759
1741112954056,1021.5835
1741112954099,1021.5837
1741112954134,1021.58496
1741112954154,1021.58765
1741112954200,1021.5894
1741112954234,1021.59247
1741112954257,1021.6005
1741112954294,1021.5932
1741112954338,1021.5974
1741112954355,1021.5981
1741112954396,1021.5945
1741112954439,1021.5961
1741112954456,1021.6041
1741112954493,1021.598
1741112954535,1021.5906
1741112954555,1021.5886
1741112954597,1021.58905
1741112954634,1021.58325
1741112954654,1021.58655
1741112954702,1021.5938
1741112954737,1021.58875
1741112954754,1021.5912
1741112954795,1021.59265
1741112954834,1021.59326
1741112954854,1021.59
1741112954895,1021.5928
1741112954935,1021.5913
1741112954956,1021.59937
1741112954994,1021.601
1741112955034,1021.593
1741112955057,1021.5991
1741112955100,1021.5941
1741112955133,1021.60034
1741112955153,1021.5978
1741112955202,1021.5985
1741112955234,1021.60516
1741112955255,1021.597
1741112955298,1021.5842
1741112955335,1021.5773
1741112955356,1021.5814
1741112955398,1021.5837
1741112955434,1021.58563
1741112955456,1021.5809
1741112955495,1021.5972
1741112955536,1021.6015
1741112955555,1021.59796
1741112955594,1021.6003
1741112955632,1021.6024
1741112955652,1021.6074
1741112955696,1021.60266
1741112955735,1021.60675
1741112955756,1021.6075
1741112955796,1021.6041
1741112955835,1021.6052
1741112955853,1021.60406
1741112955894,1021.6002
1741112955935,1021.5962
1741112955954,1021.60376
1741112955996,1021.609
1741112956033,1021.6061
1741112956056,1021.6051
1741112956098,1021.602
1741112956133,1021.60785
1741112956153,1021.5976
1741112956201,1021.5996
1741112956233,1021.59485
1741112956255,1021.59357
1741112956297,1021.6016
1741112956334,1021.60046
1741112956354,1021.60345
1741112956400,1021.5985
1741112956434,1021.6003
1741112956453,1021.5916
1741112956494,1021.59076
1741112956539,1021.591
1741112956554,1021.58905
1741112956595,1021.5866
1741112956632,1021.58264
1741112956654,1021.5848
1741112956698,1021.58765
1741112956734,1021.59155
1741112956754,1021.5917
1741112956796,1021.6019
1741112956833,1021.6024
1741112956852,1021.6041
1741112956895,1021.6
1741112956932,1021.6094
1741112956953,1021.6086
1741112956992,1021.61035
1741112957033,1021.6133
1741112957053,1021.60925
1741112957094,1021.6046
1741112957133,1021.603
1741112957151,1021.59827
1741112957196,1021.59436
1741112957234,1021.59576
1741112957254,1021.59485
1741112957301,1021.59265
1741112957334,1021.5887
1741112957356,1021.5923
1741112957394,1021.5891
1741112957435,1021.5866
1741112957454,1021.59454
1741112957494,1021.6073
1741112957535,1021.60925
1741112957554,1021.6101
1741112957596,1021.6019
1741112957632,1021.6019
1741112957652,1021.59875
1741112957694,1021.5978
1741112957734,1021.59045
1741112957753,1021.59064
1741112957797,1021.5965
1741112957839,1021.5995
1741112957852,1021.59924
1741112957892,1021.5912
1741112957933,1021.589
1741112957955,1021.5872
1741112957993,1021.5945
1741112958032,1021.5969
1741112958055,1021.60004
1741112958095,1021.5973
1741112958132,1021.59894
1741112958152,1021.6017
1741112958192,1021.60284
1741112958233,1021.6003
1741112958253,1021.5919
1741112958293,1021.6102
1741112958334,1021.6116
1741112958352,1021.60803
1741112958393,1021.6002
1741112958434,1021.6073
1741112958452,1021.60626
1741112958493,1021.59863
1741112958534,1021.60364
1741112958556,1021.6007
1741112958593,1021.5999
1741112958632,1021.59906
1741112958651,1021.6028
1741112958696,1021.59595
1741112958733,1021.591
1741112958755,1021.58435
1741112958795,1021.5903
1741112958833,1021.5959
1741112958853,1021.6013
1741112958894,1021.6036
1741112958933,1021.5923
1741112958952,1021.59174
1741112958994,1021.5982
1741112959034,1021.5984
1741112959053,1021.59766
1741112959094,1021.6075
1741112959132,1021.6037
1741112959151,1021.5927
1741112959192,1021.58234
1741112959234,1021.58484
1741112959256,1021.5889
1741112959295,1021.58936
1741112959336,1021.58264
1741112959356,1021.5907
1741112959393,1021.5932
1741112959433,1021.5897
1741112959455,1021.5935
1741112959492,1021.6024
1741112959535,1021.6041
1741112959551,1021.6031
1741112959592,1021.596
1741112959632,1021.5918
1741112959650,1021.58997
1741112959692,1021.586
1741112959735,1021.58685
1741112959752,1021.5863
1741112959793,1021.59106
1741112959834,1021.5919
1741112959851,1021.5863
1741112959894,1021.5923
1741112959933,1021.6046
1741112959951,1021.5957
1741112959993,1021.6004
1741112960033,1021.6039
1741112960052,1021.6004
1741112960094,1021.60034
1741112960130,1021.6031
1741112960150,1021.5949
1741112960190,1021.5917
1741112960232,1021.5884
1741112960254,1021.5893
1741112960292,1021.5967
1741112960331,1021.59344
1741112960351,1021.5965
1741112960392,1021.5908
1741112960431,1021.584
1741112960451,1021.586
1741112960493,1021.5904
1741112960530,1021.5903
1741112960550,1021.5939
1741112960593,1021.58167
1741112960631,1021.5875
1741112960651,1021.59863
1741112960691,1021.5979
1741112960731,1021.6012
1741112960751,1021.59753
1741112960791,1021.5939
1741112960833,1021.59393
1741112960854,1021.5913
1741112960892,1021.58984
1741112960932,1021.58813
1741112960953,1021.5936
1741112960991,1021.5937
1741112961032,1021.59265
1741112961051,1021.60205
1741112961093,1021.6043
1741112961130,1021.6006
1741112961150,1021.59625
1741112961192,1021.5944
1741112961231,1021.60205
1741112961253,1021.60114
1741112961290,1021.60425
1741112961331,1021.6045
1741112961351,1021.6034
1741112961393,1021.60394
1741112961433,1021.6132
1741112961455,1021.61145
1741112961493,1021.61566
1741112961530,1021.6135
1741112961551,1021.60913
1741112961594,1021.6053
1741112961629,1021.60345
1741112961649,1021.5934
1741112961691,1021.5914
1741112961730,1021.60046
1741112961753,1021.59094
1741112961791,1021.598
1741112961831,1021.59534
1741112961851,1021.6025
1741112961891,1021.6027
1741112961933,1021.5926
1741112961950,1021.5896
1741112961992,1021.5957
1741112962032,1021.60144
1741112962051,1021.602
1741112962098,1021.59973
1741112962130,1021.5947
1741112962150,1021.59546
1741112962189,1021.5945
1741112962230,1021.5947
1741112962249,1021.595
1741112962292,1021.60626
1741112962331,1021.60297
1741112962351,1021.5906
1741112962392,1021.58514
1741112962429,1021.5866
1741112962452,1021.6049
1741112962490,1021.60315
1741112962531,1021.60046
1741112962552,1021.5962
1741112962591,1021.5921
1741112962629,1021.5958
1741112962651,1021.59766
1741112962690,1021.60406
1741112962729,1021.5921
1741112962749,1021.5991
1741112962795,1021.6038
1741112962834,1021.6001
1741112962875,1021.5989
1741112962889,1021.5989
1741112962939,1021.5969
1741112962951,1021.5952
1741112962989,1021.5956
1741112963033,1021.5987
1741112963071,1021.5969
1741112963090,1021.598
1741112963129,1021.5919
1741112963169,1021.59375
1741112963189,1021.5875
1741112963235,1021.59155
1741112963253,1021.5995
1741112963292,1021.60394
1741112963333,1021.604
1741112963370,1021.60223
1741112963389,1021.5939
1741112963430,1021.5932
1741112963469,1021.59155
1741112963491,1021.59595
1741112963533,1021.5911
1741112963552,1021.5869
1741112963590,1021.5933
1741112963629,1021.5885
1741112963669,1021.58185
1741112963688,1021.58765
1741112963729,1021.59406
1741112963770,1021.59076
1741112963790,1021.5883
1741112963831,1021.59595
1741112963870,1021.60645
1741112963890,1021.60034
1741112963930,1021.5948
1741112963975,1021.5984
1741112963989,1021.6052
1741112964028,1021.6023
1741112964072,1021.60767
1741112964090,1021.596
1741112964128,1021.5978
1741112964169,1021.6094
1741112964189,1021.6085
1741112964229,1021.6031
1741112964268,1021.61096
1741112964289,1021.6128
1741112964329,1021.60956
1741112964371,1021.60895
1741112964392,1021.61017
1741112964432,1021.6053
1741112964475,1021.6094
1741112964490,1021.6047
1741112964529,1021.6066
1741112964570,1021.6157
1741112964592,1021.6081
1741112964632,1021.59973
1741112964668,1021.5932
1741112964688,1021.59607
1741112964729,1021.5984
1741112964772,1021.5967
1741112964790,1021.596
1741112964830,1021.59576
1741112964874,1021.59076
1741112964890,1021.59576
1741112964931,1021.59204
1741112964970,1021.5956
1741112964989,1021.59985
1741112965029,1021.6019
1741112965072,1021.60144
1741112965092,1021.60266
1741112965131,1021.6
1741112965168,1021.60065
1741112965188,1021.60474
1741112965228,1021.5994
1741112965271,1021.59717
1741112965292,1021.6024
1741112965329,1021.5975
1741112965371,1021.5943
1741112965390,1021.59875
1741112965432,1021.5973
1741112965471,1021.594
1741112965488,1021.5895
1741112965527,1021.5919
1741112965568,1021.59247
1741112965590,1021.5935
1741112965629,1021.58997
1741112965669,1021.5909
1741112965688,1021.60236
1741112965728,1021.6062
1741112965769,1021.6027
1741112965789,1021.60815
1741112965830,1021.6072
1741112965870,1021.6065
1741112965889,1021.59467
1741112965929,1021.58887
1741112965975,1021.59045
1741112965989,1021.5991
1741112966029,1021.60376
1741112966071,1021.60657
1741112966087,1021.6067
1741112966127,1021.6018
1741112966167,1021.5869
1741112966187,1021.5896
1741112966229,1021.5835
1741112966268,1021.58374
1741112966289,1021.59155
1741112966330,1021.58923
1741112966368,1021.5799
1741112966389,1021.58887
1741112966430,1021.58594
1741112966469,1021.5829
1741112966490,1021.5849
1741112966529,1021.5888
1741112966569,1021.586
1741112966596,1021.5868
1741112966626,1021.58563
1741112966667,1021.58923
1741112966688,1021.58154
1741112966726,1021.57526
1741112966768,1021.58203
1741112966790,1021.5769
1741112966829,1021.57605
1741112966870,1021.57794
1741112966894,1021.57306
1741112966928,1021.5781
1741112966967,1021.57025
1741112966988,1021.5677
1741112967027,1021.5707
1741112967067,1021.56396
1741112967088,1021.56604
1741112967129,1021.5616
1741112967168,1021.5728
1741112967187,1021.57324
1741112967228,1021.5686
1741112967268,1021.5663
1741112967288,1021.57074
1741112967329,1021.5731
1741112967369,1021.5742
1741112967388,1021.5769
1741112967429,1021.57324
1741112967471,1021.56555
1741112967489,1021.5634
1741112967528,1021.56024
1741112967569,1021.5622
1741112967587,1021.5605
1741112967633,1021.55237
1741112967667,1021.5478
1741112967688,1021.56604
1741112967731,1021.57196
1741112967769,1021.5717
1741112967790,1021.56445
1741112967828,1021.5596
1741112967867,1021.5709
1741112967887,1021.566
1741112967929,1021.56396
1741112967968,1021.5535
1741112967986,1021.55524
1741112968028,1021.5546
1741112968071,1021.5652
1741112968091,1021.5763
1741112968130,1021.5727
1741112968166,1021.5668
1741112968186,1021.5648
1741112968227,1021.5602
1741112968269,1021.5582
1741112968286,1021.55695
1741112968328,1021.5619
1741112968368,1021.56714
1741112968388,1021.558
1741112968432,1021.5591
1741112968467,1021.55493
1741112968489,1021.5619
1741112968527,1021.56226
1741112968568,1021.56946
1741112968589,1021.56976
1741112968631,1021.5708
1741112968667,1021.5694
1741112968686,1021.5782
1741112968728,1021.58234
1741112968768,1021.5809
1741112968786,1021.5737
1741112968826,1021.5741
1741112968871,1021.5893
1741112968888,1021.5786
1741112968929,1021.57776
1741112968968,1021.57275
1741112968987,1021.5688
1741112969027,1021.5703
1741112969068,1021.5674
1741112969091,1021.56494
1741112969126,1021.5609
1741112969167,1021.5638
1741112969186,1021.5542
1741112969228,1021.5515
1741112969266,1021.5487
1741112969288,1021.5517
1741112969327,1021.55444
1741112969370,1021.5628
1741112969386,1021.55273
1741112969428,1021.5596
1741112969468,1021.5673
1741112969488,1021.57587
1741112969531,1021.573
1741112969572,1021.57166
1741112969588,1021.578
1741112969626,1021.57697
1741112969665,1021.57117
1741112969687,1021.5673
1741112969731,1021.5612
1741112969775,1021.5552
1741112969787,1021.5587
1741112969827,1021.56433
1741112969868,1021.5719
1741112969885,1021.5703
1741112969926,1021.5603
1741112969968,1021.5669
1741112969986,1021.5711
1741112970028,1021.5685
1741112970065,1021.57214
1741112970086,1021.58167
1741112970127,1021.58093
1741112970165,1021.5808
1741112970185,1021.5768
1741112970226,1021.5646
1741112970266,1021.55774
1741112970285,1021.5598
1741112970327,1021.5605
1741112970365,1021.5667
1741112970388,1021.5616
1741112970426,1021.5592
1741112970469,1021.56775
1741112970486,1021.5669
1741112970529,1021.56445
1741112970565,1021.5627
1741112970584,1021.55634
1741112970635,1021.5524
1741112970666,1021.5488
1741112970685,1021.5473
1741112970727,1021.56036
1741112970767,1021.56964
1741112970787,1021.56586
1741112970825,1021.5724
1741112970870,1021.5681
1741112970885,1021.5707
1741112970926,1021.563
1741112970966,1021.56573
1741112970986,1021.56384
1741112971027,1021.5654
1741112971068,1021.55597
1741112971087,1021.556
1741112971127,1021.56665
1741112971165,1021.58777
1741112971185,1021.58374
1741112971228,1021.5905
1741112971267,1021.58167
1741112971286,1021.58295
1741112971328,1021.58655
1741112971366,1021.5827
1741112971385,1021.5854
1741112971429,1021.5827
1741112971466,1021.58704
1741112971487,1021.58954
1741112971527,1021.5839
1741112971567,1021.5885
1741112971587,1021.5877
1741112971633,1021.59174
1741112971664,1021.6012
1741112971684,1021.59705
1741112971726,1021.6062
1741112971769,1021.612
1741112971788,1021.6046
1741112971826,1021.6067
1741112971866,1021.60565
1741112971885,1021.60333
1741112971926,1021.60284
1741112971966,1021.6048
1741112971987,1021.6024
1741112972030,1021.61
1741112972068,1021.612
1741112972088,1021.6148
1741112972137,1021.6251
1741112972164,1021.6309
1741112972185,1021.6281
1741112972226,1021.6403
1741112972265,1021.64465
1741112972284,1021.6358
1741112972325,1021.6399
1741112972365,1021.6481
1741112972384,1021.64984
1741112972425,1021.63495
1741112972466,1021.63837
1741112972486,1021.6402
1741112972524,1021.6499
1741112972566,1021.65735
1741112972585,1021.6646
1741112972626,1021.66125
1741112972663,1021.65796
1741112972684,1021.6628
1741112972725,1021.6626
1741112972766,1021.6697
1741112972786,1021.6664
1741112972824,1021.6575
1741112972865,1021.6593
1741112972885,1021.6695
1741112972927,1021.6714
1741112972979,1021.67737
1741112972984,1021.68176
1741112973024,1021.682
1741112973066,1021.6826
1741112973085,1021.695
1741112973125,1021.6987
1741112973163,1021.70056
1741112973184,1021.69635
1741112973233,1021.7128
1741112973267,1021.718
1741112973284,1021.7121
1741112973325,1021.7086
1741112973366,1021.71234
1741112973387,1021.7169
1741112973425,1021.73047
1741112973465,1021.72644
1741112973484,1021.7275
1741112973524,1021.728
1741112973566,1021.7306
1741112973584,1021.7355
1741112973626,1021.74
1741112973663,1021.73956
1741112973684,1021.74
1741112973727,1021.7367
1741112973765,1021.74
1741112973783,1021.74146
1741112973826,1021.7478
1741112973866,1021.7579
1741112973886,1021.764
1741112973926,1021.7672
1741112973965,1021.7575
1741112973984,1021.76556
1741112974025,1021.782
1741112974064,1021.783
1741112974085,1021.7922
1741112974125,1021.7878
1741112974163,1021.78516
1741112974183,1021.7991
1741112974224,1021.80164
1741112974266,1021.8098
1741112974284,1021.81683
1741112974327,1021.8131
1741112974364,1021.8104
1741112974384,1021.8155
1741112974424,1021.81494
1741112974464,1021.8182
1741112974486,1021.8218
1741112974525,1021.812
1741112974565,1021.8185
1741112974584,1021.8225
1741112974625,1021.83044
1741112974663,1021.8386
1741112974683,1021.84424
1741112974723,1021.8526
1741112974765,1021.8602
1741112974782,1021.8567
1741112974825,1021.8567
1741112974864,1021.85974
1741112974886,1021.8694
1741112974924,1021.8738
1741112974964,1021.87427
1741112974983,1021.87317
1741112975025,1021.8716
1741112975063,1021.8719
1741112975086,1021.8865
1741112975123,1021.8849
1741112975163,1021.88904
1741112975183,1021.8886
1741112975224,1021.89355
1741112975263,1021.8933
1741112975283,1021.8894
1741112975325,1021.8967
1741112975363,1021.90283
1741112975385,1021.9087
1741112975427,1021.91296
1741112975468,1021.91296
1741112975484,1021.916
1741112975527,1021.91956
1741112975565,1021.927
1741112975582,1021.94275
1741112975625,1021.9399
1741112975663,1021.9376
1741112975683,1021.94183
1741112975724,1021.94226
1741112975765,1021.94257
1741112975784,1021.9428
1741112975825,1021.94965
1741112975866,1021.9534
1741112975884,1021.9581
1741112975922,1021.9596
1741112975964,1021.9641
1741112975984,1021.9682
1741112976024,1021.9739
1741112976064,1021.9858
1741112976087,1021.9936
1741112976126,1021.98584
1741112976163,1021.9786
1741112976182,1021.98663
1741112976226,1021.9884
1741112976262,1021.9868
1741112976287,1021.99426
1741112976325,1022.00397
1741112976363,1021.9946
1741112976385,1021.99536
1741112976424,1021.99445
1741112976462,1021.9933
1741112976486,1021.99365
1741112976525,1022.00134
1741112976562,1022.0051
1741112976584,1022.0118
1741112976625,1022.01624
1741112976662,1022.02783
1741112976683,1022.0224
1741112976723,1022.01715
1741112976763,1022.01245
1741112976783,1022.0238
1741112976824,1022.02625
1741112976865,1022.02875
1741112976885,1022.02826
1741112976926,1022.0263
1741112976963,1022.01825
1741112976984,1022.02106
1741112977028,1022.0261
1741112977062,1022.0177
1741112977082,1022.0283
1741112977123,1022.03253
1741112977163,1022.0439
1741112977181,1022.05524
1741112977223,1022.04504
1741112977263,1022.03986
1741112977284,1022.0413
1741112977324,1022.0386
1741112977361,1022.0447
1741112977382,1022.045
1741112977422,1022.04755
1741112977466,1022.0473
1741112977484,1022.048
1741112977523,1022.0563
1741112977564,1022.0555
1741112977583,1022.0562
1741112977623,1022.06323
1741112977663,1022.0642
1741112977681,1022.05707
1741112977721,1022.0595
1741112977761,1022.0577
1741112977781,1022.0541
1741112977825,1022.0501
1741112977867,1022.05237
1741112977883,1022.05554
1741112977925,1022.06836
1741112977966,1022.07684
1741112977987,1022.0661
1741112978023,1022.05786
1741112978062,1022.0556
1741112978081,1022.0698
1741112978128,1022.06995
1741112978162,1022.0649
1741112978180,1022.07117
1741112978221,1022.07007
1741112978262,1022.0649
1741112978282,1022.0611
1741112978321,1022.06067
1741112978365,1022.0668
1741112978386,1022.0678
1741112978427,1022.0674
1741112978463,1022.0663
1741112978483,1022.06604
1741112978524,1022.0754
1741112978564,1022.06976
1741112978582,1022.06805
1741112978624,1022.0708
1741112978660,1022.07336
1741112978681,1022.07007
1741112978721,1022.0807
1741112978762,1022.0737
1741112978784,1022.08215
1741112978821,1022.0814
1741112978862,1022.0751
1741112978883,1022.0724
1741112978927,1022.0635
1741112978963,1022.0613
1741112978984,1022.0659
1741112979023,1022.069
1741112979065,1022.0656
1741112979083,1022.0818
1741112979125,1022.0735
1741112979164,1022.06177
1741112979180,1022.06494
1741112979220,1022.07104
1741112979262,1022.0628
1741112979287,1022.07336
1741112979320,1022.07245
1741112979364,1022.0684
1741112979380,1022.06555
1741112979420,1022.0637
1741112979460,1022.06323
1741112979481,1022.06006
1741112979521,1022.0643
1741112979561,1022.0718
1741112979582,1022.07837
1741112979623,1022.07996
1741112979663,1022.0787
1741112979679,1022.0741
1741112979720,1022.06934
1741112979761,1022.0673
1741112979780,1022.0735
1741112979822,1022.06775
1741112979863,1022.0587
1741112979882,1022.0508
1741112979920,1022.052
1741112979961,1022.057
1741112979980,1022.0557
1741112980024,1022.05945
1741112980061,1022.0594
1741112980080,1022.0636
1741112980120,1022.0662
1741112980159,1022.06384
1741112980179,1022.0716
1741112980219,1022.0749
1741112980263,1022.07776
1741112980280,1022.08325
1741112980322,1022.07574
1741112980360,1022.0771
1741112980379,1022.06445
1741112980419,1022.0641
1741112980461,1022.072
1741112980479,1022.0702
1741112980521,1022.07025
1741112980561,1022.0691
1741112980580,1022.0669
1741112980621,1022.06964
1741112980659,1022.0664
1741112980678,1022.0647
1741112980719,1022.0574
1741112980763,1022.0575
1741112980787,1022.0679
1741112980820,1022.0735
1741112980863,1022.06525
1741112980882,1022.0568
1741112980919,1022.0594
1741112980963,1022.0653
1741112980981,1022.0686
1741112981022,1022.05804
1741112981061,1022.0562
1741112981081,1022.05975
1741112981120,1022.06506
1741112981159,1022.0717
1741112981179,1022.0705
1741112981219,1022.06934
1741112981259,1022.06726
1741112981280,1022.0633
1741112981321,1022.0665
1741112981362,1022.05756
1741112981381,1022.06604
1741112981420,1022.0673
1741112981462,1022.06604
1741112981482,1022.06805
1741112981519,1022.0618
1741112981560,1022.0633
1741112981580,1022.06976
1741112981622,1022.0679
1741112981658,1022.0634
1741112981678,1022.063
1741112981720,1022.06836
1741112981761,1022.06836
1741112981779,1022.0602
1741112981823,1022.0815
1741112981861,1022.08673
1741112981879,1022.073
1741112981919,1022.0769
1741112981962,1022.08606
1741112981982,1022.0895
1741112982020,1022.0992
1741112982061,1022.0972
1741112982083,1022.0877
1741112982118,1022.0826
1741112982161,1022.08606
1741112982179,1022.081
1741112982218,1022.0966
1741112982261,1022.0966
1741112982280,1022.09393
1741112982322,1022.08655
1741112982359,1022.10156
1741112982379,1022.0995
1741112982419,1022.1051
1741112982458,1022.1038
1741112982478,1022.10547
1741112982522,1022.09827
1741112982559,1022.1008
1741112982580,1022.10364
1741112982619,1022.10046
1741112982663,1022.0968
1741112982682,1022.0971
1741112982718,1022.093
1741112982759,1022.104
1741112982778,1022.0955
1741112982819,1022.0992
1741112982862,1022.10785
1741112982883,1022.1086
1741112982922,1022.1096
1741112982960,1022.11304
1741112982979,1022.09875
1741112983020,1022.0964
1741112983059,1022.1024
1741112983082,1022.1036
1741112983121,1022.1044
1741112983159,1022.09973
1741112983177,1022.09546
1741112983219,1022.0923
1741112983260,1022.0852
1741112983281,1022.09344
1741112983318,1022.0946
1741112983360,1022.08997
1741112983382,1022.0884
1741112983419,1022.0876
1741112983462,1022.0926
1741112983482,1022.0868
1741112983522,1022.08826
1741112983560,1022.08875
1741112983579,1022.0968
1741112983621,1022.0971
1741112983657,1022.0929
1741112983677,1022.0874
1741112983719,1022.0868
1741112983761,1022.0901
1741112983779,1022.0969
1741112983824,1022.0962
1741112983858,1022.093
1741112983879,1022.08936
1741112983922,1022.10803
1741112983958,1022.1017
1741112983983,1022.09576
1741112984016,1022.0946
1741112984060,1022.0983
1741112984079,1022.09814
1741112984120,1022.0883
1741112984158,1022.09
1741112984177,1022.0942
1741112984217,1022.1001
1741112984261,1022.1002
1741112984278,1022.0962
1741112984321,1022.0855
1741112984362,1022.0977
1741112984380,1022.105
1741112984420,1022.09985
1741112984458,1022.09546
1741112984479,1022.10596
1741112984522,1022.1052
1741112984561,1022.1072
1741112984577,1022.09814
1741112984620,1022.0969
1741112984659,1022.1033
1741112984697,1022.1067
1741112984718,1022.09045
1741112984764,1022.0883
1741112984798,1022.09595
1741112984822,1022.0877
1741112984859,1022.08307
1741112984902,1022.0791
1741112984924,1022.0876
1741112984959,1022.09735
1741112985000,1022.09644
1741112985021,1022.0979
1741112985058,1022.09985
1741112985099,1022.0993
1741112985122,1022.08386
1741112985157,1022.0907
1741112985197,1022.0925
1741112985217,1022.0912
1741112985261,1022.089
1741112985300,1022.0847
1741112985320,1022.08545
1741112985358,1022.0884
1741112985398,1022.0864
1741112985419,1022.0817
1741112985458,1022.0845
1741112985498,1022.0906
1741112985519,1022.0918
1741112985561,1022.0971
1741112985597,1022.09296
1741112985616,1022.093
1741112985663,1022.09174
1741112985696,1022.0885
1741112985718,1022.0842
1741112985762,1022.0936
1741112985797,1022.08594
1741112985819,1022.08276
1741112985857,1022.0787
1741112985897,1022.08575
1741112985919,1022.08936
1741112985956,1022.0884
1741112986001,1022.10156
1741112986018,1022.10144
1741112986057,1022.095
1741112986097,1022.1004
1741112986121,1022.08966
1741112986159,1022.0862
1741112986196,1022.0798
1741112986216,1022.0705
1741112986257,1022.07983
1741112986297,1022.08954
1741112986317,1022.0879
1741112986357,1022.0846
1741112986396,1022.09204
1741112986418,1022.0963
1741112986458,1022.0991
1741112986501,1022.097
1741112986517,1022.0953
1741112986563,1022.0923
1741112986596,1022.0893
1741112986617,1022.0858
1741112986658,1022.0917
1741112986696,1022.09094
1741112986716,1022.08984
1741112986756,1022.0932
1741112986799,1022.0982
1741112986817,1022.1113
1741112986858,1022.11096
1741112986898,1022.098
1741112986916,1022.0938
1741112986957,1022.0884
1741112986999,1022.08905
1741112987018,1022.09204
1741112987056,1022.0986
1741112987097,1022.1007
1741112987118,1022.09973
1741112987159,1022.09705
1741112987199,1022.0958
1741112987215,1022.0957
1741112987257,1022.095
1741112987298,1022.09155
1741112987318,1022.0957
1741112987357,1022.0884
1741112987396,1022.08044
1741112987416,1022.0831
1741112987460,1022.0882
1741112987498,1022.08984
1741112987516,1022.09235
1741112987556,1022.0862
1741112987605,1022.08453
1741112987618,1022.0872
1741112987662,1022.0929
1741112987696,1022.0969
1741112987716,1022.10315
1741112987756,1022.0967
1741112987795,1022.0975
1741112987816,1022.0944
1741112987856,1022.1078
1741112987901,1022.09906
1741112987916,1022.09656
1741112987957,1022.10254
1741112987998,1022.09155
1741112988020,1022.09955
1741112988056,1022.0977
1741112988096,1022.09595
1741112988116,1022.0953
1741112988157,1022.09607
1741112988199,1022.0943
1741112988217,1022.09357
1741112988255,1022.0919
1741112988296,1022.09485
1741112988316,1022.09186
1741112988358,1022.0908
1741112988398,1022.0979
1741112988415,1022.0967
1741112988456,1022.0996
1741112988500,1022.092
1741112988515,1022.0956
1741112988557,1022.09216
1741112988597,1022.0861
1741112988620,1022.08374
1741112988656,1022.0944
1741112988702,1022.1007
1741112988714,1022.1057
1741112988755,1022.10297
1741112988799,1022.10645
1741112988816,1022.09863
1741112988856,1022.0982
1741112988896,1022.0975
1741112988917,1022.0989
1741112988956,1022.0971
1741112988998,1022.09644
1741112989019,1022.09534
1741112989055,1022.0932
1741112989095,1022.0953
1741112989116,1022.09625
1741112989156,1022.08984
1741112989196,1022.1026
1741112989214,1022.1065
1741112989256,1022.1136
1741112989296,1022.1122
1741112989315,1022.0998
1741112989359,1022.0948
1741112989394,1022.0894
1741112989415,1022.0914
1741112989456,1022.0945
1741112989495,1022.0951
1741112989515,1022.0931
1741112989555,1022.0964
1741112989595,1022.1033
1741112989620,1022.1041
1741112989656,1022.10504
1741112989695,1022.10425
1741112989714,1022.10754
1741112989754,1022.1048
1741112989796,1022.09735
1741112989815,1022.10004
1741112989859,1022.09753
1741112989895,1022.1024
1741112989915,1022.09753
1741112989954,1022.1
1741112989997,1022.1086
1741112990017,1022.1095
1741112990057,1022.1044
1741112990095,1022.1018
1741112990116,1022.0983
1741112990158,1022.09015
1741112990193,1022.088
1741112990214,1022.0886
1741112990256,1022.0891
1741112990295,1022.1003
1741112990316,1022.10034
1741112990356,1022.09033
1741112990395,1022.0835
1741112990417,1022.095
1741112990459,1022.0915
1741112990498,1022.10297
1741112990514,1022.10535
1741112990554,1022.1029
1741112990595,1022.11005
1741112990614,1022.111
1741112990656,1022.11084
1741112990695,1022.0982
1741112990715,1022.101
1741112990755,1022.0987
1741112990795,1022.103
1741112990814,1022.0979
1741112990856,1022.09595
1741112990894,1022.1029
1741112990915,1022.1039
1741112990956,1022.11346
1741112990995,1022.1159
1741112991014,1022.1112
1741112991056,1022.10693
1741112991094,1022.1013
1741112991114,1022.09955
1741112991154,1022.0973
1741112991193,1022.1
1741112991215,1022.10223
1741112991254,1022.0996
1741112991298,1022.0914
1741112991316,1022.09106
1741112991354,1022.1051
1741112991395,1022.11224
1741112991414,1022.108
1741112991459,1022.09937
1741112991496,1022.09155
1741112991516,1022.08734
1741112991555,1022.0905
1741112991597,1022.0971
1741112991614,1022.09845
1741112991655,1022.0967
1741112991694,1022.0988
1741112991716,1022.09894
1741112991753,1022.0959
1741112991796,1022.0988
1741112991814,1022.09814
1741112991855,1022.0978
1741112991894,1022.0979
1741112991914,1022.09924
1741112991955,1022.1024
1741112991994,1022.0883
1741112992014,1022.07837
1741112992056,1022.0748
1741112992099,1022.0637
1741112992114,1022.0564
1741112992155,1022.05743
1741112992194,1022.05066
1741112992213,1022.0563
1741112992254,1022.05493
1741112992293,1022.06177
1741112992313,1022.06
1741112992356,1022.05725
1741112992397,1022.0625
1741112992416,1022.0644
1741112992457,1022.0628
1741112992497,1022.0604
1741112992514,1022.0619
1741112992554,1022.056
1741112992593,1022.05707
1741112992616,1022.0568
1741112992655,1022.05945
1741112992692,1022.0558
1741112992712,1022.05865
1741112992754,1022.06177
1741112992794,1022.0698
1741112992814,1022.0719
1741112992857,1022.0625
1741112992893,1022.0537
1741112992913,1022.0547
1741112992956,1022.0614
1741112992995,1022.056
1741112993014,1022.0557
1741112993053,1022.0702
1741112993094,1022.069
1741112993115,1022.0613
1741112993154,1022.0624
1741112993193,1022.0611
1741112993212,1022.06476
1741112993253,1022.0629
1741112993294,1022.0578
1741112993315,1022.0692
1741112993354,1022.06915
1741112993394,1022.0648
1741112993413,1022.06555
1741112993454,1022.061
1741112993497,1022.06384
1741112993513,1022.0696
1741112993553,1022.0765
1741112993592,1022.0795
1741112993612,1022.0746
1741112993653,1022.07495
1741112993693,1022.07227
1741112993712,1022.06396
1741112993751,1022.0603
1741112993792,1022.06384
1741112993812,1022.06055
1741112993853,1022.0687
1741112993893,1022.06903
1741112993913,1022.0729
1741112993956,1022.06647
1741112993993,1022.0591
1741112994014,1022.06195
1741112994053,1022.0599
1741112994094,1022.05994
1741112994113,1022.05505
1741112994156,1022.0587
1741112994191,1022.0557
1741112994212,1022.0576
1741112994254,1022.0602
1741112994297,1022.0559
1741112994313,1022.05725
1741112994352,1022.0627
1741112994394,1022.06964
1741112994415,1022.06866
1741112994456,1022.0697
1741112994491,1022.0692
1741112994515,1022.0735
1741112994554,1022.06354
1741112994593,1022.0586
1741112994616,1022.055
1741112994655,1022.06647
1741112994693,1022.0702
1741112994712,1022.0606
1741112994755,1022.06885
1741112994793,1022.0652
1741112994813,1022.06177
1741112994853,1022.06274
1741112994896,1022.063
1741112994913,1022.0626
1741112994954,1022.07007
1741112994992,1022.0708
1741112995015,1022.06824
1741112995053,1022.0674
1741112995094,1022.0697
1741112995114,1022.0717
1741112995156,1022.06433
1741112995192,1022.0586
1741112995211,1022.0607
1741112995251,1022.07043
1741112995292,1022.0641
1741112995312,1022.0767
1741112995354,1022.0713
1741112995394,1022.0613
1741112995414,1022.06274
1741112995455,1022.06146
1741112995494,1022.0543
1741112995515,1022.06177
1741112995556,1022.05664
1741112995591,1022.065
1741112995612,1022.0676
1741112995651,1022.05725
1741112995691,1022.06335
1741112995710,1022.065
1741112995753,1022.0675
1741112995792,1022.0753
1741112995812,1022.07166
1741112995853,1022.07465
1741112995894,1022.07227
1741112995914,1022.07465
1741112995954,1022.0779
1741112995993,1022.07275
1741112996013,1022.0724
1741112996053,1022.07263
1741112996093,1022.0745
1741112996113,1022.0829
1741112996154,1022.0709
1741112996197,1022.06555
1741112996210,1022.0776
1741112996252,1022.0747
1741112996295,1022.0773
1741112996312,1022.07446
1741112996358,1022.0779
1741112996391,1022.0753
1741112996412,1022.083
1741112996451,1022.0792
1741112996494,1022.08215
1741112996510,1022.09033
1741112996551,1022.08875
1741112996593,1022.0847
1741112996612,1022.0857
1741112996652,1022.09094
1741112996691,1022.0936
1741112996711,1022.0913
1741112996753,1022.08673
1741112996791,1022.08545
1741112996811,1022.08734
1741112996851,1022.1031
1741112996891,1022.10974
1741112996912,1022.10956
1741112996956,1022.10364
1741112996992,1022.10815
1741112997011,1022.1061
1741112997053,1022.1017
1741112997091,1022.1072
1741112997111,1022.10345
1741112997153,1022.10486
1741112997190,1022.1012
1741112997210,1022.1047
1741112997252,1022.11456
1741112997294,1022.10925
1741112997310,1022.1176
1741112997352,1022.1207
1741112997391,1022.12585
1741112997413,1022.1271
1741112997451,1022.1344
1741112997493,1022.13855
1741112997512,1022.1323
1741112997551,1022.1271
1741112997594,1022.1249
1741112997612,1022.13855
1741112997651,1022.1391
1741112997690,1022.1434
1741112997710,1022.1411
1741112997750,1022.1467
1741112997793,1022.1461
1741112997810,1022.143
1741112997851,1022.1437
1741112997892,1022.14636
1741112997916,1022.15234
1741112997951,1022.16693
1741112997990,1022.1749
1741112998010,1022.17847
1741112998057,1022.1819
1741112998093,1022.1832
1741112998114,1022.18695
1741112998152,1022.191
1741112998191,1022.1869
1741112998210,1022.18774
1741112998250,1022.1874
1741112998293,1022.18713
1741112998313,1022.205
1741112998353,1022.202
1741112998391,1022.20996
1741112998412,1022.2028
1741112998451,1022.2145
1741112998490,1022.21466
1741112998512,1022.22046
1741112998552,1022.21967
1741112998590,1022.2211
1741112998612,1022.22375
1741112998650,1022.2188
1741112998689,1022.2186
1741112998710,1022.21954
1741112998750,1022.21405
1741112998790,1022.2165
1741112998810,1022.2251
1741112998851,1022.2348
1741112998890,1022.2342
1741112998910,1022.23816
1741112998951,1022.2363
1741112998989,1022.2362
1741112999009,1022.2461
1741112999057,1022.24835
1741112999091,1022.2359
1741112999110,1022.2446
1741112999155,1022.24805
1741112999188,1022.244
1741112999208,1022.24677
1741112999249,1022.2572
1741112999291,1022.2655
1741112999311,1022.262
1741112999352,1022.26855
1741112999390,1022.2709
1741112999412,1022.2803
1741112999450,1022.2835
1741112999489,1022.2855
1741112999512,1022.2938
1741112999550,1022.29376
1741112999591,1022.2957
1741112999610,1022.3022
1741112999652,1022.2993
1741112999690,1022.2982
1741112999709,1022.30585
1741112999749,1022.3132
1741112999793,1022.3263
1741112999809,1022.3377
1741112999851,1022.3464
1741112999891,1022.3436
1741112999910,1022.3482
1741112999951,1022.3512
1741112999992,1022.3462
1741113000013,1022.3387
1741113000050,1022.3419
1741113000088,1022.35254
1741113000109,1022.3518
1741113000149,1022.3584
1741113000192,1022.36096
1741113000209,1022.36597
1741113000249,1022.3641
1741113000290,1022.37646
1741113000308,1022.37964
1741113000350,1022.3833
1741113000391,1022.3846
1741113000409,1022.3777
1741113000449,1022.3821
1741113000492,1022.38293
1741113000510,1022.3853
1741113000550,1022.3899
1741113000589,1022.39526
1741113000608,1022.39545
1741113000648,1022.3984
1741113000688,1022.40967
1741113000710,1022.41034
1741113000748,1022.4153
1741113000790,1022.41455
1741113000810,1022.4198
1741113000850,1022.41956
1741113000893,1022.4219
1741113000908,1022.4252
1741113000947,1022.4351
1741113000988,1022.4442
