1741111051559,1020.94604
1741111051579,1020.9661
1741111051619,1020.9769
1741111051639,1020.98096
1741111051679,1020.9951
1741111051719,1020.98065
1741111051759,1020.98486
1741111051780,1020.9939
1741111051819,1020.9945
1741111051859,1021.00006
1741111051883,1021.01196
1741111051919,1020.99335
1741111051959,1020.9904
1741111051980,1020.9827
1741111052028,1020.98145
1741111052059,1020.9878
1741111052080,1020.99146
1741111052119,1020.99304
1741111052161,1021.00214
1741111052181,1020.9931
1741111052219,1020.9827
1741111052262,1020.97906
1741111052279,1020.98663
1741111052319,1020.987
1741111052359,1020.98596
1741111052379,1020.9758
1741111052419,1020.9784
1741111052459,1020.9921
1741111052479,1020.9829
1741111052519,1020.96985
1741111052559,1020.98444
1741111052579,1020.9869
1741111052625,1020.9828
1741111052659,1020.9895
1741111052680,1021.0022
1741111052721,1021.0052
1741111052758,1021.0074
1741111052778,1021.01825
1741111052818,1021.0224
1741111052839,1021.0175
1741111052879,1021.02783
1741111052935,1021.0403
1741111052958,1021.0571
1741111052978,1021.0587
1741111053018,1021.0627
1741111053058,1021.0767
1741111053078,1021.076
1741111053118,1021.0537
1741111053159,1021.0378
1741111053178,1021.0294
1741111053218,1021.02673
1741111053258,1021.01917
1741111053278,1021.0138
1741111053318,1021.02747
1741111053358,1021.03296
1741111053378,1021.0235
1741111053498,1021.021
1741111053518,1021.00793
1741111053558,1020.97107
1741111053600,1020.8904
1741111053620,1020.92316
1741111053683,1020.94727
1741111053684,1020.914
1741111053720,1020.8801
1741111053761,1020.8934
1741111053805,1020.9202
1741111053820,1020.9444
1741111053862,1020.96515
1741111053901,1020.98224
1741111053920,1021.00055
1741111053959,1021.0083
1741111053981,1020.9935
1741111054020,1020.9988
1741111054060,1020.9869
1741111054106,1020.9768
1741111054120,1021.0077
1741111054164,1020.991
1741111054200,1020.9924
1741111054221,1020.9845
1741111054261,1020.9764
1741111054281,1020.97534
1741111054319,1020.9834
1741111054361,1020.9863
1741111054402,1020.98047
1741111054419,1020.98145
1741111054459,1020.98
1741111054501,1020.9744
1741111054532,1020.9812
1741111054559,1020.9735
1741111054601,1020.98145
1741111054619,1020.98816
1741111054659,1020.99084
1741111054704,1020.9915
1741111054720,1020.9923
1741111054757,1020.99646
1741111054801,1020.9931
1741111054818,1021.0144
1741111054860,1021.0049
1741111054902,1020.99365
1741111054930,1021.0043
1741111054959,1021.00757
1741111055000,1021.0037
1741111055018,1021.0054
1741111055062,1021.004
1741111055098,1020.9978
1741111055119,1021.0028
1741111055160,1020.995
1741111055199,1020.99005
1741111055218,1020.9845
1741111055259,1020.98456
1741111055304,1020.9862
1741111055319,1020.99036
1741111055359,1020.99384
1741111055399,1021.00366
1741111055420,1020.99976
1741111055462,1020.99445
1741111055498,1020.9837
1741111055519,1020.9956
1741111055559,1021.00085
1741111055600,1021.0064
1741111055619,1021.01373
1741111055664,1021.0081
1741111055699,1021.02026
1741111055724,1021.023
1741111055760,1021.02545
1741111055798,1021.0145
1741111055819,1021.00616
1741111055857,1021.00275
1741111055899,1021.0011
1741111055918,1020.9966
1741111055963,1020.99084
1741111056000,1020.98474
1741111056028,1020.99744
1741111056059,1021.001
1741111056098,1020.99475
1741111056119,1020.9984
1741111056159,1021.0019
1741111056209,1021.00073
1741111056220,1020.99695
1741111056260,1020.9983
1741111056298,1021.0047
1741111056320,1021.0088
1741111056359,1021.0041
1741111056396,1021.0104
1741111056420,1021.0
1741111056461,1021.0005
1741111056497,1021.0194
1741111056520,1021.03015
1741111056559,1021.024
1741111056600,1021.0233
1741111056618,1021.01013
1741111056665,1021.0104
1741111056698,1021.01447
1741111056721,1021.0117
1741111056759,1021.0121
1741111056797,1021.00525
1741111056818,1021.0014
1741111056859,1020.99756
1741111056903,1020.9975
1741111056917,1020.9966
1741111056958,1021.0022
1741111057002,1021.0102
1741111057018,1020.997
1741111057058,1021.0038
1741111057097,1020.99884
1741111057120,1021.00073
1741111057165,1020.9974
1741111057197,1020.99884
1741111057218,1020.9986
1741111057261,1021.00024
1741111057298,1021.02167
1741111057318,1021.02167
1741111057359,1021.01874
1741111057400,1021.0304
1741111057416,1021.024
1741111057459,1021.0164
1741111057498,1021.0103
1741111057517,1021.0187
1741111057557,1021.023
1741111057601,1021.01654
1741111057616,1021.0011
1741111057658,1020.9921
1741111057701,1020.9823
1741111057717,1020.99023
1741111057764,1020.9928
1741111057799,1020.99817
1741111057819,1020.9937
1741111057857,1020.9945
1741111057898,1020.9914
1741111057918,1021.00006
1741111057972,1021.00745
1741111057995,1021.0039
1741111058016,1021.01074
1741111058055,1021.00903
1741111058097,1021.0083
1741111058117,1021.012
1741111058157,1021.0106
1741111058195,1021.0073
1741111058215,1021.0118
1741111058268,1021.013
1741111058296,1021.0237
1741111058318,1021.00793
1741111058357,1021.0141
1741111058399,1021.0232
1741111058417,1021.01166
1741111058459,1021.01587
1741111058499,1021.0167
1741111058518,1021.01715
1741111058556,1021.0074
1741111058599,1021.00806
1741111058625,1021.00287
1741111058658,1021.0061
1741111058696,1021.00977
1741111058716,1021.0096
1741111058760,1020.9942
1741111058796,1020.99097
1741111058818,1021.0021
1741111058857,1021.01044
1741111058896,1021.01025
1741111058915,1021.0084
1741111058959,1021.0144
1741111058997,1021.01337
1741111059016,1021.00916
1741111059058,1021.02185
1741111059097,1021.0242
1741111059118,1021.01794
1741111059156,1021.03125
1741111059196,1021.06165
1741111059217,1021.0362
1741111059256,1021.0448
1741111059301,1021.0464
1741111059318,1021.06647
1741111059355,1021.0784
1741111059399,1021.0789
1741111059416,1021.07983
1741111059456,1021.08527
1741111059496,1021.08167
1741111059519,1021.0525
1741111059557,1021.03796
1741111059596,1021.03156
1741111059623,1021.0399
1741111059656,1021.0313
1741111059696,1021.0314
1741111059722,1021.03424
1741111059755,1021.0347
1741111059801,1021.0283
1741111059815,1021.0259
1741111059861,1021.0364
1741111059899,1021.0399
1741111059918,1021.05347
1741111059957,1021.05743
1741111059996,1021.06433
1741111060016,1021.0669
1741111060057,1021.0672
1741111060095,1021.05554
1741111060116,1021.0532
1741111060156,1021.06506
1741111060196,1021.0571
1741111060216,1021.0713
1741111060256,1021.06604
1741111060295,1021.06744
1741111060315,1021.06696
1741111060358,1021.074
1741111060398,1021.0846
1741111060417,1021.0774
1741111060455,1021.07446
1741111060501,1021.06305
1741111060515,1021.0592
1741111060562,1021.0601
1741111060604,1021.06836
1741111060616,1021.0788
1741111060655,1021.08795
1741111060695,1021.0906
1741111060716,1021.0875
1741111060755,1021.08826
1741111060795,1021.08356
1741111060816,1021.08374
1741111060862,1021.0833
1741111060908,1021.08875
1741111060915,1021.09204
1741111060955,1021.0939
1741111060996,1021.08746
1741111061017,1021.08655
1741111061058,1021.0834
1741111061094,1021.08624
1741111061115,1021.09656
1741111061155,1021.10486
1741111061195,1021.11066
1741111061215,1021.10956
1741111061261,1021.1106
1741111061296,1021.1045
1741111061316,1021.09656
1741111061355,1021.0908
1741111061396,1021.0756
1741111061417,1021.0792
1741111061462,1021.0783
1741111061499,1021.0692
1741111061514,1021.0751
1741111061558,1021.08575
1741111061595,1021.09674
1741111061615,1021.08856
1741111061656,1021.09033
1741111061706,1021.0952
1741111061714,1021.1058
1741111061756,1021.0981
1741111061794,1021.0877
1741111061815,1021.1023
1741111061861,1021.0972
1741111061895,1021.09534
1741111061916,1021.099
1741111061955,1021.1052
1741111061996,1021.1085
1741111062022,1021.1135
1741111062054,1021.11774
1741111062095,1021.12683
1741111062118,1021.12933
1741111062154,1021.1227
1741111062196,1021.1233
1741111062221,1021.1288
1741111062256,1021.1321
1741111062294,1021.13257
1741111062315,1021.12506
1741111062354,1021.117
1741111062394,1021.1236
1741111062415,1021.12787
1741111062456,1021.12024
1741111062496,1021.11646
1741111062515,1021.1213
1741111062569,1021.1224
1741111062594,1021.1184
1741111062615,1021.1184
1741111062653,1021.1275
1741111062693,1021.12585
1741111062712,1021.127
1741111062754,1021.1267
1741111062794,1021.1242
1741111062818,1021.12195
1741111062856,1021.13153
1741111062898,1021.13434
1741111062914,1021.1443
1741111062955,1021.1462
1741111062998,1021.154
1741111063014,1021.1433
1741111063054,1021.1472
1741111063096,1021.14166
1741111063115,1021.1378
1741111063157,1021.1442
1741111063194,1021.1454
1741111063215,1021.1345
1741111063253,1021.12616
1741111063293,1021.13947
1741111063313,1021.13855
1741111063353,1021.14246
1741111063394,1021.146
1741111063415,1021.14185
1741111063455,1021.1438
1741111063494,1021.13965
1741111063515,1021.15015
1741111063554,1021.1547
1741111063595,1021.15906
1741111063627,1021.16016
1741111063654,1021.16394
1741111063695,1021.1728
1741111063714,1021.1677
1741111063756,1021.1604
1741111063795,1021.16724
1741111063814,1021.17737
1741111063870,1021.18066
1741111063894,1021.1795
1741111063914,1021.18097
1741111063959,1021.1858
1741111063994,1021.1871
1741111064015,1021.1897
1741111064055,1021.188
1741111064094,1021.1814
1741111064113,1021.17896
1741111064156,1021.1881
1741111064193,1021.1894
1741111064212,1021.1953
1741111064254,1021.19666
1741111064294,1021.19556
1741111064314,1021.1959
1741111064354,1021.207
1741111064393,1021.2169
1741111064413,1021.2228
1741111064455,1021.22375
1741111064496,1021.22614
1741111064514,1021.22736
1741111064553,1021.22363
1741111064593,1021.22046
1741111064618,1021.21277
1741111064653,1021.2173
1741111064694,1021.2318
1741111064713,1021.2418
1741111064753,1021.2408
1741111064794,1021.2418
1741111064813,1021.25085
1741111064859,1021.2397
1741111064894,1021.2445
1741111064914,1021.2455
1741111064955,1021.25714
1741111064992,1021.26135
1741111065012,1021.27356
1741111065057,1021.27203
1741111065097,1021.2688
1741111065112,1021.2702
1741111065161,1021.26215
1741111065192,1021.2674
1741111065214,1021.26575
1741111065255,1021.26807
1741111065293,1021.2584
1741111065315,1021.25037
1741111065352,1021.2565
1741111065392,1021.2566
1741111065413,1021.2592
1741111065453,1021.2567
1741111065495,1021.2544
1741111065512,1021.2689
1741111065552,1021.26245
1741111065594,1021.26117
1741111065614,1021.25903
1741111065653,1021.2532
1741111065695,1021.25006
1741111065713,1021.2606
1741111065753,1021.2694
1741111065792,1021.26953
1741111065815,1021.26044
1741111065854,1021.2566
1741111065893,1021.2613
1741111065913,1021.2599
1741111065959,1021.2677
1741111065992,1021.2716
1741111066012,1021.27325
1741111066052,1021.2655
1741111066094,1021.2591
1741111066113,1021.26575
1741111066155,1021.2697
1741111066204,1021.26416
1741111066212,1021.2681
1741111066252,1021.2645
1741111066296,1021.2614
1741111066312,1021.26624
1741111066353,1021.2655
1741111066392,1021.2628
1741111066412,1021.26746
1741111066452,1021.2643
1741111066493,1021.26807
1741111066512,1021.2673
1741111066552,1021.26636
1741111066592,1021.261
1741111066614,1021.2578
1741111066656,1021.24945
1741111066692,1021.2591
1741111066714,1021.2711
1741111066753,1021.2682
1741111066793,1021.2648
1741111066811,1021.2634
1741111066853,1021.26355
1741111066897,1021.2663
1741111066912,1021.2579
1741111066954,1021.25665
1741111067002,1021.25977
1741111067012,1021.26184
1741111067052,1021.2633
1741111067096,1021.2714
1741111067112,1021.272
1741111067153,1021.26746
1741111067195,1021.27576
1741111067210,1021.2743
1741111067252,1021.2669
1741111067292,1021.2687
1741111067311,1021.2858
1741111067353,1021.28125
1741111067395,1021.2775
1741111067413,1021.28284
1741111067451,1021.27124
1741111067495,1021.2644
1741111067511,1021.2682
1741111067553,1021.26624
1741111067591,1021.2764
1741111067612,1021.2759
1741111067653,1021.27673
1741111067693,1021.27295
1741111067710,1021.28
1741111067750,1021.28613
1741111067791,1021.2848
1741111067812,1021.2893
1741111067852,1021.2814
1741111067893,1021.29224
1741111067912,1021.2917
1741111067954,1021.30054
1741111067992,1021.3061
1741111068012,1021.3036
1741111068052,1021.29944
1741111068092,1021.2931
1741111068114,1021.28644
1741111068153,1021.28687
1741111068191,1021.2918
1741111068212,1021.294
1741111068251,1021.2916
1741111068308,1021.2907
1741111068312,1021.29645
1741111068351,1021.29944
1741111068394,1021.29956
1741111068412,1021.30383
1741111068453,1021.3082
1741111068495,1021.30994
1741111068511,1021.30725
1741111068551,1021.2961
1741111068591,1021.29425
1741111068612,1021.3119
1741111068655,1021.3084
1741111068690,1021.31433
1741111068710,1021.31464
1741111068750,1021.3085
1741111068793,1021.3036
1741111068815,1021.2951
1741111068855,1021.3041
1741111068891,1021.31836
1741111068911,1021.31885
1741111068954,1021.3026
1741111068991,1021.2992
1741111069012,1021.3015
1741111069051,1021.30444
1741111069091,1021.3092
1741111069112,1021.31055
1741111069150,1021.30646
1741111069191,1021.30963
1741111069212,1021.317
1741111069250,1021.3053
1741111069290,1021.3166
1741111069310,1021.3241
1741111069350,1021.32465
1741111069392,1021.3161
1741111069410,1021.316
1741111069454,1021.3208
1741111069491,1021.33124
1741111069511,1021.3179
1741111069550,1021.31793
1741111069590,1021.3225
1741111069611,1021.3186
1741111069650,1021.3102
1741111069691,1021.31323
1741111069711,1021.30945
1741111069750,1021.32324
1741111069790,1021.3264
1741111069810,1021.3242
1741111069851,1021.32477
1741111069890,1021.32196
1741111069913,1021.32446
1741111069950,1021.32025
1741111069990,1021.3147
1741111070009,1021.3167
1741111070049,1021.3187
1741111070090,1021.3094
1741111070111,1021.3019
1741111070153,1021.3063
1741111070190,1021.3101
1741111070211,1021.3165
1741111070250,1021.31934
1741111070290,1021.3278
1741111070314,1021.3244
1741111070353,1021.32275
1741111070391,1021.31287
1741111070410,1021.30225
1741111070450,1021.3001
1741111070491,1021.2962
1741111070509,1021.3048
1741111070549,1021.30444
1741111070590,1021.3033
1741111070610,1021.2978
1741111070656,1021.30225
1741111070691,1021.2927
1741111070711,1021.3063
1741111070750,1021.2969
1741111070791,1021.29956
1741111070810,1021.30615
1741111070850,1021.3108
1741111070891,1021.3128
1741111070909,1021.31384
1741111070950,1021.31665
1741111070989,1021.31573
1741111071010,1021.31946
1741111071054,1021.32135
1741111071090,1021.3202
1741111071112,1021.31964
1741111071157,1021.32825
1741111071191,1021.3273
1741111071211,1021.32904
1741111071250,1021.3282
1741111071290,1021.31726
1741111071311,1021.31744
1741111071350,1021.32007
1741111071394,1021.3245
1741111071411,1021.3259
1741111071456,1021.32227
1741111071491,1021.3148
1741111071509,1021.311
1741111071549,1021.32104
1741111071590,1021.32056
1741111071612,1021.31824
1741111071660,1021.3204
1741111071690,1021.32526
1741111071708,1021.33954
1741111071749,1021.33325
1741111071791,1021.32623
1741111071808,1021.3322
1741111071849,1021.33923
1741111071890,1021.3467
1741111071909,1021.35016
1741111071951,1021.35266
1741111071990,1021.35034
1741111072011,1021.3473
1741111072051,1021.34515
1741111072090,1021.3446
1741111072111,1021.3473
1741111072150,1021.3507
1741111072190,1021.3501
1741111072208,1021.35333
1741111072250,1021.36316
1741111072296,1021.3662
1741111072309,1021.3689
1741111072351,1021.36914
1741111072390,1021.37573
1741111072409,1021.3767
1741111072449,1021.3702
1741111072489,1021.3761
1741111072512,1021.3742
1741111072550,1021.37854
1741111072589,1021.3755
1741111072610,1021.3872
1741111072649,1021.40216
1741111072689,1021.40283
1741111072742,1021.394
1741111072748,1021.39166
1741111072789,1021.3832
1741111072809,1021.39087
1741111072851,1021.38776
1741111072889,1021.39185
1741111072910,1021.40424
1741111072948,1021.40643
1741111072990,1021.4036
1741111073008,1021.3962
1741111073050,1021.3945
1741111073089,1021.40125
1741111073110,1021.4081
1741111073151,1021.4141
1741111073187,1021.41626
1741111073208,1021.4247
1741111073250,1021.4344
1741111073292,1021.4269
1741111073312,1021.4082
1741111073350,1021.41534
1741111073389,1021.4153
1741111073407,1021.4269
1741111073451,1021.42944
1741111073490,1021.43494
1741111073509,1021.43646
1741111073554,1021.4363
1741111073587,1021.4267
1741111073609,1021.4169
1741111073648,1021.4169
1741111073688,1021.42303
1741111073711,1021.42816
1741111073747,1021.4256
1741111073788,1021.42444
1741111073809,1021.4289
1741111073848,1021.4397
1741111073888,1021.43787
1741111073909,1021.43823
1741111073948,1021.4327
1741111073991,1021.4337
1741111074028,1021.43176
1741111074048,1021.434
1741111074089,1021.44476
1741111074111,1021.44037
1741111074172,1021.44604
1741111074187,1021.45404
1741111074207,1021.4624
1741111074247,1021.4555
1741111074289,1021.4506
1741111074308,1021.4489
1741111074350,1021.449
1741111074389,1021.4497
1741111074410,1021.4429
1741111074450,1021.4438
1741111074491,1021.44965
1741111074509,1021.4463
1741111074548,1021.4475
1741111074590,1021.44574
1741111074609,1021.45447
1741111074647,1021.4638
1741111074693,1021.45825
1741111074709,1021.45276
1741111074749,1021.4596
1741111074789,1021.45966
1741111074807,1021.4575
1741111074849,1021.4509
1741111074886,1021.4418
1741111074907,1021.4431
1741111074948,1021.4585
1741111074988,1021.44604
1741111075008,1021.44574
1741111075050,1021.4552
1741111075094,1021.4607
1741111075110,1021.4619
1741111075148,1021.45276
1741111075191,1021.44434
1741111075209,1021.4453
1741111075249,1021.4497
1741111075294,1021.45026
1741111075308,1021.4541
1741111075347,1021.4502
1741111075388,1021.4495
1741111075429,1021.4646
1741111075447,1021.48425
1741111075488,1021.4876
1741111075529,1021.49097
1741111075547,1021.4775
1741111075588,1021.48126
1741111075613,1021.5011
1741111075646,1021.4969
1741111075693,1021.50037
1741111075728,1021.49677
1741111075748,1021.4812
1741111075787,1021.4679
1741111075829,1021.4724
1741111075847,1021.47437
1741111075888,1021.4777
1741111075909,1021.4785
1741111075946,1021.4834
1741111075993,1021.47864
1741111076026,1021.48315
1741111076047,1021.4797
1741111076086,1021.4824
1741111076128,1021.4773
1741111076148,1021.47815
1741111076188,1021.4765
1741111076226,1021.4971
1741111076247,1021.5066
1741111076287,1021.4967
1741111076330,1021.49963
1741111076348,1021.504
1741111076387,1021.5015
1741111076429,1021.5066
1741111076447,1021.4986
1741111076494,1021.48596
1741111076526,1021.4698
1741111076546,1021.47595
1741111076586,1021.48145
1741111076629,1021.484
1741111076650,1021.4989
1741111076692,1021.50366
1741111076726,1021.49445
1741111076747,1021.50226
1741111076789,1021.5079
1741111076826,1021.50555
1741111076847,1021.49976
1741111076890,1021.4993
1741111076925,1021.49817
1741111076946,1021.4942
1741111076989,1021.4949
1741111077029,1021.4953
1741111077059,1021.4947
1741111077086,1021.4894
1741111077132,1021.4922
1741111077148,1021.48975
1741111077186,1021.4876
1741111077228,1021.48474
1741111077245,1021.4796
1741111077288,1021.47406
1741111077327,1021.47144
1741111077353,1021.4822
1741111077386,1021.4817
1741111077426,1021.48193
1741111077446,1021.49133
1741111077488,1021.491
1741111077526,1021.49445
1741111077548,1021.4896
1741111077588,1021.4895
1741111077626,1021.48
1741111077648,1021.4785
1741111077702,1021.4767
1741111077726,1021.4712
1741111077770,1021.4751
1741111077786,1021.49097
1741111077826,1021.4949
1741111077849,1021.4944
1741111077886,1021.50867
1741111077926,1021.5141
1741111077949,1021.5184
1741111077985,1021.50244
1741111078026,1021.49164
1741111078050,1021.47107
1741111078089,1021.4659
1741111078126,1021.4778
1741111078145,1021.4705
1741111078186,1021.45966
1741111078224,1021.46826
1741111078245,1021.485
1741111078285,1021.4888
1741111078325,1021.4999
1741111078350,1021.4982
1741111078391,1021.4956
1741111078429,1021.48315
1741111078445,1021.4794
1741111078490,1021.47974
1741111078526,1021.48193
1741111078548,1021.4818
1741111078588,1021.4822
1741111078629,1021.47784
1741111078649,1021.4854
1741111078686,1021.47815
1741111078731,1021.47406
1741111078744,1021.47437
1741111078785,1021.4798
1741111078828,1021.4776
1741111078847,1021.4778
1741111078889,1021.4684
1741111078928,1021.46625
1741111078947,1021.4662
1741111078985,1021.4696
1741111079026,1021.4803
1741111079045,1021.47534
1741111079085,1021.4816
1741111079125,1021.4944
1741111079152,1021.50305
1741111079186,1021.504
1741111079226,1021.49634
1741111079244,1021.48926
1741111079285,1021.4748
1741111079324,1021.46985
1741111079345,1021.4685
1741111079386,1021.4726
1741111079425,1021.4744
1741111079445,1021.4865
1741111079485,1021.47894
1741111079526,1021.4781
1741111079546,1021.46387
1741111079584,1021.4719
1741111079626,1021.4697
1741111079649,1021.4794
1741111079686,1021.4811
1741111079729,1021.4887
1741111079746,1021.48425
1741111079801,1021.48315
1741111079824,1021.48914
1741111079848,1021.4846
1741111079897,1021.4817
1741111079926,1021.4856
1741111079950,1021.4865
1741111079985,1021.4775
1741111080026,1021.496
1741111080047,1021.4924
1741111080085,1021.4984
1741111080125,1021.49426
1741111080148,1021.48016
1741111080185,1021.4802
1741111080224,1021.47754
1741111080249,1021.4878
1741111080285,1021.4851
1741111080335,1021.4985
1741111080346,1021.4968
1741111080384,1021.50793
1741111080424,1021.52704
1741111080444,1021.52856
1741111080486,1021.51733
1741111080525,1021.50543
1741111080546,1021.487
1741111080587,1021.4804
1741111080624,1021.48444
1741111080645,1021.4979
1741111080686,1021.51196
1741111080724,1021.5134
1741111080746,1021.49036
1741111080784,1021.4799
1741111080824,1021.4806
1741111080845,1021.4941
1741111080883,1021.49365
1741111080928,1021.4859
1741111080944,1021.48413
1741111080989,1021.4885
1741111081025,1021.4797
1741111081043,1021.47437
1741111081084,1021.47473
1741111081125,1021.47125
1741111081144,1021.4755
1741111081189,1021.4785
1741111081225,1021.48364
1741111081247,1021.48895
1741111081283,1021.4873
1741111081325,1021.4849
1741111081350,1021.49304
1741111081383,1021.4827
1741111081424,1021.478
1741111081449,1021.4659
1741111081489,1021.4525
1741111081526,1021.46277
1741111081544,1021.4572
1741111081586,1021.47095
1741111081623,1021.47205
1741111081644,1021.4734
1741111081684,1021.48114
1741111081723,1021.48865
1741111081746,1021.5082
1741111081785,1021.50214
1741111081833,1021.49164
1741111081844,1021.4829
1741111081889,1021.4739
1741111081923,1021.4691
1741111081947,1021.47205
1741111081985,1021.4787
1741111082024,1021.4912
1741111082048,1021.5017
1741111082083,1021.4973
1741111082123,1021.4808
1741111082146,1021.47986
1741111082184,1021.4855
1741111082224,1021.4851
1741111082256,1021.4898
1741111082289,1021.487
1741111082329,1021.48486
1741111082343,1021.48944
1741111082383,1021.47925
1741111082425,1021.47784
1741111082442,1021.4741
1741111082483,1021.4839
1741111082524,1021.4865
1741111082546,1021.4896
1741111082584,1021.4806
1741111082631,1021.4847
1741111082644,1021.4806
1741111082683,1021.47815
1741111082723,1021.48047
1741111082743,1021.4818
1741111082785,1021.4725
1741111082823,1021.46735
1741111082843,1021.46106
1741111082884,1021.45496
1741111082922,1021.4668
1741111082946,1021.4835
1741111082982,1021.48804
1741111083025,1021.4787
1741111083050,1021.48285
1741111083082,1021.50073
1741111083125,1021.5132
1741111083143,1021.51105
1741111083182,1021.49176
1741111083221,1021.48364
1741111083243,1021.472
1741111083285,1021.46655
1741111083323,1021.4451
1741111083343,1021.4539
1741111083383,1021.4692
1741111083424,1021.46814
1741111083451,1021.46564
1741111083483,1021.4596
1741111083523,1021.4571
1741111083542,1021.4571
1741111083592,1021.4614
1741111083629,1021.4667
1741111083642,1021.46967
1741111083683,1021.47516
1741111083723,1021.4793
1741111083763,1021.48047
1741111083782,1021.4734
1741111083825,1021.47485
1741111083843,1021.4735
1741111083890,1021.4674
1741111083923,1021.4674
1741111083943,1021.4719
1741111083984,1021.46387
1741111084023,1021.4591
1741111084046,1021.4567
1741111084082,1021.45825
1741111084123,1021.465
1741111084148,1021.4617
1741111084184,1021.45514
1741111084225,1021.4481
1741111084242,1021.4419
1741111084284,1021.43005
1741111084322,1021.4424
1741111084342,1021.4524
1741111084388,1021.45374
1741111084422,1021.44867
1741111084443,1021.46765
1741111084485,1021.48346
1741111084523,1021.47577
1741111084544,1021.452
1741111084583,1021.4476
1741111084622,1021.44055
1741111084644,1021.43164
1741111084685,1021.4381
1741111084730,1021.44617
1741111084741,1021.4558
1741111084784,1021.4491
1741111084826,1021.4492
1741111084848,1021.4576
1741111084883,1021.44696
1741111084923,1021.44586
1741111084942,1021.44794
1741111084983,1021.4456
1741111085022,1021.44037
1741111085043,1021.4402
1741111085083,1021.43616
1741111085122,1021.4323
1741111085143,1021.4386
1741111085188,1021.4321
1741111085222,1021.4302
1741111085242,1021.4337
1741111085284,1021.4362
1741111085325,1021.4309
1741111085347,1021.4319
1741111085382,1021.43164
1741111085425,1021.43933
1741111085441,1021.4348
1741111085481,1021.44104
1741111085528,1021.4376
1741111085541,1021.4227
1741111085582,1021.4154
1741111085624,1021.4127
1741111085642,1021.4105
1741111085683,1021.41614
1741111085723,1021.41736
1741111085742,1021.42706
1741111085782,1021.43005
1741111085822,1021.4362
1741111085842,1021.44
1741111085882,1021.4415
1741111085924,1021.445
1741111085948,1021.4354
1741111085981,1021.4224
1741111086022,1021.42804
1741111086041,1021.4256
1741111086082,1021.4215
1741111086123,1021.41974
1741111086149,1021.4112
1741111086182,1021.422
1741111086226,1021.42346
1741111086244,1021.4265
1741111086283,1021.42224
1741111086321,1021.4189
1741111086343,1021.42255
1741111086380,1021.4247
1741111086422,1021.4235
1741111086448,1021.4203
1741111086484,1021.41956
1741111086526,1021.4198
1741111086541,1021.4203
1741111086585,1021.4276
1741111086621,1021.43195
1741111086642,1021.423
1741111086681,1021.4056
1741111086724,1021.4116
1741111086740,1021.4183
1741111086783,1021.4146
1741111086821,1021.4155
1741111086841,1021.41595
1741111086882,1021.41675
1741111086925,1021.4109
1741111086941,1021.4073
1741111086981,1021.41095
1741111087022,1021.4231
1741111087044,1021.4121
1741111087088,1021.4112
1741111087121,1021.41815
1741111087141,1021.4354
1741111087182,1021.4241
1741111087221,1021.41833
1741111087241,1021.4253
1741111087280,1021.42957
1741111087321,1021.4306
1741111087342,1021.43933
1741111087380,1021.4419
1741111087423,1021.4525
1741111087442,1021.4502
1741111087482,1021.45654
1741111087529,1021.44916
1741111087539,1021.4412
1741111087588,1021.447
1741111087620,1021.4497
1741111087642,1021.447
1741111087684,1021.4487
1741111087721,1021.45746
1741111087742,1021.45575
1741111087780,1021.4519
1741111087821,1021.44745
1741111087842,1021.4492
1741111087883,1021.4461
1741111087923,1021.4552
1741111087941,1021.45886
1741111087981,1021.45056
1741111088028,1021.45905
1741111088040,1021.4611
1741111088082,1021.4487
1741111088120,1021.44916
1741111088140,1021.44604
1741111088184,1021.44727
1741111088220,1021.4532
1741111088239,1021.4515
1741111088281,1021.4514
1741111088322,1021.45233
1741111088340,1021.4587
1741111088380,1021.4494
1741111088424,1021.4407
1741111088440,1021.44666
1741111088484,1021.4505
1741111088520,1021.44653
1741111088541,1021.4521
1741111088580,1021.45154
1741111088621,1021.4448
1741111088640,1021.4524
1741111088679,1021.4479
1741111088721,1021.45184
1741111088742,1021.4519
1741111088779,1021.4581
1741111088820,1021.45874
1741111088840,1021.46
1741111088890,1021.4595
1741111088924,1021.4523
1741111088940,1021.4532
1741111088979,1021.4479
1741111089022,1021.44366
1741111089044,1021.44977
1741111089080,1021.44037
1741111089122,1021.44055
1741111089145,1021.44635
1741111089181,1021.45404
1741111089229,1021.4501
1741111089239,1021.44293
1741111089280,1021.4356
1741111089321,1021.44165
1741111089341,1021.4381
1741111089379,1021.4347
1741111089420,1021.43646
1741111089440,1021.437
1741111089489,1021.4325
1741111089520,1021.436
1741111089546,1021.43054
1741111089580,1021.4298
1741111089633,1021.43256
1741111089650,1021.43677
1741111089681,1021.43005
1741111089723,1021.4406
1741111089739,1021.44006
1741111089782,1021.43567
1741111089821,1021.43286
1741111089846,1021.43115
1741111089880,1021.43164
1741111089920,1021.42566
1741111089940,1021.4336
1741111089979,1021.43634
1741111090021,1021.43805
1741111090042,1021.43713
1741111090080,1021.43335
1741111090119,1021.43164
1741111090139,1021.42786
1741111090179,1021.43207
1741111090224,1021.4327
1741111090240,1021.42773
1741111090282,1021.4287
1741111090321,1021.43726
1741111090340,1021.43787
1741111090379,1021.4399
1741111090420,1021.4463
1741111090441,1021.4456
1741111090479,1021.43787
1741111090519,1021.42584
1741111090539,1021.41895
1741111090579,1021.4191
1741111090621,1021.41583
1741111090640,1021.41046
1741111090679,1021.4214
1741111090721,1021.41925
1741111090743,1021.4181
1741111090780,1021.40735
1741111090825,1021.4065
1741111090839,1021.4004
1741111090880,1021.3994
1741111090920,1021.4061
1741111090940,1021.4114
1741111090980,1021.4092
1741111091019,1021.4082
1741111091039,1021.4089
1741111091080,1021.41376
1741111091120,1021.416
1741111091145,1021.40686
1741111091182,1021.39734
1741111091218,1021.40955
1741111091240,1021.4135
1741111091279,1021.41675
1741111091321,1021.4199
1741111091340,1021.4188
1741111091380,1021.42017
1741111091419,1021.4226
1741111091441,1021.4197
1741111091479,1021.4203
1741111091519,1021.42535
1741111091540,1021.42065
1741111091579,1021.41394
1741111091619,1021.41547
1741111091639,1021.4163
1741111091680,1021.41174
1741111091721,1021.4086
1741111091738,1021.4208
1741111091777,1021.42474
1741111091823,1021.4442
1741111091839,1021.45825
1741111091879,1021.4594
1741111091922,1021.44946
1741111091948,1021.43994
1741111091981,1021.4397
1741111092025,1021.4282
1741111092040,1021.4231
1741111092079,1021.43176
1741111092121,1021.43646
1741111092140,1021.4421
1741111092178,1021.4468
1741111092219,1021.4435
1741111092237,1021.43384
1741111092278,1021.44165
1741111092319,1021.4448
1741111092339,1021.4601
1741111092378,1021.4683
1741111092429,1021.4619
1741111092438,1021.46124
1741111092478,1021.45337
1741111092529,1021.4555
1741111092539,1021.4602
1741111092578,1021.46594
1741111092618,1021.47504
1741111092637,1021.47217
1741111092680,1021.47815
1741111092726,1021.47363
1741111092738,1021.48083
1741111092780,1021.4784
1741111092823,1021.47723
1741111092837,1021.48315
1741111092878,1021.48004
1741111092921,1021.47876
1741111092939,1021.47144
1741111092978,1021.4719
1741111093020,1021.47534
1741111093048,1021.4813
1741111093078,1021.4853
1741111093117,1021.48706
1741111093137,1021.4782
1741111093177,1021.4916
1741111093216,1021.5033
1741111093237,1021.5173
1741111093279,1021.51404
1741111093318,1021.502
1741111093338,1021.49097
1741111093382,1021.4834
1741111093418,1021.4838
1741111093438,1021.4953
1741111093483,1021.50055
1741111093516,1021.50244
1741111093538,1021.49554
1741111093579,1021.4914
1741111093618,1021.4942
1741111093638,1021.5049
1741111093679,1021.50916
1741111093718,1021.5021
1741111093738,1021.5061
1741111093789,1021.51526
1741111093816,1021.50793
1741111093837,1021.5024
1741111093877,1021.5052
1741111093918,1021.50464
1741111093942,1021.499
1741111093977,1021.5077
1741111094018,1021.50806
1741111094038,1021.5029
1741111094077,1021.5187
1741111094120,1021.5124
1741111094143,1021.5041
1741111094180,1021.4971
1741111094217,1021.49304
1741111094239,1021.4886
1741111094278,1021.489
1741111094317,1021.4897
1741111094336,1021.49554
1741111094376,1021.49365
1741111094429,1021.4967
1741111094438,1021.52
1741111094476,1021.5338
1741111094517,1021.5287
1741111094537,1021.5231
1741111094578,1021.5071
1741111094616,1021.5021
1741111094637,1021.5012
1741111094678,1021.5067
1741111094716,1021.51514
1741111094738,1021.5324
1741111094776,1021.51135
1741111094820,1021.5007
1741111094841,1021.49133
1741111094878,1021.48944
1741111094918,1021.49457
1741111094938,1021.50305
1741111094978,1021.4958
1741111095016,1021.50073
1741111095038,1021.506
1741111095084,1021.4998
1741111095120,1021.5022
1741111095138,1021.50165
1741111095176,1021.5042
1741111095216,1021.5086
1741111095238,1021.50745
1741111095277,1021.5094
1741111095317,1021.5056
1741111095338,1021.5094
1741111095376,1021.511
1741111095419,1021.50916
1741111095437,1021.49615
1741111095477,1021.4828
1741111095519,1021.48694
1741111095536,1021.49634
1741111095577,1021.5067
1741111095619,1021.5071
1741111095636,1021.50665
1741111095676,1021.5145
1741111095719,1021.5331
1741111095737,1021.55255
1741111095776,1021.5403
1741111095817,1021.5206
1741111095835,1021.501
1741111095889,1021.4955
1741111095918,1021.50006
1741111095939,1021.5
1741111095979,1021.5093
1741111096016,1021.51025
1741111096038,1021.5111
1741111096075,1021.50653
1741111096115,1021.5144
1741111096139,1021.5188
1741111096176,1021.5114
1741111096223,1021.5154
1741111096235,1021.5215
1741111096276,1021.51843
1741111096320,1021.53204
1741111096337,1021.5368
1741111096378,1021.5251
1741111096416,1021.5394
1741111096436,1021.55365
1741111096479,1021.5552
1741111096519,1021.55444
1741111096541,1021.5542
1741111096575,1021.5391
1741111096618,1021.54285
1741111096636,1021.5408
1741111096677,1021.53906
1741111096716,1021.5351
1741111096736,1021.52856
1741111096780,1021.52246
1741111096818,1021.52454
1741111096848,1021.531
1741111096877,1021.5246
1741111096914,1021.52637
1741111096935,1021.53906
1741111096976,1021.54114
1741111097016,1021.54443
1741111097035,1021.5383
1741111097081,1021.5411
1741111097117,1021.54114
1741111097138,1021.541
1741111097175,1021.55206
1741111097218,1021.53546
1741111097234,1021.5334
1741111097275,1021.54736
1741111097318,1021.5563
1741111097355,1021.5615
1741111097376,1021.55255
1741111097419,1021.5382
1741111097455,1021.52637
1741111097476,1021.52783
1741111097529,1021.53516
1741111097534,1021.546
1741111097575,1021.5412
1741111097614,1021.54095
1741111097655,1021.54346
1741111097675,1021.5462
1741111097725,1021.5553
1741111097755,1021.5708
1741111097775,1021.56757
1741111097815,1021.57227
1741111097836,1021.5779
1741111097881,1021.5652
1741111097916,1021.55835
1741111097970,1021.562
1741111097975,1021.5602
1741111098016,1021.5649
1741111098070,1021.57166
1741111098074,1021.56116
1741111098116,1021.55804
1741111098156,1021.5559
1741111098174,1021.5548
1741111098214,1021.55096
1741111098255,1021.5625
1741111098287,1021.5588
1741111098315,1021.5488
1741111098356,1021.55334
1741111098376,1021.552
1741111098419,1021.5519
1741111098455,1021.55817
1741111098481,1021.55804
1741111098514,1021.55005
1741111098558,1021.5626
1741111098574,1021.56976
1741111098617,1021.5636
1741111098656,1021.5597
1741111098679,1021.5511
1741111098715,1021.5483
1741111098755,1021.5395
1741111098774,1021.53314
1741111098818,1021.5366
1741111098854,1021.5447
1741111098875,1021.5465
1741111098915,1021.5482
1741111098954,1021.54425
1741111098974,1021.5461
1741111099015,1021.54834
1741111099060,1021.55365
1741111099073,1021.55725
1741111099115,1021.5564
1741111099154,1021.5654
1741111099175,1021.57477
1741111099215,1021.57996
1741111099254,1021.5773
1741111099275,1021.5703
1741111099315,1021.5548
1741111099355,1021.5487
1741111099379,1021.5419
1741111099414,1021.5404
1741111099454,1021.54333
1741111099474,1021.5404
1741111099520,1021.5405
1741111099559,1021.5494
1741111099581,1021.55054
1741111099614,1021.5465
1741111099653,1021.55273
1741111099675,1021.5512
1741111099714,1021.5518
1741111099759,1021.55176
1741111099773,1021.55505
1741111099814,1021.55164
1741111099855,1021.548
1741111099876,1021.54663
1741111099916,1021.55634
1741111099953,1021.56116
1741111099978,1021.563
1741111100014,1021.57275
1741111100059,1021.569
1741111100073,1021.56903
1741111100114,1021.56775
1741111100153,1021.57117
1741111100174,1021.56616
1741111100220,1021.56323
1741111100253,1021.5638
1741111100273,1021.56476
1741111100313,1021.56775
1741111100368,1021.57874
1741111100373,1021.5815
1741111100414,1021.5797
1741111100468,1021.58044
1741111100473,1021.5808
1741111100518,1021.5665
1741111100554,1021.56995
1741111100574,1021.5818
1741111100614,1021.58636
1741111100656,1021.5901
1741111100673,1021.5813
1741111100713,1021.5765
1741111100758,1021.58057
1741111100773,1021.5713
1741111100815,1021.56
1741111100859,1021.56067
1741111100873,1021.5676
1741111100913,1021.5712
1741111100953,1021.57153
1741111100974,1021.5678
1741111101015,1021.56775
1741111101056,1021.5853
1741111101073,1021.5879
1741111101113,1021.59094
1741111101153,1021.59106
1741111101173,1021.5844
1741111101214,1021.58984
1741111101253,1021.5812
1741111101273,1021.57874
1741111101321,1021.57355
1741111101354,1021.5713
1741111101372,1021.5838
1741111101416,1021.5899
1741111101453,1021.58887
1741111101475,1021.5829
1741111101512,1021.5847
1741111101553,1021.58105
1741111101572,1021.5749
1741111101614,1021.5812
1741111101652,1021.57886
1741111101674,1021.5804
1741111101717,1021.5848
1741111101753,1021.5799
1741111101778,1021.5817
1741111101813,1021.59143
1741111101853,1021.5935
1741111101872,1021.5982
1741111101913,1021.5947
1741111101955,1021.6015
1741111101972,1021.6033
1741111102016,1021.5963
1741111102059,1021.6033
1741111102072,1021.62555
1741111102113,1021.6237
1741111102166,1021.6123
1741111102173,1021.605
1741111102211,1021.60144
1741111102253,1021.6051
1741111102274,1021.6003
1741111102313,1021.6076
1741111102356,1021.60815
1741111102372,1021.61426
1741111102413,1021.6184
1741111102453,1021.62146
1741111102472,1021.6235
1741111102512,1021.61536
1741111102556,1021.6155
1741111102572,1021.61505
1741111102614,1021.6174
1741111102651,1021.6204
1741111102675,1021.62445
1741111102713,1021.62964
1741111102752,1021.6293
1741111102772,1021.6326
1741111102814,1021.62964
1741111102854,1021.63257
1741111102872,1021.6377
1741111102914,1021.6356
1741111102952,1021.63855
1741111102973,1021.6422
1741111103023,1021.64246
1741111103053,1021.63416
1741111103074,1021.636
1741111103118,1021.6275
1741111103152,1021.62384
1741111103173,1021.62286
1741111103225,1021.6255
1741111103252,1021.6243
1741111103272,1021.62256
1741111103312,1021.6281
1741111103357,1021.6346
1741111103372,1021.63635
1741111103411,1021.63904
1741111103453,1021.64453
1741111103475,1021.6485
1741111103512,1021.6483
1741111103551,1021.65155
1741111103571,1021.65283
1741111103612,1021.66473
1741111103659,1021.666
1741111103671,1021.661
1741111103711,1021.65845
1741111103752,1021.66016
1741111103772,1021.6533
1741111103817,1021.65283
1741111103852,1021.6492
1741111103872,1021.6476
1741111103911,1021.6465
1741111103954,1021.6533
1741111103974,1021.6587
1741111104011,1021.6542
1741111104052,1021.65424
1741111104071,1021.65594
1741111104114,1021.6572
1741111104151,1021.6638
1741111104171,1021.6622
1741111104212,1021.66235
1741111104253,1021.66547
1741111104273,1021.6648
1741111104311,1021.66077
1741111104351,1021.65936
1741111104371,1021.65857
1741111104412,1021.6565
1741111104452,1021.66223
1741111104470,1021.6691
1741111104511,1021.66583
1741111104551,1021.67615
1741111104571,1021.67633
1741111104610,1021.68115
1741111104650,1021.6885
1741111104671,1021.6907
1741111104710,1021.6907
1741111104751,1021.68896
1741111104770,1021.6828
1741111104811,1021.68555
1741111104851,1021.68677
1741111104872,1021.68524
1741111104911,1021.6851
1741111104951,1021.6876
1741111104971,1021.6809
1741111105011,1021.6758
1741111105052,1021.6719
1741111105077,1021.6647
1741111105118,1021.66376
1741111105155,1021.66003
1741111105174,1021.6655
1741111105211,1021.6685
1741111105252,1021.68054
1741111105273,1021.67346
1741111105315,1021.6719
1741111105354,1021.6754
1741111105373,1021.6858
1741111105410,1021.6796
1741111105452,1021.6768
1741111105475,1021.6832
1741111105511,1021.6796
1741111105552,1021.66895
1741111105573,1021.6754
1741111105612,1021.66675
1741111105652,1021.6658
1741111105671,1021.6661
1741111105713,1021.66327
1741111105752,1021.66016
1741111105773,1021.65845
1741111105812,1021.6688
1741111105850,1021.66254
1741111105872,1021.67126
1741111105911,1021.66797
1741111105951,1021.6747
1741111105973,1021.67395
1741111106011,1021.6776
1741111106051,1021.6764
1741111106071,1021.6772
1741111106112,1021.68567
1741111106151,1021.68945
1741111106171,1021.67664
1741111106212,1021.672
1741111106251,1021.6654
1741111106275,1021.6607
1741111106310,1021.6688
1741111106351,1021.6749
1741111106373,1021.67395
1741111106416,1021.6791
1741111106452,1021.682
1741111106472,1021.6632
1741111106510,1021.66943
1741111106552,1021.675
1741111106575,1021.68805
1741111106611,1021.68787
1741111106651,1021.68195
1741111106675,1021.68445
1741111106711,1021.6836
1741111106752,1021.683
1741111106771,1021.67346
1741111106811,1021.6716
1741111106854,1021.666
1741111106869,1021.6672
1741111106910,1021.66815
1741111106952,1021.6669
1741111106972,1021.6736
1741111107019,1021.6785
1741111107056,1021.68524
1741111107073,1021.68225
1741111107110,1021.67865
1741111107159,1021.6811
1741111107171,1021.6776
1741111107211,1021.6726
1741111107249,1021.67523
1741111107272,1021.6643
1741111107312,1021.6719
1741111107349,1021.68146
1741111107371,1021.68713
1741111107410,1021.6924
1741111107452,1021.69415
1741111107470,1021.6927
1741111107511,1021.6924
1741111107552,1021.6845
1741111107571,1021.6711
1741111107610,1021.66797
1741111107650,1021.6672
1741111107678,1021.67816
1741111107710,1021.68494
1741111107753,1021.68665
1741111107772,1021.68665
1741111107811,1021.6825
1741111107850,1021.6841
1741111107871,1021.6914
1741111107916,1021.6908
1741111107950,1021.6897
1741111107974,1021.69476
1741111108011,1021.6998
1741111108053,1021.6991
1741111108072,1021.6991
1741111108110,1021.70654
1741111108150,1021.7176
1741111108170,1021.723
1741111108208,1021.7184
1741111108251,1021.7191
1741111108270,1021.7185
1741111108310,1021.71265
1741111108357,1021.7117
1741111108372,1021.71204
1741111108412,1021.7061
1741111108449,1021.7124
1741111108471,1021.7077
1741111108510,1021.70825
1741111108558,1021.7097
1741111108572,1021.7199
1741111108610,1021.72034
1741111108648,1021.71747
1741111108672,1021.71686
1741111108709,1021.7107
1741111108754,1021.7092
1741111108771,1021.72205
1741111108809,1021.7169
1741111108849,1021.718
1741111108869,1021.7282
1741111108908,1021.7257
1741111108949,1021.72015
1741111108972,1021.72485
1741111109016,1021.715
1741111109049,1021.7055
1741111109069,1021.71387
1741111109110,1021.7235
1741111109149,1021.72614
1741111109171,1021.72034
1741111109210,1021.72363
1741111109250,1021.73425
1741111109274,1021.72577
1741111109315,1021.73926
1741111109349,1021.73566
1741111109369,1021.7456
1741111109409,1021.75574
1741111109449,1021.76416
1741111109471,1021.75287
1741111109510,1021.7597
1741111109550,1021.7547
1741111109570,1021.75256
1741111109610,1021.74536
1741111109648,1021.7455
1741111109671,1021.7515
1741111109709,1021.7453
1741111109750,1021.7422
1741111109774,1021.74396
1741111109808,1021.7463
1741111109854,1021.74756
1741111109868,1021.75415
1741111109910,1021.75555
1741111109950,1021.7554
1741111109975,1021.7567
1741111110013,1021.75073
1741111110051,1021.7517
1741111110069,1021.7555
1741111110109,1021.7511
1741111110147,1021.7645
1741111110168,1021.7713
1741111110209,1021.77637
1741111110255,1021.7857
1741111110271,1021.78235
1741111110312,1021.77
1741111110350,1021.7748
1741111110368,1021.7791
1741111110408,1021.7792
1741111110448,1021.778
1741111110471,1021.777
1741111110510,1021.77344
1741111110551,1021.7824
1741111110569,1021.7815
1741111110608,1021.77985
1741111110649,1021.7907
1741111110669,1021.79517
1741111110712,1021.80035
1741111110749,1021.8096
1741111110769,1021.8055
1741111110807,1021.80835
1741111110849,1021.8168
1741111110869,1021.8161
1741111110908,1021.8352
1741111110950,1021.8367
1741111110968,1021.8297
1741111111019,1021.8303
1741111111047,1021.824
1741111111069,1021.8243
1741111111109,1021.8209
1741111111149,1021.81775
1741111111171,1021.82825
1741111111210,1021.82556
1741111111249,1021.8209
1741111111275,1021.82336
1741111111307,1021.8296
1741111111347,1021.8295
1741111111368,1021.8233
1741111111412,1021.8252
1741111111449,1021.8362
1741111111467,1021.8385
1741111111506,1021.8342
1741111111548,1021.8345
1741111111566,1021.83435
1741111111609,1021.8301
1741111111649,1021.82336
1741111111679,1021.8184
1741111111710,1021.825
1741111111750,1021.8269
1741111111770,1021.8357
1741111111809,1021.84375
1741111111851,1021.8456
1741111111867,1021.8473
1741111111908,1021.852
1741111111953,1021.85626
1741111111969,1021.8464
1741111112008,1021.84393
1741111112048,1021.8478
1741111112070,1021.8528
1741111112109,1021.85693
1741111112152,1021.8652
1741111112170,1021.86346
1741111112206,1021.8569
1741111112249,1021.859
1741111112278,1021.8512
1741111112310,1021.8519
1741111112348,1021.848
1741111112374,1021.86
1741111112406,1021.8628
1741111112447,1021.8691
1741111112470,1021.8703
1741111112506,1021.8607
1741111112550,1021.85474
1741111112566,1021.8567
1741111112608,1021.86395
1741111112648,1021.8607
1741111112669,1021.8612
1741111112707,1021.86554
1741111112747,1021.86664
1741111112772,1021.8644
1741111112807,1021.85864
1741111112848,1021.85913
1741111112868,1021.8629
1741111112907,1021.8692
1741111112947,1021.8722
1741111112969,1021.86804
1741111113007,1021.86346
1741111113046,1021.872
1741111113082,1021.8691
1741111113106,1021.8766
1741111113148,1021.87854
1741111113170,1021.8742
1741111113224,1021.87134
1741111113247,1021.87744
1741111113266,1021.8901
1741111113306,1021.88617
1741111113347,1021.8911
1741111113366,1021.88995
1741111113406,1021.8889
1741111113449,1021.89856
1741111113467,1021.90576
1741111113508,1021.90784
1741111113548,1021.9111
1741111113569,1021.8952
1741111113607,1021.89453
1741111113648,1021.90533
1741111113674,1021.90674
1741111113707,1021.90564
1741111113751,1021.90356
1741111113769,1021.89435
1741111113806,1021.904
1741111113848,1021.90985
1741111113865,1021.9082
1741111113909,1021.9122
1741111113946,1021.9178
1741111113979,1021.9248
1741111114005,1021.9292
1741111114045,1021.9247
1741111114068,1021.9308
1741111114108,1021.92554
1741111114146,1021.939
1741111114165,1021.9531
1741111114208,1021.9419
1741111114246,1021.9418
1741111114269,1021.9447
1741111114308,1021.93726
1741111114345,1021.9303
1741111114365,1021.9244
1741111114406,1021.92334
1741111114449,1021.92456
1741111114466,1021.92676
1741111114512,1021.9201
1741111114545,1021.9184
1741111114566,1021.92444
1741111114606,1021.9306
1741111114645,1021.937
1741111114667,1021.9412
1741111114705,1021.9467
1741111114748,1021.9524
1741111114764,1021.94415
1741111114807,1021.94794
1741111114851,1021.9486
1741111114866,1021.9586
1741111114911,1021.94904
1741111114949,1021.95374
1741111114965,1021.95807
1741111115005,1021.9536
1741111115045,1021.95984
1741111115068,1021.9618
1741111115105,1021.95184
1741111115149,1021.9488
1741111115164,1021.94147
1741111115206,1021.943
1741111115245,1021.9481
1741111115272,1021.95996
1741111115305,1021.95374
1741111115347,1021.9569
1741111115369,1021.9595
1741111115405,1021.95996
1741111115449,1021.9617
1741111115466,1021.9698
1741111115505,1021.9632
1741111115546,1021.97217
1741111115568,1021.9741
1741111115608,1021.97705
1741111115645,1021.9738
1741111115665,1021.9897
1741111115704,1021.98895
1741111115748,1021.98456
1741111115765,1022.0037
1741111115808,1022.00116
1741111115847,1021.9959
1741111115868,1021.98224
1741111115905,1021.9777
1741111115949,1021.96967
1741111115968,1021.97906
1741111116005,1021.9717
1741111116048,1021.97345
1741111116064,1021.969
1741111116109,1021.9792
1741111116145,1021.9793
1741111116167,1021.97455
1741111116204,1021.9744
1741111116246,1021.969
1741111116273,1021.9569
1741111116305,1021.9656
1741111116344,1021.9792
1741111116364,1021.9835
1741111116404,1021.9778
1741111116445,1021.98096
1741111116464,1021.9882
1741111116512,1022.0174
1741111116544,1022.0215
1741111116565,1022.022
1741111116610,1022.02716
1741111116644,1022.0214
1741111116664,1022.0237
1741111116709,1022.01587
1741111116745,1022.00446
1741111116765,1021.98145
1741111116803,1021.9779
1741111116845,1021.99023
1741111116873,1021.99207
1741111116908,1021.9951
1741111116948,1021.9863
1741111116964,1021.99695
1741111117009,1022.0037
1741111117044,1021.99774
1741111117069,1021.9896
1741111117104,1021.99207
1741111117146,1021.9822
1741111117164,1021.9796
1741111117204,1021.9883
1741111117245,1021.9903
1741111117264,1021.9873
1741111117305,1021.98486
1741111117349,1021.9866
1741111117364,1021.99866
1741111117409,1021.9967
1741111117445,1021.9893
1741111117464,1021.9845
1741111117509,1021.98456
1741111117544,1021.9785
1741111117565,1021.97815
1741111117612,1021.9814
1741111117645,1021.9866
1741111117665,1021.98126
1741111117708,1021.97723
1741111117745,1021.9832
1741111117770,1021.9895
1741111117809,1021.98505
1741111117843,1021.99493
1741111117865,1021.99896
1741111117903,1021.99133
1741111117944,1021.9934
1741111117964,1021.9913
1741111118003,1021.98596
1741111118043,1021.9796
1741111118064,1021.967
1741111118103,1021.97577
1741111118143,1021.98254
1741111118163,1022.0153
1741111118203,1022.0314
1741111118248,1022.024
1741111118270,1022.0161
1741111118303,1022.00006
1741111118344,1021.98016
1741111118365,1021.9778
1741111118404,1021.97534
1741111118443,1021.9852
1741111118464,1021.99066
1741111118505,1021.99347
1741111118543,1021.9904
1741111118564,1021.9894
1741111118605,1021.98035
1741111118643,1021.9806
1741111118664,1021.98096
1741111118704,1021.9791
1741111118743,1021.9891
1741111118769,1021.9927
1741111118806,1021.9983
1741111118844,1021.98663
1741111118867,1021.982
1741111118903,1021.97876
1741111118945,1021.97375
1741111118963,1021.97754
1741111119006,1021.9815
1741111119043,1021.9805
1741111119082,1021.9824
1741111119103,1021.9754
1741111119151,1021.9773
1741111119163,1021.9857
1741111119228,1021.98645
1741111119242,1021.9862
1741111119284,1021.97534
1741111119303,1021.98175
1741111119344,1021.97644
1741111119382,1021.9768
1741111119404,1021.97656
1741111119455,1021.98083
1741111119464,1021.98505
1741111119504,1021.9819
1741111119542,1021.9757
1741111119584,1021.97784
1741111119602,1021.9936
1741111119646,1021.9935
1741111119683,1022.0028
1741111119707,1022.02136
1741111119742,1022.0252
1741111119763,1021.999
1741111119804,1021.9783
1741111119847,1021.9706
1741111119882,1021.9698
1741111119903,1021.9846
1741111119945,1021.98474
1741111119982,1021.9946
1741111120003,1021.99493
1741111120043,1021.9915
1741111120090,1021.98987
1741111120102,1021.96783
1741111120144,1021.97217
1741111120182,1021.9767
1741111120203,1021.9835
1741111120250,1021.9886
1741111120285,1021.9939
1741111120308,1021.9882
1741111120343,1021.9822
1741111120388,1021.98773
1741111120404,1021.986
1741111120442,1021.9903
1741111120481,1021.9921
1741111120502,1021.98834
1741111120545,1021.99023
1741111120582,1021.98706
1741111120603,1021.9846
1741111120643,1021.9866
1741111120682,1021.97864
1741111120703,1021.9701
1741111120742,1021.9722
1741111120785,1021.9725
1741111120803,1021.9739
1741111120843,1021.97986
1741111120882,1021.98376
1741111120902,1021.97107
1741111120944,1021.97644
1741111120983,1021.98376
1741111121003,1021.9771
1741111121041,1021.9785
1741111121082,1021.98206
1741111121103,1021.9999
1741111121142,1021.99805
1741111121184,1021.9987
1741111121202,1021.99677
1741111121243,1021.9843
1741111121283,1021.9641
1741111121302,1021.9738
1741111121341,1021.9793
1741111121382,1021.97894
1741111121406,1021.98596
1741111121445,1021.9947
1741111121484,1021.9841
1741111121503,1021.9711
1741111121549,1021.9705
1741111121581,1021.96814
1741111121605,1021.9799
1741111121641,1021.9813
1741111121683,1021.9883
1741111121705,1021.9839
1741111121742,1021.9834
1741111121782,1021.9786
1741111121803,1021.97345
1741111121849,1021.974
1741111121881,1021.9769
1741111121901,1021.97455
1741111121945,1021.98145
1741111121989,1021.9813
1741111122000,1021.97894
1741111122049,1021.97595
1741111122082,1021.9821
1741111122103,1021.975
1741111122142,1021.978
1741111122186,1021.97656
1741111122203,1021.96246
1741111122241,1021.95984
1741111122289,1021.95734
1741111122301,1021.962
1741111122342,1021.97424
1741111122385,1021.9812
1741111122402,1021.9878
1741111122443,1021.99023
1741111122481,1022.00134
1741111122503,1022.00586
1741111122541,1022.0025
1741111122582,1021.98535
1741111122606,1021.9769
1741111122642,1021.96136
1741111122688,1021.94604
1741111122701,1021.9509
1741111122741,1021.9592
1741111122781,1021.9668
1741111122805,1021.97046
1741111122841,1021.96246
1741111122882,1021.95135
1741111122901,1021.96924
1741111122946,1021.96423
1741111122982,1021.9565
1741111123003,1021.9424
1741111123043,1021.95074
1741111123089,1021.9719
1741111123100,1021.96234
1741111123148,1021.9634
1741111123182,1021.9568
1741111123201,1021.9582
1741111123241,1021.9671
1741111123282,1021.95654
1741111123301,1021.955
1741111123342,1021.95496
1741111123380,1021.96173
1741111123409,1021.95996
1741111123452,1021.95435
1741111123480,1021.9543
1741111123512,1021.9514
1741111123543,1021.9453
1741111123583,1021.9404
1741111123600,1021.9308
1741111123641,1021.9243
1741111123680,1021.91547
1741111123705,1021.9249
1741111123742,1021.92004
1741111123783,1021.91266
1741111123802,1021.9225
1741111123843,1021.9474
1741111123885,1021.95807
1741111123902,1021.9514
1741111123944,1021.94965
1741111123982,1021.93884
1741111124006,1021.9347
1741111124040,1021.9197
1741111124103,1021.90894
1741111124103,1021.9106
1741111124142,1021.9176
1741111124181,1021.9085
1741111124200,1021.9108
1741111124240,1021.9034
1741111124280,1021.9128
1741111124301,1021.9016
1741111124346,1021.90216
1741111124381,1021.9058
1741111124402,1021.902
1741111124440,1021.9078
1741111124482,1021.9219
1741111124502,1021.9281
1741111124539,1021.9227
1741111124583,1021.9264
1741111124602,1021.9155
1741111124640,1021.9152
1741111124681,1021.9181
1741111124700,1021.9029
1741111124741,1021.8937
1741111124780,1021.8956
1741111124800,1021.90063
1741111124840,1021.90295
1741111124883,1021.9056
1741111124903,1021.9039
1741111124939,1021.90393
1741111124982,1021.89886
1741111125001,1021.8902
1741111125042,1021.88513
1741111125080,1021.8984
1741111125101,1021.89197
1741111125140,1021.88855
1741111125182,1021.88654
1741111125199,1021.897
1741111125241,1021.9094
1741111125280,1021.91925
1741111125303,1021.92645
1741111125342,1021.91876
1741111125381,1021.90234
1741111125411,1021.8898
1741111125441,1021.88446
1741111125479,1021.8826
1741111125500,1021.8964
1741111125542,1021.91437
1741111125588,1021.90845
1741111125603,1021.8922
1741111125641,1021.8749
1741111125689,1021.8782
1741111125699,1021.87537
1741111125740,1021.86786
1741111125780,1021.88293
1741111125799,1021.8866
1741111125839,1021.89355
1741111125881,1021.8883
1741111125904,1021.8875
1741111125940,1021.88916
1741111125981,1021.89453
1741111126000,1021.8857
1741111126040,1021.8854
1741111126080,1021.8943
1741111126109,1021.8944
1741111126139,1021.8917
1741111126180,1021.89166
1741111126200,1021.888
1741111126241,1021.89307
1741111126285,1021.89
1741111126298,1021.8726
1741111126348,1021.86194
1741111126381,1021.8633
1741111126400,1021.8523
1741111126442,1021.8627
1741111126480,1021.8727
1741111126501,1021.86487
1741111126539,1021.8655
1741111126581,1021.8718
1741111126600,1021.886
1741111126639,1021.88696
1741111126686,1021.8783
1741111126705,1021.8685
1741111126739,1021.8822
1741111126779,1021.88184
1741111126799,1021.8836
1741111126840,1021.8931
1741111126883,1021.8998
1741111126901,1021.9004
1741111126940,1021.8985
1741111126979,1021.88306
1741111127000,1021.87695
1741111127042,1021.88354
1741111127081,1021.8729
1741111127102,1021.8751
1741111127140,1021.8845
1741111127179,1021.88196
1741111127200,1021.88257
1741111127238,1021.88556
1741111127279,1021.8736
1741111127300,1021.8742
1741111127338,1021.8798
1741111127382,1021.8807
1741111127401,1021.87476
1741111127439,1021.8794
1741111127479,1021.87683
1741111127500,1021.86993
1741111127549,1021.8596
1741111127580,1021.85846
1741111127601,1021.8594
1741111127656,1021.85364
1741111127679,1021.855
1741111127699,1021.8511
1741111127740,1021.8415
1741111127780,1021.84265
1741111127805,1021.8576
1741111127839,1021.8659
1741111127885,1021.8761
1741111127899,1021.86597
1741111127942,1021.8848
1741111127979,1021.89307
1741111127999,1021.876
1741111128043,1021.86597
1741111128082,1021.85486
1741111128100,1021.85693
1741111128139,1021.849
1741111128226,1021.8521
1741111128226,1021.8667
1741111128238,1021.8772
1741111128280,1021.8732
1741111128299,1021.8702
1741111128338,1021.8697
1741111128380,1021.8724
1741111128400,1021.88574
1741111128439,1021.8861
1741111128481,1021.8854
1741111128500,1021.89026
1741111128538,1021.8996
1741111128581,1021.89343
1741111128600,1021.8759
1741111128639,1021.8659
1741111128679,1021.8611
1741111128699,1021.8553
1741111128738,1021.85815
1741111128779,1021.85736
1741111128803,1021.86194
1741111128836,1021.8565
1741111128880,1021.8478
1741111128910,1021.85095
1741111128938,1021.85034
1741111128981,1021.85187
1741111128998,1021.8526
1741111129038,1021.85034
1741111129077,1021.84436
1741111129100,1021.86145
1741111129138,1021.8651
1741111129185,1021.8678
1741111129198,1021.8785
1741111129238,1021.8884
1741111129280,1021.89514
1741111129298,1021.88904
1741111129338,1021.88104
1741111129379,1021.8749
1741111129397,1021.8657
1741111129437,1021.86194
1741111129481,1021.85986
1741111129498,1021.85547
1741111129538,1021.8552
1741111129577,1021.8553
1741111129597,1021.859
1741111129637,1021.8627
1741111129676,1021.86035
1741111129696,1021.8648
1741111129736,1021.8623
1741111129777,1021.8694
1741111129797,1021.86816
1741111129838,1021.8677
1741111129878,1021.86646
1741111129898,1021.86804
1741111129938,1021.85864
1741111129983,1021.8668
1741111129996,1021.8711
1741111130044,1021.87427
1741111130089,1021.87445
1741111130096,1021.872
1741111130139,1021.8701
1741111130179,1021.864
1741111130198,1021.8608
1741111130239,1021.8607
1741111130276,1021.86786
1741111130298,1021.8628
1741111130340,1021.8611
1741111130377,1021.8551
1741111130397,1021.8565
1741111130438,1021.85046
1741111130478,1021.8463
1741111130498,1021.8529
1741111130537,1021.8518
1741111130577,1021.85345
1741111130598,1021.8628
1741111130636,1021.873
1741111130677,1021.88354
1741111130698,1021.89484
1741111130736,1021.89197
1741111130777,1021.8773
1741111130798,1021.8661
1741111130837,1021.8557
1741111130888,1021.8481
1741111130896,1021.85754
1741111130950,1021.8728
1741111130981,1021.88153
1741111130998,1021.8763
1741111131038,1021.86096
1741111131083,1021.86426
1741111131096,1021.8718
1741111131136,1021.8855
1741111131177,1021.88477
1741111131196,1021.88116
1741111131237,1021.8776
1741111131276,1021.8841
1741111131296,1021.8756
1741111131336,1021.8654
1741111131382,1021.8723
1741111131398,1021.8764
1741111131439,1021.87366
1741111131478,1021.87555
1741111131500,1021.88257
1741111131539,1021.8873
1741111131576,1021.8901
1741111131597,1021.89233
1741111131639,1021.8919
1741111131677,1021.8841
1741111131696,1021.8763
1741111131736,1021.88055
1741111131776,1021.87866
1741111131799,1021.8934
1741111131836,1021.8984
1741111131881,1021.90985
1741111131896,1021.913
1741111131938,1021.9269
1741111131981,1021.953
1741111131995,1021.96643
1741111132039,1021.9516
1741111132077,1021.9421
1741111132097,1021.9394
1741111132138,1021.93353
1741111132176,1021.9417
1741111132197,1021.9453
1741111132235,1021.9548
1741111132275,1021.94574
1741111132296,1021.9429
1741111132335,1021.933
1741111132375,1021.9455
1741111132396,1021.95746
1741111132435,1021.96576
1741111132480,1021.9601
1741111132501,1021.96497
1741111132536,1021.95734
1741111132575,1021.95575
1741111132596,1021.9576
1741111132650,1021.9651
1741111132676,1021.9645
1741111132696,1021.96924
1741111132736,1021.97656
1741111132778,1021.9705
1741111132810,1021.9794
1741111132839,1021.9743
1741111132878,1021.9619
1741111132898,1021.9512
1741111132936,1021.95166
1741111132976,1021.9506
1741111132995,1021.94635
1741111133037,1021.95337
1741111133079,1021.9697
1741111133100,1021.9691
1741111133144,1021.9773
1741111133176,1021.994
1741111133216,1022.0095
1741111133235,1022.0101
1741111133285,1021.9998
1741111133295,1021.98895
1741111133339,1021.9751
1741111133376,1021.9699
1741111133397,1021.9673
1741111133451,1021.9804
1741111133476,1021.9907
1741111133498,1021.9884
1741111133535,1021.97577
1741111133576,1021.97394
1741111133595,1021.9741
1741111133639,1021.98425
1741111133681,1021.9897
1741111133714,1021.9928
1741111133735,1021.994
1741111133775,1021.9965
1741111133796,1021.98346
1741111133836,1021.9817
1741111133878,1021.97705
1741111133903,1021.9778
1741111133935,1021.9851
1741111133990,1021.9899
1741111133996,1021.98865
1741111134034,1021.9861
1741111134076,1021.98206
1741111134096,1021.9935
1741111134135,1021.9912
1741111134175,1021.9881
1741111134196,1021.9761
1741111134234,1021.9734
1741111134276,1021.969
1741111134296,1021.9702
1741111134335,1021.9782
1741111134375,1021.96564
1741111134396,1021.97955
1741111134436,1021.9743
1741111134475,1021.9753
1741111134494,1021.99255
1741111134538,1022.00977
1741111134575,1022.01166
1741111134595,1022.00146
1741111134635,1021.9923
1741111134681,1021.9912
1741111134694,1021.98236
1741111134737,1021.9861
1741111134774,1021.98724
1741111134802,1021.98175
1741111134836,1021.9749
1741111134875,1021.98
1741111134894,1021.98254
1741111134935,1021.9988
1741111134974,1022.0011
1741111134994,1021.9833
1741111135035,1021.9716
1741111135074,1021.98224
1741111135094,1021.98035
1741111135136,1021.99475
1741111135174,1022.0051
1741111135194,1021.99817
1741111135234,1022.02014
1741111135274,1022.04724
1741111135294,1022.02783
1741111135334,1022.02844
1741111135373,1022.0184
1741111135394,1022.0029
1741111135434,1022.00757
1741111135474,1022.0036
1741111135493,1022.00586
1741111135533,1022.0021
1741111135574,1022.00616
1741111135594,1022.0101
1741111135635,1022.00867
1741111135673,1022.0155
1741111135694,1022.02216
1741111135749,1022.02264
1741111135775,1022.02295
1741111135796,1022.0234
1741111135834,1022.0231
1741111135874,1022.0233
1741111135898,1022.027
1741111135939,1022.02844
1741111135974,1022.02344
1741111135994,1022.02765
1741111136034,1022.02747
1741111136074,1022.02704
1741111136096,1022.04114
1741111136135,1022.04175
1741111136178,1022.0365
1741111136195,1022.03345
1741111136239,1022.0184
1741111136275,1022.0137
1741111136294,1022.02856
1741111136335,1022.02747
1741111136375,1022.03406
1741111136393,1022.037
1741111136441,1022.03656
1741111136475,1022.0404
1741111136495,1022.0486
1741111136533,1022.05774
1741111136574,1022.0668
1741111136594,1022.07025
1741111136633,1022.057
1741111136673,1022.0593
1741111136693,1022.05396
1741111136733,1022.0537
1741111136774,1022.0483
1741111136795,1022.03925
1741111136839,1022.0408
1741111136875,1022.03516
1741111136906,1022.0455
1741111136934,1022.0471
1741111136976,1022.0506
1741111136993,1022.0499
1741111137033,1022.0535
1741111137074,1022.0641
1741111137094,1022.062
1741111137134,1022.06287
1741111137173,1022.06744
1741111137193,1022.0609
1741111137233,1022.05945
1741111137279,1022.0591
1741111137292,1022.06824
1741111137332,1022.0706
1741111137373,1022.07025
1741111137393,1022.0773
1741111137434,1022.07263
1741111137474,1022.0739
1741111137495,1022.0716
1741111137533,1022.0644
1741111137574,1022.0572
1741111137595,1022.0457
1741111137632,1022.0548
1741111137672,1022.0573
1741111137694,1022.0706
1741111137734,1022.0654
1741111137775,1022.0669
1741111137795,1022.06366
1741111137835,1022.0681
1741111137872,1022.07745
1741111137893,1022.0803
1741111137942,1022.0908
1741111137973,1022.0913
1741111137994,1022.0955
1741111138040,1022.11096
1741111138073,1022.1064
1741111138094,1022.09766
1741111138134,1022.095
1741111138172,1022.0909
1741111138194,1022.09204
1741111138235,1022.0912
1741111138296,1022.08405
1741111138296,1022.08203
1741111138333,1022.0863
1741111138374,1022.0841
1741111138393,1022.08966
1741111138436,1022.1003
1741111138472,1022.10547
1741111138493,1022.10284
1741111138539,1022.0973
1741111138572,1022.1074
1741111138593,1022.1099
1741111138632,1022.10535
1741111138672,1022.10974
1741111138694,1022.10455
1741111138734,1022.0987
1741111138773,1022.10364
1741111138793,1022.09155
1741111138850,1022.0952
1741111138873,1022.09607
1741111138893,1022.10004
1741111138932,1022.0955
1741111138974,1022.0885
1741111138992,1022.09607
1741111139033,1022.09564
1741111139073,1022.09174
1741111139092,1022.1029
1741111139132,1022.1035
1741111139180,1022.10144
1741111139192,1022.1122
1741111139233,1022.1251
1741111139281,1022.129
1741111139292,1022.1318
1741111139333,1022.1183
1741111139375,1022.13116
1741111139391,1022.1477
1741111139432,1022.13544
1741111139489,1022.13196
1741111139492,1022.13116
1741111139533,1022.122
1741111139572,1022.11597
1741111139592,1022.1189
1741111139632,1022.1108
1741111139681,1022.1072
1741111139696,1022.11194
1741111139733,1022.12195
1741111139783,1022.1189
1741111139792,1022.116
1741111139841,1022.11255
1741111139874,1022.114
1741111139892,1022.13116
1741111139932,1022.13763
1741111139973,1022.13245
1741111139993,1022.12823
1741111140032,1022.13837
1741111140073,1022.1248
1741111140093,1022.1252
1741111140149,1022.12866
1741111140174,1022.12646
1741111140193,1022.11847
1741111140231,1022.12775
1741111140272,1022.13513
1741111140292,1022.1299
1741111140331,1022.1316
1741111140372,1022.1221
1741111140400,1022.1277
1741111140433,1022.133
1741111140472,1022.121
1741111140499,1022.1221
1741111140531,1022.13525
1741111140573,1022.1398
1741111140591,1022.1428
1741111140631,1022.14856
1741111140672,1022.14923
1741111140695,1022.1713
1741111140733,1022.16595
1741111140773,1022.1576
1741111140794,1022.16974
1741111140832,1022.1719
1741111140878,1022.16736
1741111140911,1022.1665
1741111140932,1022.17267
1741111140972,1022.16626
1741111141010,1022.16724
1741111141032,1022.16895
1741111141070,1022.15356
1741111141092,1022.1554
1741111141132,1022.1505
1741111141170,1022.1521
1741111141212,1022.1411
1741111141242,1022.1418
1741111141273,1022.14294
1741111141316,1022.13696
1741111141331,1022.13104
1741111141373,1022.13916
1741111141391,1022.154
1741111141433,1022.155
1741111141471,1022.1549
1741111141511,1022.1557
1741111141531,1022.1475
1741111141572,1022.1512
1741111141610,1022.1623
1741111141632,1022.1614
1741111141673,1022.1637
1741111141691,1022.1675
1741111141730,1022.17584
1741111141771,1022.1666
1741111141811,1022.1632
1741111141831,1022.1674
1741111141871,1022.15234
1741111141914,1022.15735
1741111141933,1022.16425
1741111141970,1022.1625
1741111142011,1022.1599
1741111142031,1022.15405
1741111142071,1022.1587
1741111142110,1022.1667
1741111142131,1022.1813
1741111142172,1022.1843
1741111142219,1022.1886
1741111142233,1022.1848
1741111142272,1022.1937
1741111142310,1022.2225
1741111142331,1022.2061
1741111142372,1022.206
1741111142412,1022.2039
1741111142431,1022.1873
1741111142472,1022.17725
1741111142514,1022.17163
1741111142533,1022.1716
1741111142570,1022.18787
1741111142611,1022.19086
1741111142631,1022.18896
1741111142672,1022.18555
1741111142711,1022.1906
1741111142730,1022.18475
1741111142770,1022.18286
1741111142812,1022.1847
1741111142830,1022.1828
1741111142871,1022.17804
1741111142910,1022.1735
1741111142931,1022.1687
1741111142971,1022.1735
1741111143011,1022.17834
1741111143030,1022.1823
1741111143071,1022.19147
1741111143110,1022.1949
1741111143131,1022.1955
1741111143170,1022.2102
1741111143210,1022.2253
1741111143231,1022.2266
1741111143270,1022.2107
1741111143309,1022.20575
1741111143331,1022.19946
1741111143374,1022.1954
1741111143412,1022.1931
1741111143429,1022.1846
1741111143475,1022.18317
1741111143511,1022.17944
1741111143530,1022.17554
1741111143573,1022.171
1741111143610,1022.17554
1741111143633,1022.17566
1741111143670,1022.18054
1741111143709,1022.187
1741111143730,1022.1725
1741111143770,1022.1712
1741111143809,1022.1831
1741111143835,1022.1872
1741111143871,1022.18427
1741111143910,1022.1766
1741111143945,1022.1757
1741111143970,1022.17065
1741111144010,1022.1704
1741111144029,1022.1689
1741111144071,1022.1756
1741111144109,1022.17896
1741111144130,1022.1733
1741111144169,1022.17926
1741111144210,1022.1871
1741111144232,1022.18616
1741111144270,1022.1813
1741111144309,1022.189
1741111144331,1022.1818
1741111144370,1022.1783
1741111144410,1022.1604
1741111144430,1022.15356
1741111144470,1022.16595
1741111144510,1022.18036
1741111144530,1022.1771
1741111144570,1022.19775
1741111144611,1022.2293
1741111144629,1022.23987
1741111144672,1022.23517
1741111144708,1022.2166
1741111144730,1022.2096
1741111144769,1022.2037
1741111144810,1022.199
1741111144829,1022.1909
1741111144870,1022.17944
1741111144910,1022.18274
1741111144931,1022.1787
1741111144975,1022.1732
1741111145010,1022.1814
1741111145033,1022.184
1741111145069,1022.1903
1741111145109,1022.19855
1741111145131,1022.2052
1741111145169,1022.2142
1741111145210,1022.2071
1741111145233,1022.19995
1741111145271,1022.20355
1741111145317,1022.20776
1741111145330,1022.2156
1741111145370,1022.2079
1741111145410,1022.19885
1741111145429,1022.20044
1741111145470,1022.2047
1741111145509,1022.193
1741111145532,1022.1919
1741111145571,1022.2075
1741111145609,1022.2119
1741111145639,1022.20374
1741111145669,1022.20374
1741111145712,1022.2068
1741111145729,1022.2139
1741111145769,1022.2132
1741111145812,1022.2114
1741111145830,1022.2036
1741111145870,1022.2108
1741111145909,1022.21466
1741111145929,1022.2108
1741111145968,1022.218
1741111146008,1022.2253
1741111146031,1022.2259
1741111146069,1022.22034
1741111146112,1022.22955
1741111146130,1022.23
1741111146183,1022.2253
1741111146208,1022.2242
1741111146229,1022.23596
1741111146268,1022.23987
1741111146309,1022.25256
1741111146332,1022.24835
1741111146378,1022.2335
1741111146409,1022.2305
1741111146429,1022.23
1741111146471,1022.22955
1741111146507,1022.2309
1741111146531,1022.2272
1741111146571,1022.22485
1741111146609,1022.23486
1741111146630,1022.2398
1741111146668,1022.2437
1741111146709,1022.2523
1741111146738,1022.25507
1741111146768,1022.25055
1741111146809,1022.2507
1741111146829,1022.27747
1741111146872,1022.26733
1741111146910,1022.2786
1741111146928,1022.27075
1741111146969,1022.26416
1741111147010,1022.2516
1741111147030,1022.2487
1741111147070,1022.2522
1741111147110,1022.2568
1741111147129,1022.2451
1741111147168,1022.235
1741111147209,1022.2341
1741111147227,1022.25964
1741111147267,1022.2596
1741111147309,1022.2554
1741111147330,1022.2625
1741111147367,1022.2727
1741111147413,1022.2682
1741111147430,1022.26654
1741111147470,1022.27515
1741111147509,1022.2773
1741111147530,1022.27924
1741111147586,1022.277
1741111147608,1022.2749
1741111147630,1022.27905
1741111147667,1022.2688
1741111147708,1022.2751
1741111147732,1022.2773
1741111147768,1022.2731
1741111147815,1022.2614
1741111147830,1022.2561
1741111147868,1022.25854
1741111147908,1022.2664
1741111147929,1022.26746
1741111147967,1022.282
1741111148009,1022.2813
1741111148028,1022.2808
1741111148069,1022.2864
1741111148107,1022.29535
1741111148128,1022.2895
1741111148168,1022.29846
1741111148208,1022.2984
1741111148228,1022.3045
1741111148298,1022.3148
1741111148306,1022.30597
1741111148326,1022.29535
1741111148382,1022.2864
1741111148407,1022.296
1741111148428,1022.3026
1741111148469,1022.3037
1741111148508,1022.30133
1741111148529,1022.30566
1741111148567,1022.3023
1741111148610,1022.29926
1741111148627,1022.28845
1741111148669,1022.2935
1741111148709,1022.2868
1741111148727,1022.29443
1741111148773,1022.2932
1741111148811,1022.2948
1741111148835,1022.2997
1741111148866,1022.2952
1741111148908,1022.30695
1741111148928,1022.3088
1741111148969,1022.31354
1741111149008,1022.3095
1741111149026,1022.3228
1741111149069,1022.3146
1741111149107,1022.31287
1741111149128,1022.3219
1741111149173,1022.3287
1741111149206,1022.3249
1741111149231,1022.317
1741111149269,1022.3087
1741111149308,1022.31055
1741111149329,1022.3098
1741111149366,1022.3072
1741111149411,1022.3096
1741111149428,1022.3115
1741111149468,1022.31805
1741111149506,1022.3162
1741111149526,1022.3095
1741111149566,1022.3109
1741111149606,1022.32556
1741111149627,1022.33
1741111149673,1022.3345
1741111149706,1022.33167
1741111149726,1022.33374
1741111149766,1022.3478
1741111149809,1022.3424
1741111149830,1022.34595
1741111149868,1022.36163
1741111149907,1022.3647
1741111149928,1022.3617
1741111149970,1022.3561
1741111150006,1022.3565
1741111150026,1022.353
1741111150068,1022.3521
1741111150105,1022.3525
1741111150126,1022.35876
1741111150166,1022.35223
1741111150208,1022.3462
1741111150226,1022.33905
1741111150269,1022.3338
1741111150306,1022.3278
1741111150330,1022.34033
1741111150366,1022.34247
1741111150409,1022.346
1741111150431,1022.3633
1741111150466,1022.3575
1741111150513,1022.3618
1741111150529,1022.3595
1741111150567,1022.35864
1741111150610,1022.3604
1741111150628,1022.3606
1741111150666,1022.3565
1741111150711,1022.355
1741111150730,1022.3588
1741111150766,1022.36127
1741111150806,1022.3507
1741111150826,1022.342
1741111150868,1022.32605
1741111150906,1022.321
1741111150926,1022.31665
1741111150966,1022.32355
1741111151011,1022.3401
1741111151030,1022.34894
1741111151066,1022.3441
1741111151108,1022.3485
1741111151125,1022.35486
1741111151169,1022.3547
1741111151205,1022.3627
1741111151226,1022.36414
1741111151266,1022.36365
1741111151309,1022.37634
1741111151324,1022.39386
1741111151365,1022.38965
1741111151408,1022.3793
1741111151428,1022.37787
1741111151465,1022.3777
1741111151508,1022.3833
1741111151525,1022.3826
1741111151565,1022.3835
1741111151614,1022.3776
1741111151629,1022.38086
1741111151667,1022.37305
1741111151708,1022.3667
1741111151725,1022.37585
1741111151765,1022.38293
1741111151805,1022.38745
1741111151829,1022.39026
1741111151865,1022.3778
1741111151906,1022.3783
1741111151930,1022.37665
1741111151968,1022.3891
1741111152006,1022.404
1741111152033,1022.3998
1741111152067,1022.39966
1741111152106,1022.39465
1741111152126,1022.3848
1741111152179,1022.391
1741111152208,1022.3844
1741111152230,1022.3834
1741111152266,1022.3761
1741111152306,1022.37274
1741111152329,1022.37775
1741111152366,1022.37897
1741111152404,1022.38464
1741111152425,1022.3785
1741111152465,1022.3788
1741111152505,1022.3812
1741111152528,1022.3956
1741111152565,1022.4006
1741111152609,1022.4004
1741111152625,1022.4018
1741111152666,1022.4114
1741111152706,1022.4153
1741111152725,1022.41486
1741111152763,1022.41516
1741111152805,1022.42773
1741111152825,1022.4111
1741111152864,1022.38806
1741111152904,1022.38794
1741111152924,1022.3968
1741111152964,1022.3889
1741111153011,1022.3942
1741111153028,1022.3984
1741111153064,1022.3979
1741111153105,1022.3917
1741111153126,1022.38904
1741111153164,1022.3835
1741111153205,1022.38403
1741111153226,1022.37585
1741111153265,1022.38525
1741111153305,1022.3876
1741111153324,1022.39246
1741111153363,1022.39386
1741111153404,1022.3884
1741111153423,1022.38794
1741111153470,1022.3934
1741111153504,1022.3977
1741111153531,1022.4009
1741111153564,1022.39734
1741111153604,1022.4074
1741111153631,1022.4135
1741111153664,1022.4118
1741111153705,1022.4094
1741111153730,1022.3947
1741111153764,1022.3892
1741111153806,1022.3928
1741111153825,1022.39825
1741111153864,1022.38214
1741111153906,1022.3835
1741111153925,1022.3866
1741111153970,1022.3857
1741111154005,1022.3947
1741111154026,1022.4006
1741111154063,1022.39233
1741111154105,1022.3979
1741111154131,1022.39404
1741111154163,1022.404
1741111154207,1022.43115
1741111154231,1022.42615
1741111154264,1022.41895
1741111154304,1022.4149
1741111154323,1022.41095
1741111154384,1022.4131
1741111154403,1022.41187
1741111154424,1022.4075
1741111154465,1022.411
1741111154505,1022.40814
1741111154525,1022.4028
1741111154562,1022.4073
1741111154604,1022.4043
1741111154637,1022.4077
1741111154665,1022.3994
1741111154705,1022.3978
1741111154724,1022.397
1741111154764,1022.3876
1741111154805,1022.37286
1741111154823,1022.37634
1741111154864,1022.3771
1741111154903,1022.381
1741111154923,1022.39404
1741111154963,1022.411
1741111155004,1022.4127
1741111155029,1022.411
1741111155069,1022.4004
1741111155105,1022.4037
1741111155125,1022.39294
1741111155163,1022.39246
1741111155203,1022.38434
1741111155223,1022.3829
1741111155263,1022.3783
1741111155303,1022.3751
1741111155324,1022.3907
1741111155364,1022.4027
1741111155403,1022.40295
1741111155424,1022.4103
1741111155472,1022.4095
1741111155503,1022.4043
1741111155533,1022.40106
1741111155564,1022.40674
1741111155603,1022.41595
1741111155623,1022.4147
1741111155664,1022.405
1741111155704,1022.3979
1741111155724,1022.40356
1741111155763,1022.40576
1741111155803,1022.40936
1741111155823,1022.40063
1741111155864,1022.40234
1741111155905,1022.39935
1741111155923,1022.3939
1741111155963,1022.39026
1741111156011,1022.38983
1741111156029,1022.3827
1741111156062,1022.38947
1741111156103,1022.38794
1741111156128,1022.3963
1741111156163,1022.4027
1741111156204,1022.3998
1741111156223,1022.39404
1741111156263,1022.3986
1741111156311,1022.4055
1741111156322,1022.4062
1741111156366,1022.42365
1741111156402,1022.42505
1741111156424,1022.4208
1741111156467,1022.401
1741111156503,1022.3841
1741111156524,1022.3847
1741111156563,1022.3915
1741111156603,1022.392
1741111156624,1022.3983
1741111156663,1022.40063
1741111156702,1022.4003
1741111156723,1022.3972
1741111156765,1022.39056
1741111156803,1022.3945
1741111156825,1022.39746
1741111156862,1022.3967
1741111156902,1022.40735
1741111156923,1022.4118
1741111156962,1022.40894
1741111157005,1022.41003
1741111157022,1022.4051
1741111157071,1022.40814
1741111157102,1022.4087
1741111157122,1022.4091
1741111157162,1022.40283
1741111157201,1022.394
1741111157222,1022.386
1741111157266,1022.3893
1741111157302,1022.39825
1741111157326,1022.3988
1741111157363,1022.4023
1741111157403,1022.4102
1741111157421,1022.4131
1741111157462,1022.40796
1741111157504,1022.3907
1741111157521,1022.3871
1741111157563,1022.4066
1741111157603,1022.41187
1741111157622,1022.4158
1741111157662,1022.414
1741111157701,1022.4332
1741111157722,1022.4393
1741111157764,1022.43933
1741111157802,1022.43115
1741111157822,1022.4271
1741111157862,1022.41986
1741111157903,1022.419
1741111157924,1022.4166
1741111157961,1022.4138
1741111158003,1022.4006
1741111158023,1022.4057
1741111158061,1022.40125
1741111158104,1022.4026
1741111158148,1022.4154
1741111158161,1022.42523
1741111158202,1022.4241
1741111158229,1022.43054
1741111158291,1022.428
1741111158302,1022.4268
1741111158322,1022.42883
1741111158366,1022.43054
1741111158402,1022.42194
1741111158424,1022.41785
1741111158469,1022.4137
1741111158501,1022.4111
1741111158523,1022.4151
1741111158562,1022.4085
1741111158601,1022.4093
1741111158622,1022.4105
1741111158663,1022.42126
1741111158701,1022.42944
1741111158722,1022.43475
1741111158769,1022.4559
1741111158802,1022.4628
1741111158826,1022.4612
1741111158874,1022.4624
1741111158902,1022.4492
1741111158922,1022.4402
1741111158965,1022.4334
1741111159002,1022.42505
1741111159024,1022.4149
1741111159061,1022.4266
1741111159102,1022.42834
1741111159121,1022.4232
1741111159163,1022.41986
1741111159201,1022.4293
1741111159223,1022.43933
1741111159269,1022.44586
1741111159301,1022.4535
1741111159330,1022.44946
1741111159363,1022.4503
1741111159404,1022.44336
1741111159422,1022.4354
1741111159462,1022.4341
1741111159502,1022.4363
1741111159535,1022.43994
1741111159560,1022.44727
1741111159602,1022.4363
1741111159621,1022.43665
1741111159664,1022.4453
1741111159703,1022.4515
1741111159723,1022.4535
1741111159763,1022.4507
1741111159804,1022.4511
1741111159821,1022.45404
1741111159865,1022.4439
1741111159901,1022.43835
1741111159921,1022.4486
1741111159961,1022.45435
1741111160001,1022.4415
1741111160020,1022.4537
1741111160067,1022.4773
1741111160100,1022.48834
1741111160121,1022.4768
1741111160160,1022.4724
1741111160200,1022.4613
1741111160221,1022.4475
1741111160262,1022.44336
1741111160306,1022.4531
1741111160321,1022.46594
1741111160363,1022.46326
1741111160407,1022.4506
1741111160420,1022.45374
1741111160461,1022.4456
1741111160500,1022.4496
1741111160520,1022.46027
1741111160565,1022.4493
1741111160602,1022.4495
1741111160622,1022.455
1741111160663,1022.4526
1741111160701,1022.45593
1741111160721,1022.4574
1741111160760,1022.4585
1741111160803,1022.458
1741111160822,1022.4626
1741111160865,1022.46515
1741111160902,1022.4609
1741111160921,1022.4535
1741111160969,1022.46436
1741111161000,1022.4669
1741111161021,1022.4576
1741111161060,1022.4535
1741111161101,1022.4469
1741111161120,1022.441
1741111161162,1022.4471
1741111161205,1022.44824
1741111161222,1022.4495
1741111161259,1022.4609
1741111161302,1022.4706
1741111161321,1022.4941
1741111161360,1022.4946
1741111161406,1022.4846
1741111161419,1022.47003
1741111161464,1022.4603
1741111161500,1022.45953
1741111161522,1022.46985
1741111161561,1022.47363
1741111161602,1022.47546
1741111161619,1022.4712
1741111161661,1022.4592
1741111161699,1022.46136
1741111161720,1022.4486
1741111161761,1022.45953
1741111161804,1022.46106
1741111161821,1022.4716
1741111161861,1022.48206
1741111161900,1022.47595
1741111161921,1022.47144
1741111161959,1022.4617
1741111162000,1022.4573
1741111162023,1022.46606
1741111162068,1022.462
1741111162101,1022.46234
1741111162121,1022.4648
1741111162170,1022.4653
1741111162199,1022.46967
1741111162221,1022.46027
1741111162260,1022.4613
1741111162300,1022.4547
1741111162319,1022.449
1741111162364,1022.4437
1741111162400,1022.44635
1741111162421,1022.452
1741111162466,1022.4696
1741111162501,1022.47076
1741111162520,1022.48
1741111162563,1022.5033
1741111162599,1022.49927
1741111162626,1022.47974
1741111162659,1022.47565
1741111162701,1022.4658
1741111162720,1022.46533
1741111162760,1022.4678
1741111162799,1022.4704
1741111162839,1022.48096
1741111162860,1022.4795
1741111162899,1022.4772
1741111162941,1022.4707
1741111162959,1022.46423
1741111163001,1022.4698
1741111163021,1022.47943
1741111163060,1022.47986
1741111163108,1022.47754
1741111163142,1022.4732
1741111163162,1022.47736
1741111163200,1022.4778
1741111163239,1022.4751
1741111163287,1022.4728
1741111163298,1022.4699
1741111163319,1022.4758
1741111163363,1022.4729
1741111163400,1022.46893
1741111163439,1022.4659
1741111163461,1022.4689
1741111163505,1022.4763
1741111163541,1022.47974
1741111163562,1022.47833
1741111163601,1022.476
1741111163620,1022.47437
1741111163660,1022.47986
1741111163698,1022.4804
1741111163739,1022.4787
1741111163758,1022.47595
1741111163799,1022.48737
1741111163841,1022.5065
1741111163860,1022.515
1741111163903,1022.5095
1741111163942,1022.50604
1741111163959,1022.4881
1741111164000,1022.4768
1741111164039,1022.4742
1741111164062,1022.48096
1741111164099,1022.4868
1741111164138,1022.4912
1741111164158,1022.4852
1741111164205,1022.4774
1741111164242,1022.48315
1741111164265,1022.4799
1741111164300,1022.4787
1741111164347,1022.47644
1741111164358,1022.4821
1741111164400,1022.4856
1741111164440,1022.48096
1741111164459,1022.4876
1741111164501,1022.48895
1741111164537,1022.4879
1741111164558,1022.4828
1741111164597,1022.4868
1741111164640,1022.4818
1741111164662,1022.4828
1741111164699,1022.48364
1741111164739,1022.4903
1741111164763,1022.492
1741111164799,1022.48413
1741111164839,1022.48157
1741111164860,1022.47144
1741111164899,1022.4588
1741111164941,1022.46857
1741111164958,1022.4776
1741111164998,1022.47955
1741111165040,1022.4884
1741111165061,1022.4947
1741111165098,1022.5088
1741111165140,1022.49915
1741111165164,1022.492
1741111165198,1022.4866
1741111165240,1022.4799
1741111165259,1022.4784
1741111165297,1022.479
1741111165338,1022.4835
1741111165358,1022.4916
1741111165399,1022.48706
1741111165439,1022.4748
1741111165457,1022.47894
1741111165498,1022.4817
1741111165544,1022.48596
1741111165563,1022.4804
1741111165598,1022.4779
1741111165638,1022.4849
1741111165658,1022.4918
1741111165700,1022.4849
1741111165750,1022.4877
1741111165757,1022.48627
1741111165796,1022.48627
1741111165836,1022.4798
1741111165857,1022.48315
1741111165898,1022.4738
1741111165937,1022.4672
1741111165957,1022.4636
1741111165997,1022.46765
1741111166037,1022.47546
1741111166057,1022.4746
1741111166097,1022.45935
1741111166137,1022.4574
1741111166157,1022.466
1741111166197,1022.4579
1741111166236,1022.4675
1741111166257,1022.4758
1741111166297,1022.4751
1741111166336,1022.47266
1741111166357,1022.4805
1741111166396,1022.5025
1741111166436,1022.50073
1741111166457,1022.49207
1741111166497,1022.48596
1741111166540,1022.48
1741111166557,1022.4687
1741111166596,1022.47034
1741111166644,1022.4773
1741111166659,1022.4745
1741111166696,1022.4777
1741111166736,1022.4753
1741111166757,1022.4705
1741111166798,1022.4712
1741111166837,1022.475
1741111166858,1022.4807
1741111166898,1022.48987
1741111166936,1022.4968
1741111166960,1022.48865
1741111166996,1022.48676
1741111167040,1022.487
1741111167065,1022.48425
1741111167096,1022.4823
1741111167137,1022.4685
1741111167158,1022.4711
1741111167197,1022.4702
1741111167240,1022.4725
1741111167256,1022.4741
1741111167297,1022.4795
1741111167336,1022.4831
1741111167357,1022.48047
1741111167397,1022.4745
1741111167441,1022.47833
1741111167456,1022.4737
1741111167496,1022.47296
1741111167536,1022.4803
1741111167556,1022.48114
1741111167600,1022.4905
1741111167638,1022.50116
1741111167659,1022.5005
1741111167698,1022.50037
1741111167736,1022.49347
1741111167757,1022.4844
1741111167798,1022.4821
1741111167836,1022.47205
1741111167856,1022.47955
1741111167905,1022.48145
1741111167939,1022.484
1741111167957,1022.48065
1741111167997,1022.4697
1741111168036,1022.4595
1741111168058,1022.4639
1741111168098,1022.4708
1741111168140,1022.48
1741111168157,1022.4852
1741111168204,1022.4839
1741111168244,1022.49243
1741111168256,1022.50134
1741111168310,1022.49805
1741111168336,1022.48663
1741111168359,1022.49426
1741111168396,1022.49896
1741111168438,1022.4956
1741111168455,1022.47864
1741111168496,1022.4805
1741111168536,1022.48224
1741111168559,1022.4747
1741111168601,1022.478
1741111168636,1022.4848
1741111168668,1022.47455
1741111168696,1022.481
1741111168736,1022.4782
1741111168758,1022.4785
1741111168798,1022.474
1741111168836,1022.48315
1741111168856,1022.48566
1741111168903,1022.4933
1741111168935,1022.4928
1741111168956,1022.5078
1741111168997,1022.52826
1741111169036,1022.5231
1741111169057,1022.51587
1741111169095,1022.4975
1741111169138,1022.46796
1741111169164,1022.4606
1741111169197,1022.4634
1741111169238,1022.4746
1741111169259,1022.47675
1741111169297,1022.4874
1741111169343,1022.4885
1741111169356,1022.48627
1741111169396,1022.48816
1741111169439,1022.49005
1741111169455,1022.4839
1741111169496,1022.4813
1741111169539,1022.4953
1741111169556,1022.48065
1741111169596,1022.475
1741111169635,1022.4756
1741111169655,1022.4751
1741111169695,1022.4757
1741111169735,1022.47217
1741111169755,1022.4702
1741111169796,1022.4796
1741111169835,1022.48016
1741111169856,1022.48206
1741111169900,1022.4846
1741111169935,1022.48883
1741111169968,1022.49207
1741111169996,1022.49146
1741111170036,1022.4793
1741111170056,1022.4762
1741111170096,1022.4725
1741111170138,1022.459
1741111170156,1022.4584
1741111170195,1022.4557
1741111170235,1022.45386
1741111170255,1022.4581
1741111170296,1022.4664
1741111170335,1022.46625
1741111170354,1022.46875
1741111170402,1022.47833
1741111170436,1022.4773
1741111170457,1022.48206
1741111170494,1022.48334
1741111170536,1022.4934
1741111170561,1022.5037
1741111170595,1022.5116
1741111170635,1022.5288
1741111170654,1022.5431
1741111170695,1022.556
1741111170736,1022.5375
1741111170756,1022.5159
1741111170796,1022.5041
1741111170835,1022.48346
1741111170856,1022.4717
1741111170897,1022.484
1741111170936,1022.49713
1741111170954,1022.4953
1741111170999,1022.52435
1741111171035,1022.5022
1741111171055,1022.4761
1741111171094,1022.48956
1741111171135,1022.4977
1741111171156,1022.4572
1741111171194,1022.45447
1741111171235,1022.46826
1741111171264,1022.42786
1741111171294,1022.40356
1741111171340,1022.42206
1741111171364,1022.43115
1741111171394,1022.43774
1741111171434,1022.4467
1741111171454,1022.4681
1741111171495,1022.47925
1741111171539,1022.46606
1741111171555,1022.4589
1741111171594,1022.4664
1741111171634,1022.465
1741111171653,1022.46686
1741111171696,1022.46533
1741111171733,1022.4578
1741111171753,1022.46155
1741111171793,1022.4627
1741111171836,1022.45844
1741111171854,1022.4715
1741111171896,1022.47327
1741111171934,1022.4665
1741111171954,1022.47235
1741111172001,1022.4645
1741111172036,1022.458
1741111172055,1022.45605
1741111172095,1022.4625
1741111172136,1022.4654
1741111172155,1022.46277
1741111172194,1022.45715
1741111172234,1022.45233
1741111172254,1022.44775
1741111172303,1022.44586
1741111172344,1022.4409
1741111172356,1022.4475
1741111172393,1022.4503
1741111172432,1022.4516
1741111172453,1022.452
1741111172493,1022.4459
1741111172533,1022.4405
1741111172552,1022.44183
1741111172592,1022.4437
1741111172633,1022.4451
1741111172653,1022.4486
1741111172693,1022.44934
1741111172733,1022.45026
1741111172752,1022.4496
1741111172793,1022.45013
1741111172832,1022.4485
1741111172852,1022.4453
1741111172892,1022.4376
1741111172932,1022.43787
1741111172952,1022.4383
1741111172992,1022.4408
1741111173032,1022.4424
1741111173052,1022.43823
1741111173093,1022.4361
1741111173132,1022.4372
1741111173152,1022.4478
1741111173192,1022.44385
1741111173232,1022.435
1741111173252,1022.43866
1741111173293,1022.4341
1741111173335,1022.4235
1741111173353,1022.4319
1741111173392,1022.4259
1741111173438,1022.42346
1741111173455,1022.43176
1741111173492,1022.4336
1741111173538,1022.4325
1741111173555,1022.42596
1741111173592,1022.4166
1741111173639,1022.42554
1741111173653,1022.42883
1741111173692,1022.4192
1741111173736,1022.4166
1741111173756,1022.40497
1741111173791,1022.41235
1741111173832,1022.4202
1741111173852,1022.4259
1741111173892,1022.4241
1741111173950,1022.41907
1741111173975,1022.4215
1741111173992,1022.423
1741111174060,1022.4217
1741111174060,1022.424
1741111174091,1022.431
1741111174132,1022.4254
1741111174152,1022.4187
1741111174192,1022.4235
1741111174232,1022.42084
1741111174251,1022.4172
1741111174292,1022.41675
1741111174331,1022.4189
1741111174352,1022.4141
1741111174391,1022.4193
1741111174433,1022.4276
1741111174451,1022.4225
1741111174491,1022.41455
1741111174532,1022.4236
1741111174551,1022.42224
1741111174591,1022.4198
1741111174631,1022.41797
1741111174651,1022.4181
1741111174694,1022.4132
1741111174731,1022.416
1741111174753,1022.412
1741111174791,1022.41724
1741111174831,1022.4231
1741111174852,1022.4155
1741111174892,1022.427
