1741111257885,1020.7678
1741111257905,1020.8042
1741111257945,1020.8104
1741111257985,1020.8135
1741111258006,1020.8197
1741111258046,1020.82605
1741111258085,1020.8313
1741111258105,1020.8318
1741111258145,1020.82434
1741111258185,1020.8235
1741111258205,1020.8268
1741111258247,1020.82825
1741111258285,1020.83203
1741111258306,1020.83466
1741111258346,1020.8282
1741111258386,1020.8262
1741111258405,1020.81976
1741111258445,1020.8349
1741111258486,1020.84247
1741111258507,1020.8425
1741111258548,1020.8358
1741111258568,1020.828
1741111258606,1020.8338
1741111258645,1020.84674
1741111258685,1020.84753
1741111258705,1020.8345
1741111258745,1020.8339
1741111258786,1020.83374
1741111258806,1020.81537
1741111258845,1020.8064
1741111258885,1020.81714
1741111258905,1020.8217
1741111258945,1020.8157
1741111258986,1020.814
1741111259006,1020.8212
1741111259045,1020.8185
1741111259085,1020.82794
1741111259105,1020.8418
1741111259145,1020.84985
1741111259185,1020.8391
1741111259205,1020.83887
1741111259245,1020.8527
1741111259285,1020.8617
1741111259308,1020.85077
1741111259345,1020.8427
1741111259386,1020.8184
1741111259405,1020.8701
1741111259445,1020.89966
1741111259485,1020.89325
1741111259505,1020.8954
1741111259547,1020.8842
1741111259586,1020.861
1741111259605,1020.8896
1741111259646,1020.89136
1741111259685,1020.8723
1741111259705,1020.8407
1741111259749,1020.8422
1741111259785,1020.85913
1741111259885,1020.876
1741111259905,1020.8817
1741111259945,1020.8719
1741111259986,1020.8713
1741111260008,1020.8587
1741111260047,1020.8446
1741111260070,1020.8154
1741111260105,1020.78296
1741111260153,1020.79706
1741111260189,1020.8108
1741111260205,1020.81866
1741111260248,1020.8196
1741111260285,1020.82104
1741111260308,1020.82074
1741111260349,1020.82947
1741111260371,1020.83374
1741111260405,1020.84485
1741111260448,1020.8374
1741111260493,1020.8389
1741111260511,1020.8507
1741111260545,1020.8538
1741111260588,1020.8535
1741111260609,1020.85614
1741111260650,1020.86145
1741111260668,1020.8628
1741111260709,1020.86774
1741111260745,1020.87506
1741111260801,1020.87286
1741111260813,1020.8797
1741111260846,1020.885
1741111260891,1020.8956
1741111260909,1020.8933
1741111260949,1020.8941
1741111260986,1020.9248
1741111261006,1020.91595
1741111261051,1020.9081
1741111261089,1020.901
1741111261105,1020.8953
1741111261145,1020.89087
1741111261190,1020.88196
1741111261221,1020.89124
1741111261246,1020.884
1741111261288,1020.8824
1741111261308,1020.8949
1741111261348,1020.89734
1741111261385,1020.88074
1741111261408,1020.8857
1741111261447,1020.88464
1741111261490,1020.89056
1741111261512,1020.897
1741111261561,1020.899
1741111261585,1020.9079
1741111261609,1020.9257
1741111261645,1020.9177
1741111261685,1020.90326
1741111261712,1020.91034
1741111261745,1020.9055
1741111261794,1020.90283
1741111261806,1020.9018
1741111261848,1020.9141
1741111261886,1020.9142
1741111261911,1020.9098
1741111261945,1020.9041
1741111261986,1020.9008
1741111262024,1020.8988
1741111262044,1020.9003
1741111262086,1020.8993
1741111262114,1020.90405
1741111262146,1020.8943
1741111262194,1020.89197
1741111262223,1020.90564
1741111262245,1020.9056
1741111262288,1020.90015
1741111262305,1020.8937
1741111262346,1020.90375
1741111262386,1020.90283
1741111262406,1020.9026
1741111262445,1020.90466
1741111262485,1020.8925
1741111262505,1020.8985
1741111262546,1020.90027
1741111262584,1020.90826
1741111262607,1020.9098
1741111262650,1020.91974
1741111262686,1020.9373
1741111262707,1020.9367
1741111262749,1020.93616
1741111262786,1020.9343
1741111262809,1020.9275
1741111262844,1020.91797
1741111262884,1020.92236
1741111262904,1020.91785
1741111262943,1020.91016
1741111262985,1020.9038
1741111263008,1020.91064
1741111263045,1020.9183
1741111263082,1020.9215
1741111263102,1020.924
1741111263143,1020.9262
1741111263193,1020.9362
1741111263205,1020.93286
1741111263250,1020.93604
1741111263285,1020.9418
1741111263306,1020.95166
1741111263350,1020.9541
1741111263382,1020.95483
1741111263405,1020.945
1741111263445,1020.9389
1741111263484,1020.93555
1741111263509,1020.93274
1741111263546,1020.9297
1741111263586,1020.9353
1741111263606,1020.9325
1741111263646,1020.92706
1741111263688,1020.9233
1741111263703,1020.91925
1741111263750,1020.92896
1741111263788,1020.9332
1741111263804,1020.9358
1741111263846,1020.9321
1741111263894,1020.93787
1741111263910,1020.9375
1741111263945,1020.93567
1741111263993,1020.9348
1741111264005,1020.9273
1741111264043,1020.9325
1741111264084,1020.93506
1741111264109,1020.9327
1741111264147,1020.94275
1741111264186,1020.94824
1741111264205,1020.94086
1741111264243,1020.95105
1741111264288,1020.95667
1741111264303,1020.9618
1741111264343,1020.9653
1741111264383,1020.9553
1741111264404,1020.9436
1741111264467,1020.9434
1741111264483,1020.94275
1741111264509,1020.9491
1741111264544,1020.9585
1741111264582,1020.958
1741111264603,1020.94904
1741111264642,1020.9501
1741111264682,1020.9537
1741111264702,1020.9482
1741111264744,1020.9434
1741111264784,1020.9501
1741111264803,1020.96106
1741111264842,1020.95447
1741111264881,1020.95215
1741111264902,1020.95483
1741111264941,1020.9681
1741111264982,1020.98486
1741111265004,1020.97864
1741111265043,1020.97864
1741111265084,1020.9753
1741111265108,1020.96747
1741111265150,1020.9637
1741111265189,1020.9551
1741111265201,1020.96045
1741111265244,1020.9651
1741111265285,1020.96436
1741111265308,1020.9732
1741111265343,1020.97754
1741111265393,1020.9727
1741111265411,1020.9739
1741111265444,1020.9615
1741111265484,1020.9518
1741111265509,1020.9577
1741111265542,1020.958
1741111265596,1020.9687
1741111265605,1020.97815
1741111265644,1020.98083
1741111265685,1020.97754
1741111265706,1020.97705
1741111265742,1020.9815
1741111265783,1020.9795
1741111265804,1020.98126
1741111265841,1020.98364
1741111265885,1020.98914
1741111265903,1020.99066
1741111265946,1020.9913
1741111265990,1021.01196
1741111266009,1021.0034
1741111266044,1021.0007
1741111266086,1020.9868
1741111266101,1020.9845
1741111266142,1020.9912
1741111266184,1020.9882
1741111266206,1020.9868
1741111266244,1020.9869
1741111266284,1020.9867
1741111266308,1020.98694
1741111266346,1020.988
1741111266390,1020.9901
1741111266402,1020.9972
1741111266447,1021.0047
1741111266482,1021.00287
1741111266504,1020.9925
1741111266545,1021.0
1741111266584,1020.9939
1741111266607,1020.9927
1741111266643,1020.99963
1741111266683,1021.0063
1741111266703,1021.005
1741111266743,1021.00604
1741111266788,1021.0121
1741111266810,1021.0106
1741111266844,1021.01733
1741111266884,1021.0104
1741111266903,1020.9999
1741111266944,1020.99286
1741111266983,1020.99615
1741111267005,1020.999
1741111267045,1021.0021
1741111267087,1020.99207
1741111267102,1020.988
1741111267144,1020.9968
1741111267182,1021.00464
1741111267202,1021.00543
1741111267248,1021.00494
1741111267282,1021.0074
1741111267302,1021.0157
1741111267344,1021.0257
1741111267384,1021.0247
1741111267404,1021.0215
1741111267442,1021.02405
1741111267484,1021.0141
1741111267504,1021.0217
1741111267546,1021.026
1741111267585,1021.0277
1741111267601,1021.0291
1741111267642,1021.02167
1741111267682,1021.0194
1741111267702,1021.01514
1741111267741,1021.01483
1741111267781,1021.0067
1741111267805,1021.0045
1741111267853,1021.0029
1741111267883,1021.0167
1741111267901,1021.0214
1741111267942,1021.02264
1741111267986,1021.02
1741111268001,1021.02496
1741111268043,1021.02435
1741111268083,1021.02386
1741111268129,1021.0253
1741111268141,1021.0326
1741111268182,1021.0301
1741111268204,1021.0387
1741111268240,1021.0361
1741111268282,1021.0433
1741111268306,1021.0498
1741111268345,1021.0525
1741111268381,1021.0398
1741111268401,1021.0385
1741111268440,1021.0364
1741111268480,1021.041
1741111268500,1021.0386
1741111268541,1021.0348
1741111268584,1021.0331
1741111268606,1021.03394
1741111268642,1021.02673
1741111268685,1021.0316
1741111268701,1021.0416
1741111268742,1021.0417
1741111268780,1021.0514
1741111268801,1021.05396
1741111268843,1021.0528
1741111268881,1021.0519
1741111268903,1021.04816
1741111268945,1021.0461
1741111268982,1021.0623
1741111269000,1021.07324
1741111269045,1021.0753
1741111269084,1021.0598
1741111269101,1021.0604
1741111269143,1021.05383
1741111269183,1021.03925
1741111269203,1021.0499
1741111269248,1021.05505
1741111269281,1021.0575
1741111269302,1021.06055
1741111269344,1021.05536
1741111269383,1021.056
1741111269400,1021.05664
1741111269441,1021.0657
1741111269481,1021.06586
1741111269501,1021.0648
1741111269540,1021.05237
1741111269581,1021.0547
1741111269602,1021.06396
1741111269642,1021.0613
1741111269684,1021.05176
1741111269706,1021.04944
1741111269741,1021.0531
1741111269781,1021.03894
1741111269805,1021.0426
1741111269843,1021.0493
1741111269880,1021.06055
1741111269901,1021.072
1741111269939,1021.0797
1741111269982,1021.07996
1741111270003,1021.0748
1741111270042,1021.07947
1741111270082,1021.0697
1741111270100,1021.0615
1741111270148,1021.05817
1741111270199,1021.0493
1741111270202,1021.0481
1741111270240,1021.05176
1741111270280,1021.0492
1741111270300,1021.0471
1741111270345,1021.04785
1741111270380,1021.04956
1741111270402,1021.0481
1741111270450,1021.04565
1741111270480,1021.0395
1741111270502,1021.03296
1741111270546,1021.03564
1741111270581,1021.04047
1741111270602,1021.05676
1741111270641,1021.06604
1741111270682,1021.0648
1741111270700,1021.0648
1741111270744,1021.0656
1741111270781,1021.0636
1741111270799,1021.0579
1741111270841,1021.0569
1741111270879,1021.057
1741111270899,1021.06006
1741111270941,1021.0615
1741111270982,1021.0598
1741111271002,1021.0586
1741111271047,1021.05615
1741111271081,1021.0537
1741111271100,1021.0505
1741111271140,1021.05035
1741111271181,1021.05035
1741111271210,1021.03766
1741111271242,1021.03894
1741111271279,1021.05054
1741111271301,1021.0499
1741111271346,1021.0603
1741111271380,1021.05743
1741111271403,1021.0621
1741111271440,1021.06683
1741111271484,1021.06946
1741111271500,1021.0705
1741111271542,1021.069
1741111271579,1021.058
1741111271601,1021.0419
1741111271640,1021.0478
1741111271686,1021.0669
1741111271701,1021.074
1741111271741,1021.05914
1741111271782,1021.0581
1741111271800,1021.0615
1741111271842,1021.0631
1741111271880,1021.0716
1741111271901,1021.0729
1741111271940,1021.07605
1741111271982,1021.0763
1741111272000,1021.0702
1741111272038,1021.0612
1741111272078,1021.06
1741111272099,1021.0646
1741111272138,1021.07117
1741111272178,1021.0771
1741111272199,1021.0879
1741111272241,1021.0869
1741111272279,1021.089
1741111272302,1021.09106
1741111272342,1021.0926
1741111272379,1021.09424
1741111272401,1021.0937
1741111272439,1021.10376
1741111272484,1021.088
1741111272500,1021.08075
1741111272540,1021.0783
1741111272585,1021.08777
1741111272602,1021.08716
1741111272643,1021.0903
1741111272683,1021.0852
1741111272700,1021.0874
1741111272739,1021.0838
1741111272782,1021.0686
1741111272804,1021.07
1741111272841,1021.07526
1741111272878,1021.0813
1741111272899,1021.0752
1741111272944,1021.0755
1741111272981,1021.0742
1741111273001,1021.0839
1741111273040,1021.08777
1741111273086,1021.0994
1741111273098,1021.0997
1741111273139,1021.09576
1741111273189,1021.09344
1741111273198,1021.0911
1741111273239,1021.0935
1741111273282,1021.09656
1741111273301,1021.0958
1741111273345,1021.0884
1741111273379,1021.0934
1741111273409,1021.0964
1741111273440,1021.09314
1741111273479,1021.095
1741111273498,1021.1057
1741111273538,1021.1062
1741111273579,1021.10864
1741111273598,1021.11005
1741111273640,1021.1028
1741111273680,1021.0959
1741111273700,1021.0999
1741111273740,1021.0901
1741111273778,1021.09265
1741111273798,1021.0928
1741111273840,1021.0913
1741111273878,1021.0902
1741111273901,1021.08154
1741111273942,1021.09265
1741111273994,1021.08453
1741111274004,1021.09033
1741111274039,1021.10284
1741111274079,1021.10144
1741111274101,1021.08936
1741111274142,1021.0862
1741111274178,1021.09424
1741111274200,1021.0991
1741111274239,1021.0992
1741111274282,1021.09906
1741111274306,1021.0955
1741111274342,1021.09973
1741111274379,1021.1044
1741111274401,1021.1029
1741111274440,1021.1068
1741111274483,1021.11694
1741111274499,1021.11523
1741111274538,1021.1172
1741111274582,1021.1149
1741111274602,1021.115
1741111274636,1021.1223
1741111274681,1021.12646
1741111274700,1021.1286
1741111274740,1021.1304
1741111274779,1021.12756
1741111274797,1021.12585
1741111274840,1021.12146
1741111274882,1021.11816
1741111274899,1021.1203
1741111274941,1021.12726
1741111274977,1021.1293
1741111274998,1021.1276
1741111275042,1021.134
1741111275085,1021.12976
1741111275098,1021.1356
1741111275149,1021.13745
1741111275177,1021.1413
1741111275200,1021.1451
1741111275241,1021.13824
1741111275276,1021.1448
1741111275298,1021.14844
1741111275339,1021.1559
1741111275377,1021.15686
1741111275402,1021.15875
1741111275439,1021.16846
1741111275479,1021.1748
1741111275500,1021.17163
1741111275538,1021.1697
1741111275577,1021.16895
1741111275602,1021.1657
1741111275650,1021.1662
1741111275679,1021.16895
1741111275701,1021.1755
1741111275738,1021.1631
1741111275784,1021.1592
1741111275806,1021.161
1741111275837,1021.17114
1741111275884,1021.17865
1741111275902,1021.1742
1741111275937,1021.17584
1741111275989,1021.1834
1741111275998,1021.19147
1741111276040,1021.19006
1741111276078,1021.19476
1741111276099,1021.20337
1741111276143,1021.2113
1741111276177,1021.2147
1741111276196,1021.2195
1741111276236,1021.22266
1741111276279,1021.2173
1741111276301,1021.211
1741111276342,1021.20886
1741111276378,1021.2043
1741111276399,1021.212
1741111276436,1021.20294
1741111276482,1021.20825
1741111276496,1021.20056
1741111276539,1021.2023
1741111276579,1021.2084
1741111276599,1021.21875
1741111276639,1021.22095
1741111276680,1021.22046
1741111276697,1021.22504
1741111276740,1021.23193
1741111276780,1021.22327
1741111276799,1021.22595
1741111276839,1021.2222
1741111276877,1021.22394
1741111276901,1021.2352
1741111276938,1021.25464
1741111276979,1021.25806
1741111277001,1021.26
1741111277042,1021.25745
1741111277075,1021.25433
1741111277095,1021.251
1741111277136,1021.25165
1741111277176,1021.2583
1741111277196,1021.2671
1741111277241,1021.2518
1741111277277,1021.2466
1741111277299,1021.24646
1741111277345,1021.24774
1741111277376,1021.24524
1741111277398,1021.25085
1741111277438,1021.2547
1741111277475,1021.25916
1741111277498,1021.2593
1741111277540,1021.27075
1741111277576,1021.2717
1741111277599,1021.26746
1741111277638,1021.2657
1741111277689,1021.2633
1741111277696,1021.2622
1741111277738,1021.26605
1741111277777,1021.2717
1741111277798,1021.2759
1741111277835,1021.2841
1741111277877,1021.2863
1741111277900,1021.2828
1741111277941,1021.2851
1741111277978,1021.28076
1741111277996,1021.2706
1741111278039,1021.2682
1741111278093,1021.276
1741111278095,1021.283
1741111278138,1021.2805
1741111278176,1021.2875
1741111278195,1021.28656
1741111278234,1021.28644
1741111278277,1021.2925
1741111278298,1021.2943
1741111278339,1021.29816
1741111278379,1021.28625
1741111278396,1021.2827
1741111278436,1021.2897
1741111278475,1021.2925
1741111278499,1021.29517
1741111278536,1021.29535
1741111278576,1021.30396
1741111278606,1021.29553
1741111278639,1021.29517
1741111278680,1021.30524
1741111278696,1021.31885
1741111278745,1021.31604
1741111278779,1021.3073
1741111278804,1021.3051
1741111278841,1021.2971
1741111278884,1021.2941
1741111278908,1021.2815
1741111278936,1021.29675
1741111278980,1021.3047
1741111278996,1021.30365
1741111279039,1021.30585
1741111279076,1021.31415
1741111279096,1021.3073
1741111279137,1021.3152
1741111279175,1021.3201
1741111279200,1021.3227
1741111279236,1021.3296
1741111279288,1021.32166
1741111279307,1021.3245
1741111279336,1021.334
1741111279382,1021.3308
1741111279394,1021.3249
1741111279438,1021.3202
1741111279475,1021.31494
1741111279495,1021.32043
1741111279542,1021.3201
1741111279577,1021.31683
1741111279597,1021.31213
1741111279635,1021.3211
1741111279676,1021.3241
1741111279695,1021.3312
1741111279734,1021.32196
1741111279778,1021.33636
1741111279802,1021.3311
1741111279834,1021.3266
1741111279879,1021.32367
1741111279897,1021.3311
1741111279941,1021.3421
1741111279976,1021.34467
1741111279999,1021.3484
1741111280034,1021.3478
1741111280075,1021.3424
1741111280099,1021.34827
1741111280134,1021.3518
1741111280178,1021.3485
1741111280199,1021.3486
1741111280236,1021.34155
1741111280275,1021.3376
1741111280296,1021.33716
1741111280342,1021.3347
1741111280375,1021.3315
1741111280399,1021.3347
1741111280438,1021.3405
1741111280474,1021.34436
1741111280495,1021.3447
1741111280538,1021.34973
1741111280578,1021.3501
1741111280597,1021.3479
1741111280636,1021.359
1741111280675,1021.3616
1741111280708,1021.3633
1741111280736,1021.37305
1741111280774,1021.3663
1741111280796,1021.36444
1741111280836,1021.377
1741111280876,1021.3625
1741111280894,1021.36035
1741111280935,1021.3585
1741111280984,1021.36066
1741111280995,1021.3674
1741111281035,1021.36755
1741111281078,1021.361
1741111281096,1021.364
1741111281138,1021.37054
1741111281180,1021.36755
1741111281193,1021.36646
1741111281237,1021.36646
1741111281288,1021.36255
1741111281308,1021.3794
1741111281335,1021.3831
1741111281375,1021.37836
1741111281398,1021.3894
1741111281434,1021.3863
1741111281477,1021.3854
1741111281497,1021.3887
1741111281544,1021.38654
1741111281575,1021.3777
1741111281616,1021.37524
1741111281635,1021.3806
1741111281675,1021.3797
1741111281729,1021.3784
1741111281733,1021.3777
1741111281776,1021.37805
1741111281814,1021.3762
1741111281842,1021.37366
1741111281873,1021.37396
1741111281920,1021.37354
1741111281933,1021.3718
1741111281977,1021.3729
1741111282016,1021.3672
1741111282038,1021.3722
1741111282074,1021.3774
1741111282113,1021.38446
1741111282134,1021.3771
1741111282174,1021.3786
1741111282216,1021.3821
1741111282235,1021.3791
1741111282274,1021.37823
1741111282314,1021.3683
1741111282339,1021.35986
1741111282374,1021.3633
1741111282416,1021.36176
1741111282434,1021.3608
1741111282475,1021.3546
1741111282515,1021.34863
1741111282534,1021.35187
1741111282574,1021.359
1741111282615,1021.3609
1741111282633,1021.36444
1741111282674,1021.35803
1741111282716,1021.35254
1741111282733,1021.3507
1741111282774,1021.36084
1741111282818,1021.3652
1741111282834,1021.36053
1741111282873,1021.3546
1741111282916,1021.3616
1741111282934,1021.3637
1741111282974,1021.3706
1741111283013,1021.3782
1741111283033,1021.39526
1741111283076,1021.39514
1741111283113,1021.39966
1741111283133,1021.3947
1741111283173,1021.38165
1741111283220,1021.3752
1741111283236,1021.36975
1741111283272,1021.37714
1741111283314,1021.3763
1741111283333,1021.3677
1741111283375,1021.3732
1741111283435,1021.3692
1741111283435,1021.3732
1741111283474,1021.3739
1741111283515,1021.36523
1741111283533,1021.37366
1741111283574,1021.39325
1741111283619,1021.3807
1741111283636,1021.3777
1741111283678,1021.3662
1741111283716,1021.347
1741111283733,1021.3455
1741111283777,1021.34424
1741111283814,1021.3485
1741111283833,1021.35657
1741111283873,1021.3675
1741111283914,1021.377
1741111283933,1021.3824
1741111283980,1021.38074
1741111284015,1021.38306
1741111284042,1021.38324
1741111284075,1021.3778
1741111284113,1021.3683
1741111284133,1021.3546
1741111284181,1021.37256
1741111284212,1021.37646
1741111284237,1021.37463
1741111284273,1021.37695
1741111284315,1021.39453
1741111284332,1021.40234
1741111284374,1021.40656
1741111284412,1021.4004
1741111284433,1021.39154
1741111284472,1021.38806
1741111284512,1021.385
1741111284535,1021.38086
1741111284572,1021.3891
1741111284614,1021.3887
1741111284642,1021.386
1741111284674,1021.3855
1741111284713,1021.3864
1741111284746,1021.37604
1741111284774,1021.38354
1741111284813,1021.39166
1741111284837,1021.3804
1741111284889,1021.3777
1741111284912,1021.3872
1741111284933,1021.35956
1741111284974,1021.34644
1741111285011,1021.3582
1741111285032,1021.3686
1741111285071,1021.37537
1741111285112,1021.37854
1741111285134,1021.38
1741111285172,1021.3841
1741111285214,1021.3781
1741111285233,1021.3887
1741111285274,1021.3841
1741111285312,1021.3762
1741111285347,1021.3732
1741111285373,1021.3717
1741111285414,1021.36084
1741111285442,1021.36066
1741111285473,1021.3708
1741111285513,1021.37897
1741111285536,1021.3937
1741111285578,1021.40955
1741111285611,1021.4137
1741111285632,1021.4093
1741111285675,1021.398
1741111285716,1021.3871
1741111285734,1021.3879
1741111285771,1021.3808
1741111285816,1021.38354
1741111285836,1021.3751
1741111285873,1021.3812
1741111285911,1021.38586
1741111285932,1021.3864
1741111285971,1021.3818
1741111286012,1021.3756
1741111286036,1021.38495
1741111286073,1021.3862
1741111286113,1021.37506
1741111286132,1021.3736
1741111286175,1021.3764
1741111286210,1021.37134
1741111286231,1021.3685
1741111286274,1021.3718
1741111286316,1021.3813
1741111286334,1021.38806
1741111286372,1021.39087
1741111286412,1021.3813
1741111286432,1021.391
1741111286471,1021.3884
1741111286515,1021.3883
1741111286531,1021.3851
1741111286572,1021.3863
1741111286614,1021.3865
1741111286630,1021.37744
1741111286671,1021.3625
1741111286713,1021.3471
1741111286743,1021.3546
1741111286773,1021.3694
1741111286812,1021.3771
1741111286832,1021.38983
1741111286872,1021.39233
1741111286911,1021.3977
1741111286931,1021.3936
1741111286981,1021.3978
1741111287012,1021.3943
1741111287033,1021.38336
1741111287071,1021.3879
1741111287113,1021.38666
1741111287134,1021.3852
1741111287171,1021.3899
1741111287214,1021.39526
1741111287233,1021.4016
1741111287271,1021.3912
1741111287315,1021.3828
1741111287330,1021.3857
1741111287372,1021.3943
1741111287411,1021.4053
1741111287431,1021.4003
1741111287471,1021.38293
1741111287515,1021.3805
1741111287533,1021.3705
1741111287571,1021.3698
1741111287612,1021.364
1741111287630,1021.3722
1741111287671,1021.3783
1741111287710,1021.37646
1741111287739,1021.379
1741111287772,1021.37866
1741111287810,1021.3691
1741111287832,1021.3751
1741111287870,1021.37854
1741111287913,1021.378
1741111287932,1021.36676
1741111287970,1021.3681
1741111288011,1021.3677
1741111288031,1021.35626
1741111288073,1021.36316
1741111288112,1021.37573
1741111288132,1021.378
1741111288172,1021.3867
1741111288211,1021.3968
1741111288229,1021.4091
1741111288278,1021.4186
1741111288316,1021.4159
1741111288331,1021.40826
1741111288380,1021.4
1741111288412,1021.3845
1741111288434,1021.3768
1741111288470,1021.37335
1741111288510,1021.3799
1741111288530,1021.38403
1741111288571,1021.3927
1741111288611,1021.3893
1741111288630,1021.38
1741111288670,1021.3768
1741111288712,1021.3816
1741111288734,1021.38666
1741111288770,1021.38745
1741111288810,1021.3801
1741111288829,1021.38574
1741111288871,1021.3698
1741111288910,1021.3617
1741111288930,1021.36536
1741111288969,1021.3734
1741111289010,1021.3761
1741111289029,1021.38837
1741111289071,1021.3855
1741111289110,1021.3701
1741111289130,1021.37585
1741111289169,1021.3788
1741111289212,1021.37866
1741111289230,1021.37036
1741111289271,1021.3653
1741111289314,1021.3746
1741111289332,1021.36383
1741111289369,1021.36584
1741111289413,1021.369
1741111289431,1021.3793
1741111289470,1021.38336
1741111289510,1021.38513
1741111289529,1021.3956
1741111289569,1021.4048
1741111289621,1021.40796
1741111289629,1021.4014
1741111289674,1021.4036
1741111289712,1021.3956
1741111289731,1021.395
1741111289773,1021.3881
1741111289808,1021.3921
1741111289836,1021.3901
1741111289873,1021.391
1741111289924,1021.38324
1741111289931,1021.37335
1741111289974,1021.36816
1741111290010,1021.3684
1741111290029,1021.3773
1741111290072,1021.3756
1741111290110,1021.3907
1741111290131,1021.39465
1741111290182,1021.37744
1741111290210,1021.3803
1741111290231,1021.3916
1741111290274,1021.3865
1741111290310,1021.39307
1741111290332,1021.3874
1741111290369,1021.38544
1741111290412,1021.3928
1741111290429,1021.3917
1741111290471,1021.38306
1741111290511,1021.3746
1741111290532,1021.3782
1741111290571,1021.3777
1741111290609,1021.38556
1741111290630,1021.3879
1741111290671,1021.3951
1741111290711,1021.38513
1741111290728,1021.3801
1741111290771,1021.3787
1741111290811,1021.37695
1741111290833,1021.3894
1741111290873,1021.3904
1741111290910,1021.39526
1741111290930,1021.3884
1741111290972,1021.3967
1741111291009,1021.40607
1741111291029,1021.4147
1741111291071,1021.4148
1741111291110,1021.40063
1741111291130,1021.38837
1741111291172,1021.3762
1741111291209,1021.3742
1741111291230,1021.3904
1741111291277,1021.4056
1741111291310,1021.41077
1741111291330,1021.40594
1741111291369,1021.39325
1741111291411,1021.4012
1741111291430,1021.3905
1741111291476,1021.38873
1741111291510,1021.38513
1741111291529,1021.38745
1741111291573,1021.38385
1741111291609,1021.3926
1741111291631,1021.3895
1741111291670,1021.3796
1741111291713,1021.385
1741111291729,1021.376
1741111291787,1021.385
1741111291808,1021.3943
1741111291830,1021.3956
1741111291870,1021.3889
1741111291910,1021.3906
1741111291929,1021.39667
1741111291971,1021.4066
1741111292015,1021.424
1741111292029,1021.44196
1741111292069,1021.4629
1741111292111,1021.473
1741111292128,1021.4897
1741111292174,1021.5245
1741111292209,1021.5469
1741111292236,1021.58057
1741111292268,1021.60913
1741111292309,1021.6306
1741111292337,1021.6554
1741111292373,1021.6648
1741111292416,1021.6671
1741111292430,1021.6643
1741111292469,1021.6682
1741111292508,1021.66156
1741111292532,1021.652
1741111292572,1021.65564
1741111292608,1021.6516
1741111292630,1021.64984
1741111292669,1021.64954
1741111292708,1021.6444
1741111292731,1021.6393
1741111292769,1021.6332
1741111292808,1021.61694
1741111292830,1021.61633
1741111292869,1021.60004
1741111292909,1021.5916
1741111292929,1021.5943
1741111292971,1021.58636
1741111293008,1021.5801
1741111293029,1021.57166
1741111293069,1021.5818
1741111293110,1021.589
1741111293130,1021.59424
1741111293171,1021.5963
1741111293210,1021.59784
1741111293229,1021.6044
1741111293289,1021.604
1741111293306,1021.61285
1741111293328,1021.61224
1741111293370,1021.6152
1741111293410,1021.6158
1741111293429,1021.6135
1741111293467,1021.6001
1741111293511,1021.6061
1741111293533,1021.61774
1741111293570,1021.6222
1741111293610,1021.63873
1741111293626,1021.6415
1741111293673,1021.6471
1741111293708,1021.6516
1741111293728,1021.64703
1741111293769,1021.6375
1741111293809,1021.6254
1741111293829,1021.61945
1741111293870,1021.60645
1741111293910,1021.6062
1741111293928,1021.6073
1741111293972,1021.6225
1741111294009,1021.631
1741111294028,1021.6273
1741111294071,1021.6205
1741111294109,1021.61316
1741111294127,1021.6202
1741111294173,1021.62335
1741111294211,1021.63086
1741111294228,1021.635
1741111294270,1021.61755
1741111294308,1021.61694
1741111294332,1021.61127
1741111294369,1021.5943
1741111294411,1021.58527
1741111294429,1021.58673
1741111294466,1021.59625
1741111294513,1021.61145
1741111294530,1021.6079
1741111294570,1021.61096
1741111294609,1021.609
1741111294629,1021.60803
1741111294669,1021.60846
1741111294708,1021.61194
1741111294738,1021.6126
1741111294767,1021.6033
1741111294810,1021.5955
1741111294827,1021.5847
1741111294875,1021.58344
1741111294908,1021.59186
1741111294929,1021.59485
1741111294979,1021.6025
1741111295006,1021.6066
1741111295030,1021.626
1741111295071,1021.6349
1741111295108,1021.6511
1741111295126,1021.6552
1741111295168,1021.6477
1741111295209,1021.6332
1741111295226,1021.6181
1741111295285,1021.6113
1741111295306,1021.6107
1741111295329,1021.60724
1741111295368,1021.61066
1741111295407,1021.61755
1741111295428,1021.61755
1741111295469,1021.60425
1741111295507,1021.60333
1741111295533,1021.6061
1741111295570,1021.6065
1741111295614,1021.6082
1741111295628,1021.59796
1741111295665,1021.60034
1741111295708,1021.6041
1741111295726,1021.5918
1741111295765,1021.5862
1741111295811,1021.58673
1741111295828,1021.5879
1741111295870,1021.59204
1741111295921,1021.60364
1741111295929,1021.60876
1741111295970,1021.6144
1741111296009,1021.60803
1741111296025,1021.61945
1741111296069,1021.6255
1741111296109,1021.61975
1741111296130,1021.6087
1741111296169,1021.59705
1741111296206,1021.588
1741111296229,1021.5915
1741111296265,1021.60376
1741111296315,1021.61743
1741111296329,1021.6216
1741111296370,1021.61694
1741111296406,1021.62726
1741111296431,1021.62604
1741111296469,1021.6248
1741111296505,1021.62213
1741111296528,1021.5995
1741111296573,1021.59784
1741111296605,1021.5993
1741111296626,1021.60455
1741111296669,1021.6059
1741111296708,1021.6042
1741111296727,1021.60254
1741111296771,1021.5846
1741111296807,1021.58636
1741111296825,1021.59924
1741111296866,1021.60565
1741111296906,1021.595
1741111296925,1021.599
1741111296967,1021.5957
1741111297006,1021.59216
1741111297027,1021.5811
1741111297068,1021.57715
1741111297106,1021.58386
1741111297125,1021.589
1741111297168,1021.5886
1741111297210,1021.5919
1741111297228,1021.59424
1741111297265,1021.5905
1741111297315,1021.57806
1741111297327,1021.5774
1741111297368,1021.5808
1741111297405,1021.5721
1741111297426,1021.5647
1741111297466,1021.55646
1741111297506,1021.55493
1741111297531,1021.5781
1741111297566,1021.5778
1741111297607,1021.57947
1741111297630,1021.57684
1741111297666,1021.5787
1741111297709,1021.58594
1741111297728,1021.59216
1741111297766,1021.58264
1741111297810,1021.5751
1741111297826,1021.57666
1741111297865,1021.5669
1741111297907,1021.5564
1741111297927,1021.559
1741111297965,1021.57526
1741111298008,1021.58563
1741111298031,1021.58655
1741111298066,1021.5973
1741111298108,1021.5911
1741111298125,1021.5888
1741111298167,1021.599
1741111298205,1021.59644
1741111298235,1021.58997
1741111298265,1021.5874
1741111298313,1021.59534
1741111298328,1021.591
1741111298365,1021.586
1741111298408,1021.5914
1741111298424,1021.5905
1741111298468,1021.59186
1741111298505,1021.5906
1741111298526,1021.58405
1741111298581,1021.5853
1741111298606,1021.58417
1741111298626,1021.5968
1741111298666,1021.5755
1741111298706,1021.5712
1741111298732,1021.57446
1741111298765,1021.58777
1741111298805,1021.5919
1741111298826,1021.59973
1741111298865,1021.60565
1741111298904,1021.6102
1741111298924,1021.6097
1741111298968,1021.61896
1741111299004,1021.6137
1741111299025,1021.61176
1741111299064,1021.6018
1741111299113,1021.5982
1741111299131,1021.5945
1741111299164,1021.6009
1741111299205,1021.5973
1741111299225,1021.5884
1741111299265,1021.58606
1741111299306,1021.5939
1741111299324,1021.61005
1741111299367,1021.61096
1741111299406,1021.6197
1741111299435,1021.62256
1741111299465,1021.619
1741111299510,1021.6119
1741111299523,1021.6187
1741111299569,1021.63293
1741111299603,1021.6228
1741111299628,1021.6301
1741111299664,1021.6259
1741111299706,1021.6056
1741111299730,1021.6042
1741111299764,1021.60974
1741111299803,1021.6147
1741111299833,1021.61707
1741111299864,1021.613
1741111299904,1021.6187
1741111299922,1021.6293
1741111299965,1021.61523
1741111300007,1021.6217
1741111300025,1021.62085
1741111300065,1021.6301
1741111300103,1021.6399
1741111300125,1021.65125
1741111300166,1021.65
1741111300205,1021.64355
1741111300224,1021.6388
1741111300266,1021.64307
1741111300312,1021.64307
1741111300329,1021.64703
1741111300372,1021.6363
1741111300403,1021.6319
1741111300423,1021.6234
1741111300464,1021.62006
1741111300506,1021.6221
1741111300526,1021.62366
1741111300565,1021.6229
1741111300609,1021.62085
1741111300624,1021.63837
1741111300670,1021.6342
1741111300704,1021.6298
1741111300729,1021.6344
1741111300763,1021.6371
1741111300806,1021.6512
1741111300825,1021.6531
1741111300867,1021.671
1741111300908,1021.66565
1741111300925,1021.65533
1741111300966,1021.6522
1741111301008,1021.6519
1741111301022,1021.6544
1741111301066,1021.65076
1741111301104,1021.6505
1741111301123,1021.6509
1741111301169,1021.6576
1741111301206,1021.65576
1741111301225,1021.6579
1741111301263,1021.6559
1741111301303,1021.6468
1741111301324,1021.63116
1741111301373,1021.6348
1741111301404,1021.6522
1741111301425,1021.6693
1741111301464,1021.67346
1741111301504,1021.6859
1741111301527,1021.67896
1741111301571,1021.68616
1741111301603,1021.67664
1741111301623,1021.6726
1741111301665,1021.6688
1741111301705,1021.66425
1741111301726,1021.66394
1741111301770,1021.6594
1741111301804,1021.6559
1741111301824,1021.661
1741111301863,1021.6626
1741111301903,1021.6614
1741111301922,1021.66376
1741111301962,1021.666
1741111302003,1021.6707
1741111302022,1021.6723
1741111302075,1021.67694
1741111302103,1021.67535
1741111302124,1021.67834
1741111302163,1021.6781
1741111302203,1021.68146
1741111302228,1021.67664
1741111302263,1021.68225
1741111302307,1021.6898
1741111302323,1021.70294
1741111302369,1021.69934
1741111302404,1021.6889
1741111302424,1021.6688
1741111302469,1021.6736
1741111302501,1021.67834
1741111302523,1021.6782
1741111302565,1021.6799
1741111302608,1021.6774
1741111302623,1021.6804
1741111302664,1021.6819
1741111302702,1021.6878
1741111302723,1021.6914
1741111302763,1021.6898
1741111302801,1021.6964
1741111302826,1021.68994
1741111302864,1021.69104
1741111302903,1021.6835
1741111302924,1021.6731
1741111302963,1021.6801
1741111303002,1021.679
1741111303021,1021.6775
1741111303062,1021.6676
1741111303109,1021.6725
1741111303121,1021.69476
1741111303171,1021.6926
1741111303202,1021.69446
1741111303223,1021.6904
1741111303269,1021.6979
1741111303303,1021.6981
1741111303325,1021.6909
1741111303363,1021.6808
1741111303402,1021.6839
1741111303444,1021.6846
1741111303464,1021.68286
1741111303502,1021.6836
1741111303552,1021.69385
1741111303563,1021.69385
1741111303606,1021.6804
1741111303643,1021.68066
1741111303663,1021.687
1741111303703,1021.6924
1741111303741,1021.69696
1741111303763,1021.69073
1741111303806,1021.6911
1741111303850,1021.69165
1741111303863,1021.6936
1741111303902,1021.69293
1741111303945,1021.6997
1741111303961,1021.70245
1741111304002,1021.70807
1741111304043,1021.7035
1741111304064,1021.6896
1741111304109,1021.67676
1741111304127,1021.6908
1741111304162,1021.6835
1741111304205,1021.6763
1741111304250,1021.6732
1741111304260,1021.6854
1741111304305,1021.6866
1741111304343,1021.69354
1741111304363,1021.69
1741111304409,1021.68427
1741111304421,1021.69946
1741111304463,1021.6979
1741111304502,1021.70764
1741111304540,1021.7126
1741111304561,1021.70764
1741111304608,1021.709
1741111304644,1021.70435
1741111304664,1021.70795
1741111304709,1021.70526
1741111304743,1021.70264
1741111304765,1021.6976
1741111304805,1021.70074
1741111304842,1021.6902
1741111304862,1021.67816
1741111304900,1021.6769
1741111304946,1021.6725
1741111304962,1021.67456
1741111305004,1021.6708
1741111305041,1021.6601
1741111305062,1021.66187
1741111305101,1021.6699
1741111305142,1021.6763
1741111305164,1021.6736
1741111305208,1021.6725
1741111305241,1021.6738
1741111305263,1021.6753
1741111305305,1021.6747
1741111305345,1021.66614
1741111305360,1021.66364
1741111305403,1021.6644
1741111305449,1021.6505
1741111305460,1021.6481
1741111305501,1021.64325
1741111305541,1021.6468
1741111305561,1021.6357
1741111305603,1021.63074
1741111305643,1021.6157
1741111305663,1021.6169
1741111305702,1021.6155
1741111305743,1021.6134
1741111305769,1021.6107
1741111305801,1021.6239
1741111305843,1021.6205
1741111305870,1021.6059
1741111305900,1021.60974
1741111305943,1021.6037
1741111305964,1021.59515
1741111306000,1021.60034
1741111306041,1021.59576
1741111306061,1021.59937
1741111306100,1021.60583
1741111306141,1021.61896
1741111306165,1021.6252
1741111306202,1021.61707
1741111306245,1021.61914
1741111306263,1021.6253
1741111306300,1021.6267
1741111306341,1021.6333
1741111306361,1021.62994
1741111306400,1021.62744
1741111306440,1021.6073
1741111306462,1021.6039
1741111306500,1021.6106
1741111306545,1021.61743
1741111306561,1021.6207
1741111306600,1021.6212
1741111306641,1021.6211
1741111306661,1021.6238
1741111306701,1021.63367
1741111306742,1021.6431
1741111306762,1021.64233
1741111306807,1021.64746
1741111306842,1021.6544
1741111306861,1021.65076
1741111306904,1021.65063
1741111306942,1021.6663
1741111306965,1021.6684
1741111307000,1021.65674
1741111307045,1021.6479
1741111307060,1021.6399
1741111307101,1021.63745
1741111307142,1021.64056
1741111307164,1021.6413
1741111307206,1021.64465
1741111307239,1021.6449
1741111307261,1021.6431
1741111307302,1021.6399
1741111307340,1021.65173
1741111307361,1021.65686
1741111307399,1021.6525
1741111307440,1021.6552
1741111307459,1021.645
1741111307500,1021.6471
1741111307540,1021.6443
1741111307560,1021.65674
1741111307602,1021.65985
1741111307640,1021.6609
1741111307659,1021.66016
1741111307704,1021.65125
1741111307746,1021.64966
1741111307759,1021.6708
1741111307801,1021.6748
1741111307840,1021.6813
1741111307863,1021.68225
1741111307900,1021.67535
1741111307942,1021.6754
1741111307960,1021.67
1741111308000,1021.6676
1741111308043,1021.6693
1741111308060,1021.6726
1741111308108,1021.6635
1741111308140,1021.6643
1741111308160,1021.6693
1741111308205,1021.66644
1741111308244,1021.67224
1741111308261,1021.6687
1741111308301,1021.6655
1741111308345,1021.66205
1741111308361,1021.66144
1741111308401,1021.6702
1741111308440,1021.6669
1741111308460,1021.6633
1741111308499,1021.67267
1741111308543,1021.6684
1741111308560,1021.6679
1741111308601,1021.67896
1741111308643,1021.6782
1741111308673,1021.6784
1741111308698,1021.68225
1741111308739,1021.6875
1741111308760,1021.68384
1741111308802,1021.6826
1741111308839,1021.6802
1741111308863,1021.6888
1741111308908,1021.6825
1741111308943,1021.6775
1741111308975,1021.6692
1741111308998,1021.67
1741111309039,1021.6625
1741111309058,1021.6588
1741111309114,1021.6539
1741111309139,1021.6504
1741111309159,1021.659
1741111309199,1021.65656
1741111309240,1021.65466
1741111309259,1021.6642
1741111309305,1021.6588
1741111309342,1021.66046
1741111309359,1021.6695
1741111309401,1021.66156
1741111309439,1021.66034
1741111309460,1021.6713
1741111309500,1021.6686
1741111309543,1021.6825
1741111309558,1021.6869
1741111309600,1021.68396
1741111309649,1021.6837
1741111309659,1021.67053
1741111309700,1021.6629
1741111309740,1021.6498
1741111309763,1021.645
1741111309802,1021.6492
1741111309840,1021.6484
1741111309859,1021.6513
1741111309901,1021.6536
1741111309944,1021.65826
1741111309961,1021.65594
1741111310009,1021.6488
1741111310041,1021.6529
1741111310058,1021.65845
1741111310104,1021.6591
1741111310140,1021.6649
1741111310170,1021.6535
1741111310198,1021.65344
1741111310238,1021.6582
1741111310260,1021.66235
1741111310302,1021.6654
1741111310341,1021.65906
1741111310359,1021.6606
1741111310409,1021.66016
1741111310441,1021.66284
1741111310460,1021.65967
1741111310499,1021.6546
1741111310539,1021.6598
1741111310565,1021.6569
1741111310601,1021.6621
1741111310641,1021.672
1741111310659,1021.665
1741111310698,1021.6619
1741111310744,1021.6628
1741111310757,1021.67303
1741111310799,1021.66864
1741111310843,1021.6699
1741111310859,1021.6692
1741111310903,1021.67236
1741111310938,1021.693
1741111310960,1021.68274
1741111310999,1021.68115
1741111311039,1021.68585
1741111311066,1021.68994
1741111311098,1021.6892
1741111311137,1021.68976
1741111311164,1021.7004
1741111311199,1021.69836
1741111311239,1021.6975
1741111311259,1021.6949
1741111311298,1021.6872
1741111311342,1021.6914
1741111311358,1021.6889
1741111311397,1021.68225
1741111311440,1021.6735
1741111311458,1021.6738
1741111311499,1021.67975
1741111311538,1021.6825
1741111311561,1021.67944
1741111311598,1021.6919
1741111311638,1021.70856
1741111311658,1021.71985
1741111311698,1021.7214
1741111311738,1021.71356
1741111311757,1021.71027
1741111311807,1021.7054
1741111311846,1021.69653
1741111311858,1021.6933
1741111311904,1021.6955
1741111311938,1021.6985
1741111311959,1021.6891
1741111311997,1021.692
1741111312039,1021.70386
1741111312059,1021.7059
1741111312105,1021.70435
1741111312139,1021.7101
1741111312169,1021.71533
1741111312198,1021.71045
1741111312238,1021.71436
1741111312256,1021.7071
1741111312301,1021.70996
1741111312337,1021.71466
1741111312358,1021.7179
1741111312396,1021.7234
1741111312439,1021.72296
1741111312456,1021.73444
1741111312499,1021.75085
1741111312540,1021.7496
1741111312556,1021.7377
1741111312602,1021.7419
1741111312639,1021.7427
1741111312660,1021.7279
1741111312697,1021.72577
1741111312741,1021.73193
1741111312757,1021.726
1741111312803,1021.7198
1741111312840,1021.721
1741111312860,1021.724
1741111312899,1021.71765
1741111312938,1021.7178
1741111312958,1021.70776
1741111312998,1021.7162
1741111313037,1021.71814
1741111313057,1021.72815
1741111313098,1021.7312
1741111313142,1021.7369
1741111313156,1021.75385
1741111313197,1021.7513
1741111313243,1021.7685
1741111313257,1021.76465
1741111313298,1021.76746
1741111313339,1021.758
1741111313356,1021.7417
1741111313402,1021.7451
1741111313437,1021.749
1741111313459,1021.742
1741111313495,1021.7346
1741111313535,1021.7396
1741111313556,1021.7446
1741111313603,1021.75464
1741111313636,1021.75586
1741111313660,1021.75287
1741111313699,1021.7479
1741111313735,1021.74915
1741111313756,1021.74646
1741111313804,1021.7459
1741111313839,1021.7561
1741111313861,1021.7644
1741111313897,1021.7756
1741111313940,1021.7727
1741111313958,1021.784
1741111313995,1021.7794
1741111314038,1021.7844
1741111314059,1021.7915
1741111314096,1021.7843
1741111314143,1021.7825
1741111314159,1021.7869
1741111314197,1021.79535
1741111314240,1021.7993
1741111314257,1021.79364
1741111314297,1021.792
1741111314339,1021.7991
1741111314356,1021.7958
1741111314398,1021.79333
1741111314438,1021.78174
1741111314461,1021.78827
1741111314497,1021.7963
1741111314542,1021.8103
1741111314562,1021.81177
1741111314596,1021.8161
1741111314636,1021.8093
1741111314655,1021.81726
1741111314697,1021.7979
1741111314738,1021.7937
1741111314756,1021.7961
1741111314798,1021.80176
1741111314836,1021.7999
1741111314857,1021.7977
1741111314905,1021.80457
1741111314939,1021.80536
1741111314956,1021.8035
1741111315003,1021.7993
1741111315035,1021.797
1741111315056,1021.80096
1741111315100,1021.8002
1741111315139,1021.8016
1741111315156,1021.81213
1741111315199,1021.8151
1741111315240,1021.81964
1741111315255,1021.8159
1741111315297,1021.8015
1741111315336,1021.8014
1741111315367,1021.8019
1741111315396,1021.822
1741111315438,1021.83026
1741111315479,1021.8216
1741111315497,1021.82336
1741111315535,1021.82715
1741111315555,1021.8309
1741111315595,1021.82776
1741111315637,1021.8236
1741111315657,1021.8194
1741111315695,1021.8119
1741111315742,1021.8031
1741111315755,1021.7969
1741111315799,1021.81006
1741111315835,1021.81055
1741111315858,1021.8158
1741111315896,1021.822
1741111315936,1021.82227
1741111315964,1021.82764
1741111315997,1021.83813
1741111316044,1021.8378
1741111316055,1021.8335
1741111316096,1021.8445
1741111316134,1021.84064
1741111316155,1021.83093
1741111316195,1021.8398
1741111316236,1021.83997
1741111316256,1021.83966
1741111316296,1021.835
1741111316338,1021.83527
1741111316356,1021.84326
1741111316398,1021.8386
1741111316445,1021.8355
1741111316455,1021.8369
1741111316495,1021.8405
1741111316535,1021.8327
1741111316556,1021.84045
1741111316599,1021.84534
1741111316636,1021.83923
1741111316661,1021.8395
1741111316694,1021.8435
1741111316735,1021.85236
1741111316755,1021.8512
1741111316796,1021.84845
1741111316836,1021.84766
1741111316856,1021.8501
1741111316896,1021.85223
1741111316936,1021.85486
1741111316961,1021.8635
1741111316995,1021.8811
1741111317035,1021.8804
1741111317056,1021.88196
1741111317096,1021.87866
1741111317137,1021.8815
1741111317154,1021.8772
1741111317195,1021.8685
1741111317233,1021.85986
1741111317253,1021.85675
1741111317295,1021.8442
1741111317335,1021.852
1741111317355,1021.8449
1741111317395,1021.8479
1741111317436,1021.8607
1741111317458,1021.8622
1741111317495,1021.8706
1741111317540,1021.8875
1741111317556,1021.8945
1741111317598,1021.8899
1741111317634,1021.8887
1741111317657,1021.9007
1741111317698,1021.90137
1741111317736,1021.8961
1741111317761,1021.9029
1741111317803,1021.9006
1741111317835,1021.8916
1741111317858,1021.8817
1741111317894,1021.887
1741111317936,1021.89703
1741111317953,1021.8973
1741111318001,1021.8954
1741111318036,1021.903
1741111318055,1021.9041
1741111318097,1021.9055
1741111318133,1021.8971
1741111318153,1021.9066
1741111318199,1021.91235
1741111318235,1021.91797
1741111318255,1021.9302
1741111318296,1021.93445
1741111318336,1021.9521
1741111318356,1021.96313
1741111318393,1021.96216
1741111318432,1021.95667
1741111318453,1021.9513
1741111318497,1021.962
1741111318533,1021.97406
1741111318553,1021.9806
1741111318594,1021.9798
1741111318635,1021.96716
1741111318655,1021.9665
1741111318695,1021.9664
1741111318736,1021.9692
1741111318753,1021.9841
1741111318793,1021.97754
1741111318836,1021.9833
1741111318853,1021.9782
1741111318896,1021.9775
1741111318934,1021.97253
1741111318954,1021.9737
1741111318994,1021.9671
1741111319033,1021.9713
1741111319061,1021.9636
1741111319094,1021.9845
1741111319143,1021.9917
1741111319154,1021.9889
1741111319196,1022.0018
1741111319233,1021.99725
1741111319253,1021.96814
1741111319292,1021.95715
1741111319332,1021.9646
1741111319352,1021.972
1741111319393,1021.9614
1741111319432,1021.9577
1741111319454,1021.9452
1741111319497,1021.9467
1741111319538,1021.945
1741111319553,1021.9459
1741111319596,1021.94354
1741111319633,1021.94434
1741111319659,1021.9472
1741111319694,1021.9678
1741111319733,1021.9623
1741111319754,1021.9533
1741111319794,1021.9427
1741111319833,1021.92957
1741111319852,1021.9258
1741111319895,1021.92224
1741111319935,1021.90533
1741111319954,1021.914
1741111319996,1021.91583
1741111320034,1021.9199
1741111320055,1021.9174
1741111320095,1021.9161
1741111320133,1021.9075
1741111320154,1021.9054
1741111320193,1021.90735
1741111320237,1021.9147
1741111320253,1021.9177
1741111320292,1021.9111
1741111320333,1021.9152
1741111320356,1021.91095
1741111320394,1021.9034
1741111320439,1021.8988
1741111320452,1021.8996
1741111320494,1021.88965
1741111320548,1021.8788
1741111320552,1021.8843
1741111320594,1021.88873
1741111320636,1021.87756
1741111320655,1021.8644
1741111320693,1021.86804
1741111320733,1021.871
1741111320754,1021.8572
1741111320793,1021.84656
1741111320832,1021.8414
1741111320853,1021.8364
1741111320893,1021.8503
1741111320931,1021.8538
1741111320954,1021.85565
1741111320993,1021.84436
1741111321034,1021.8366
1741111321057,1021.81604
1741111321096,1021.81464
1741111321135,1021.83057
1741111321153,1021.84436
1741111321192,1021.84924
1741111321234,1021.8485
1741111321257,1021.8466
1741111321295,1021.8506
1741111321334,1021.8574
1741111321353,1021.85693
1741111321394,1021.84766
1741111321432,1021.8364
1741111321453,1021.8606
1741111321492,1021.8617
1741111321532,1021.8563
1741111321553,1021.8646
1741111321597,1021.8842
1741111321632,1021.9004
1741111321653,1021.89734
1741111321691,1021.88525
1741111321732,1021.86993
1741111321758,1021.8576
1741111321792,1021.83765
1741111321843,1021.8322
1741111321851,1021.8292
1741111321892,1021.82587
1741111321933,1021.8274
1741111321963,1021.8248
1741111321992,1021.8264
1741111322030,1021.82355
1741111322052,1021.82666
1741111322093,1021.8309
1741111322134,1021.83514
1741111322154,1021.82886
1741111322195,1021.83276
1741111322231,1021.8287
1741111322251,1021.818
1741111322291,1021.82117
1741111322335,1021.82
1741111322353,1021.8301
1741111322392,1021.8285
1741111322434,1021.82385
1741111322452,1021.826
1741111322494,1021.8283
1741111322550,1021.8246
1741111322552,1021.8092
1741111322596,1021.82214
1741111322631,1021.8233
1741111322652,1021.81964
1741111322692,1021.819
1741111322733,1021.81824
1741111322752,1021.81885
1741111322792,1021.8197
1741111322831,1021.81067
1741111322855,1021.8074
1741111322891,1021.8024
1741111322932,1021.8007
1741111322952,1021.81244
1741111322994,1021.8204
1741111323033,1021.8306
1741111323055,1021.8509
1741111323093,1021.8718
1741111323135,1021.8779
1741111323153,1021.862
1741111323191,1021.85266
1741111323231,1021.8468
1741111323254,1021.835
1741111323295,1021.82324
1741111323334,1021.8202
1741111323356,1021.8122
1741111323393,1021.8159
1741111323430,1021.8232
1741111323452,1021.8189
1741111323493,1021.8163
1741111323530,1021.81665
1741111323550,1021.8235
1741111323592,1021.8084
1741111323633,1021.8099
1741111323651,1021.80756
1741111323709,1021.811
1741111323732,1021.81714
1741111323754,1021.82947
1741111323790,1021.82434
1741111323832,1021.8164
1741111323851,1021.8141
1741111323893,1021.8273
1741111323933,1021.8363
1741111323952,1021.81824
1741111323994,1021.8258
1741111324032,1021.8291
1741111324053,1021.8281
1741111324091,1021.8333
1741111324134,1021.83405
1741111324155,1021.8434
1741111324193,1021.832
1741111324233,1021.833
1741111324253,1021.83374
1741111324290,1021.83093
1741111324331,1021.845
1741111324352,1021.8591
1741111324394,1021.86383
1741111324430,1021.87854
1741111324451,1021.89197
1741111324490,1021.90625
1741111324532,1021.91504
1741111324550,1021.9254
1741111324597,1021.9263
1741111324630,1021.93
1741111324650,1021.9253
1741111324690,1021.9181
1741111324735,1021.925
1741111324752,1021.92944
1741111324790,1021.9283
1741111324834,1021.93365
1741111324850,1021.9394
1741111324891,1021.9408
1741111324930,1021.93866
1741111324951,1021.9314
1741111324994,1021.9352
1741111325030,1021.94025
1741111325050,1021.9363
1741111325094,1021.93463
1741111325136,1021.932
1741111325150,1021.9385
1741111325192,1021.9349
1741111325232,1021.936
1741111325271,1021.92017
1741111325290,1021.9136
1741111325332,1021.9177
1741111325372,1021.9219
1741111325392,1021.9234
1741111325430,1021.9214
1741111325473,1021.9248
1741111325493,1021.9211
1741111325533,1021.92786
1741111325574,1021.92944
1741111325590,1021.937
1741111325639,1021.93286
1741111325672,1021.9385
1741111325691,1021.9341
1741111325731,1021.9269
1741111325771,1021.9191
1741111325794,1021.9212
1741111325831,1021.9321
1741111325870,1021.9394
1741111325890,1021.938
1741111325934,1021.9396
1741111325971,1021.9495
1741111325991,1021.9538
1741111326032,1021.95734
1741111326071,1021.95215
1741111326098,1021.9547
1741111326132,1021.9497
1741111326172,1021.9414
1741111326195,1021.9409
1741111326230,1021.93445
1741111326274,1021.93115
1741111326291,1021.9288
1741111326329,1021.9332
1741111326373,1021.9455
1741111326398,1021.94336
1741111326431,1021.93335
1741111326471,1021.92334
1741111326491,1021.92065
1741111326536,1021.92444
1741111326571,1021.92334
1741111326591,1021.94116
1741111326632,1021.9431
1741111326688,1021.9335
1741111326689,1021.9415
1741111326733,1021.92145
1741111326771,1021.91187
1741111326789,1021.9182
1741111326836,1021.91614
1741111326872,1021.92035
1741111326894,1021.92004
1741111326931,1021.9264
1741111326972,1021.92975
1741111326993,1021.9418
1741111327030,1021.944
1741111327075,1021.9426
1741111327089,1021.9454
1741111327130,1021.9455
1741111327173,1021.9379
1741111327193,1021.92883
1741111327232,1021.922
1741111327273,1021.9192
1741111327289,1021.93353
1741111327332,1021.9367
1741111327373,1021.9332
1741111327391,1021.94885
1741111327430,1021.9564
1741111327469,1021.95404
1741111327489,1021.9544
1741111327530,1021.95746
1741111327570,1021.9506
1741111327592,1021.9383
1741111327631,1021.9246
1741111327674,1021.9198
1741111327689,1021.9175
1741111327729,1021.92426
1741111327768,1021.92505
1741111327792,1021.9337
1741111327834,1021.931
1741111327875,1021.92175
1741111327889,1021.92896
1741111327931,1021.9276
1741111327969,1021.9258
1741111327989,1021.9198
1741111328030,1021.92615
1741111328071,1021.9147
1741111328090,1021.93164
1741111328134,1021.9379
1741111328169,1021.93005
1741111328192,1021.9284
1741111328228,1021.9254
1741111328273,1021.93164
1741111328289,1021.9262
1741111328330,1021.92224
1741111328378,1021.92865
1741111328392,1021.93445
1741111328430,1021.92847
1741111328472,1021.93164
1741111328488,1021.9445
1741111328551,1021.94525
1741111328571,1021.9265
1741111328588,1021.9201
1741111328629,1021.9188
1741111328671,1021.917
1741111328689,1021.92896
1741111328729,1021.9264
1741111328774,1021.92993
1741111328790,1021.9347
1741111328851,1021.93713
1741111328868,1021.94165
1741111328888,1021.9431
1741111328932,1021.94257
1741111328970,1021.94714
1741111328989,1021.94794
1741111329028,1021.9346
1741111329071,1021.92163
1741111329092,1021.922
1741111329129,1021.9302
1741111329172,1021.9317
1741111329190,1021.93207
1741111329235,1021.9292
1741111329277,1021.92535
1741111329289,1021.9261
1741111329329,1021.9184
1741111329374,1021.9266
1741111329391,1021.9389
1741111329429,1021.9386
1741111329469,1021.9241
1741111329492,1021.9326
1741111329532,1021.93396
1741111329571,1021.9231
1741111329589,1021.9276
1741111329629,1021.93066
1741111329670,1021.9354
1741111329688,1021.9411
1741111329730,1021.9406
1741111329767,1021.94434
1741111329789,1021.9412
1741111329829,1021.943
1741111329870,1021.9378
1741111329891,1021.9469
1741111329931,1021.9449
1741111329970,1021.9353
1741111329988,1021.9265
1741111330034,1021.9307
1741111330067,1021.9296
1741111330094,1021.9363
1741111330129,1021.93317
1741111330169,1021.93964
1741111330189,1021.93994
1741111330239,1021.93085
1741111330267,1021.93994
1741111330287,1021.9482
1741111330329,1021.946
1741111330385,1021.94257
1741111330387,1021.93054
1741111330431,1021.92773
1741111330468,1021.9266
1741111330489,1021.9317
1741111330531,1021.93823
1741111330572,1021.93835
1741111330586,1021.9284
1741111330628,1021.92413
1741111330670,1021.92786
1741111330689,1021.9203
1741111330727,1021.91327
1741111330771,1021.91846
1741111330791,1021.91925
1741111330830,1021.90625
1741111330867,1021.9006
1741111330889,1021.91077
1741111330930,1021.8976
1741111330969,1021.8863
1741111330992,1021.88916
1741111331029,1021.8981
1741111331073,1021.90497
1741111331088,1021.90375
1741111331129,1021.8985
1741111331170,1021.8994
1741111331186,1021.8995
1741111331229,1021.8981
1741111331269,1021.8954
1741111331290,1021.8811
1741111331328,1021.87573
1741111331367,1021.86035
1741111331388,1021.85803
1741111331429,1021.86664
1741111331470,1021.8671
1741111331486,1021.86346
1741111331531,1021.8648
1741111331568,1021.8649
1741111331586,1021.86816
1741111331631,1021.87
1741111331667,1021.86755
1741111331687,1021.8681
1741111331753,1021.85535
1741111331766,1021.8431
1741111331787,1021.8371
1741111331827,1021.8354
1741111331876,1021.8345
1741111331889,1021.83325
1741111331926,1021.82947
1741111331971,1021.8343
1741111331987,1021.8371
1741111332027,1021.8312
1741111332067,1021.8354
1741111332086,1021.834
1741111332128,1021.8448
1741111332167,1021.8434
1741111332187,1021.839
1741111332232,1021.8377
1741111332268,1021.84406
1741111332292,1021.83655
1741111332325,1021.8354
1741111332389,1021.8326
1741111332389,1021.82715
1741111332425,1021.82886
1741111332466,1021.826
1741111332487,1021.83307
1741111332526,1021.8308
1741111332570,1021.82654
1741111332589,1021.83875
1741111332629,1021.8379
1741111332674,1021.83594
1741111332689,1021.8278
1741111332725,1021.827
1741111332766,1021.8365
1741111332788,1021.8304
1741111332829,1021.8448
1741111332867,1021.84094
1741111332888,1021.843
1741111332926,1021.84485
1741111332972,1021.8586
1741111332986,1021.8628
1741111333031,1021.8572
1741111333076,1021.8495
1741111333088,1021.84033
1741111333128,1021.84015
1741111333166,1021.84155
1741111333187,1021.84595
1741111333227,1021.84717
1741111333266,1021.84393
1741111333296,1021.8358
1741111333328,1021.8352
1741111333370,1021.83496
1741111333389,1021.8297
1741111333428,1021.83887
1741111333467,1021.83856
1741111333488,1021.8481
1741111333548,1021.85114
1741111333564,1021.8388
1741111333585,1021.83746
1741111333627,1021.8395
1741111333667,1021.83325
1741111333692,1021.8341
1741111333725,1021.8364
1741111333766,1021.8468
1741111333786,1021.83734
1741111333834,1021.83435
1741111333865,1021.8406
1741111333885,1021.8431
1741111333931,1021.8472
1741111333966,1021.8474
1741111333988,1021.8473
1741111334029,1021.8377
1741111334070,1021.8423
1741111334086,1021.8364
1741111334128,1021.83527
1741111334165,1021.84094
1741111334187,1021.8456
1741111334233,1021.83606
1741111334265,1021.8417
1741111334286,1021.84045
1741111334330,1021.8491
1741111334372,1021.8544
1741111334386,1021.8578
1741111334425,1021.8557
1741111334465,1021.8472
1741111334486,1021.8395
1741111334530,1021.8386
1741111334565,1021.8356
1741111334592,1021.8372
1741111334629,1021.8364
1741111334666,1021.83203
1741111334686,1021.8329
1741111334725,1021.8416
1741111334765,1021.855
1741111334797,1021.84827
1741111334826,1021.84607
1741111334871,1021.8425
1741111334885,1021.846
1741111334926,1021.84216
1741111334981,1021.8403
1741111334991,1021.8426
1741111335024,1021.8285
1741111335064,1021.8312
1741111335084,1021.8323
1741111335129,1021.8239
1741111335171,1021.8234
1741111335186,1021.8305
1741111335225,1021.8297
1741111335271,1021.83167
1741111335288,1021.8367
1741111335325,1021.83594
1741111335368,1021.84906
1741111335386,1021.8398
1741111335424,1021.83923
1741111335466,1021.8294
1741111335485,1021.8233
1741111335527,1021.8277
1741111335565,1021.84076
1741111335586,1021.84204
1741111335624,1021.84827
1741111335674,1021.8484
1741111335686,1021.85944
1741111335725,1021.8628
1741111335764,1021.86346
1741111335785,1021.8664
1741111335825,1021.85114
1741111335866,1021.84546
1741111335885,1021.8306
1741111335924,1021.8248
1741111335967,1021.8318
1741111335992,1021.83057
1741111336025,1021.844
1741111336068,1021.84735
1741111336084,1021.8635
1741111336126,1021.8662
1741111336165,1021.8724
1741111336185,1021.8734
1741111336224,1021.8685
1741111336271,1021.8732
1741111336283,1021.85736
1741111336324,1021.84863
1741111336373,1021.8574
1741111336388,1021.8536
1741111336424,1021.84064
1741111336470,1021.8393
1741111336486,1021.8535
1741111336534,1021.8616
1741111336566,1021.86255
1741111336584,1021.8675
1741111336623,1021.87115
1741111336665,1021.871
1741111336695,1021.8668
1741111336725,1021.86835
1741111336762,1021.8635
1741111336783,1021.8707
1741111336825,1021.8668
1741111336864,1021.8692
1741111336886,1021.86993
1741111336927,1021.8867
1741111336970,1021.8955
1741111336992,1021.89636
1741111337026,1021.90027
1741111337063,1021.90326
1741111337084,1021.8968
1741111337129,1021.8964
1741111337164,1021.901
1741111337201,1021.89264
1741111337222,1021.8944
1741111337265,1021.89197
1741111337285,1021.8839
1741111337323,1021.8841
1741111337365,1021.8828
1741111337385,1021.8953
1741111337426,1021.8995
1741111337465,1021.9027
1741111337491,1021.8982
1741111337525,1021.9007
1741111337565,1021.9028
1741111337589,1021.9108
1741111337625,1021.9143
1741111337666,1021.8989
1741111337684,1021.9018
1741111337733,1021.90967
1741111337762,1021.88684
1741111337784,1021.87854
1741111337825,1021.8844
1741111337870,1021.8913
1741111337894,1021.8928
1741111337922,1021.8946
1741111337964,1021.9026
1741111337983,1021.89935
1741111338025,1021.8913
1741111338072,1021.89734
1741111338085,1021.8994
1741111338125,1021.9121
1741111338189,1021.9077
1741111338189,1021.90295
1741111338224,1021.90015
1741111338263,1021.8989
1741111338289,1021.8989
1741111338339,1021.9125
1741111338365,1021.918
1741111338384,1021.9148
1741111338424,1021.9185
1741111338464,1021.926
1741111338489,1021.9262
1741111338560,1021.9366
1741111338561,1021.9369
1741111338582,1021.9258
1741111338626,1021.9117
1741111338664,1021.91
1741111338685,1021.9173
1741111338723,1021.91864
1741111338764,1021.9208
1741111338793,1021.9223
1741111338831,1021.91785
1741111338864,1021.9114
1741111338889,1021.9145
1741111338932,1021.9193
1741111338965,1021.93054
1741111338986,1021.9335
1741111339028,1021.9236
1741111339066,1021.9196
1741111339084,1021.93115
1741111339128,1021.92596
1741111339164,1021.9232
1741111339182,1021.9227
1741111339226,1021.9138
1741111339262,1021.9093
1741111339283,1021.9181
1741111339323,1021.92065
1741111339362,1021.9208
1741111339383,1021.9152
1741111339421,1021.91833
1741111339462,1021.9206
1741111339481,1021.92755
1741111339523,1021.9182
1741111339563,1021.9184
1741111339584,1021.9302
1741111339624,1021.9365
1741111339666,1021.93713
1741111339682,1021.94073
1741111339726,1021.94824
1741111339765,1021.95044
1741111339785,1021.94464
1741111339823,1021.9511
1741111339862,1021.9551
1741111339883,1021.9467
1741111339924,1021.93506
1741111339962,1021.9239
1741111339983,1021.92065
1741111340029,1021.92444
1741111340061,1021.93146
1741111340081,1021.9312
1741111340122,1021.93195
1741111340161,1021.9249
1741111340183,1021.9273
1741111340226,1021.93304
1741111340264,1021.9455
1741111340283,1021.9639
1741111340322,1021.96027
1741111340362,1021.9707
1741111340383,1021.96497
1741111340427,1021.9627
1741111340464,1021.96857
1741111340484,1021.95294
1741111340526,1021.9518
1741111340561,1021.9478
1741111340582,1021.9403
1741111340622,1021.9453
1741111340664,1021.9417
1741111340704,1021.94666
1741111340721,1021.94324
1741111340765,1021.94574
1741111340785,1021.94934
1741111340823,1021.94293
1741111340861,1021.9413
1741111340882,1021.95166
1741111340925,1021.957
1741111340962,1021.95935
1741111340984,1021.9582
1741111341021,1021.97327
1741111341063,1021.9888
1741111341090,1021.9709
1741111341121,1021.9753
1741111341166,1021.9766
1741111341183,1021.97
1741111341221,1021.966
1741111341265,1021.9685
1741111341282,1021.9677
1741111341321,1021.96155
1741111341364,1021.9625
1741111341382,1021.9503
1741111341428,1021.95276
1741111341466,1021.9602
1741111341481,1021.9596
1741111341522,1021.9574
1741111341561,1021.96173
1741111341583,1021.96436
1741111341624,1021.9647
1741111341661,1021.9611
1741111341682,1021.97546
1741111341729,1021.9664
1741111341763,1021.9675
1741111341783,1021.9781
1741111341829,1021.9899
1741111341861,1021.9942
1741111341881,1021.97095
1741111341924,1021.9787
1741111341961,1021.9881
1741111341983,1021.97504
1741111342025,1021.97424
1741111342062,1021.97754
1741111342081,1021.97473
1741111342123,1021.96484
1741111342161,1021.9707
1741111342180,1021.97253
1741111342221,1021.972
1741111342262,1021.96155
1741111342282,1021.95636
1741111342322,1021.9585
1741111342364,1021.9613
1741111342389,1021.9531
1741111342424,1021.9689
1741111342460,1021.9878
1741111342481,1021.9939
1741111342523,1021.9843
1741111342564,1021.9759
1741111342581,1021.96704
1741111342622,1021.9686
1741111342662,1021.9625
1741111342680,1021.96497
1741111342722,1021.95807
1741111342763,1021.9546
1741111342782,1021.95825
1741111342820,1021.9568
1741111342875,1021.9564
1741111342887,1021.9525
1741111342922,1021.9609
1741111342964,1021.959
1741111342980,1021.9629
1741111343026,1021.96094
1741111343062,1021.96
1741111343081,1021.9624
1741111343123,1021.96497
1741111343163,1021.974
1741111343184,1021.9722
1741111343225,1021.9841
1741111343266,1021.977
1741111343280,1021.9687
1741111343323,1021.97656
1741111343363,1021.9737
1741111343382,1021.9672
1741111343421,1021.9715
1741111343462,1021.9743
1741111343480,1021.9669
1741111343563,1021.9538
1741111343563,1021.95215
1741111343578,1021.96027
1741111343623,1021.97046
1741111343661,1021.96387
1741111343682,1021.9591
1741111343722,1021.96106
1741111343761,1021.96826
1741111343782,1021.96893
1741111343822,1021.98047
1741111343861,1021.99945
1741111343880,1021.9951
1741111343923,1021.98785
1741111343959,1021.99164
1741111343985,1021.9915
1741111344022,1021.9837
1741111344061,1021.9804
1741111344081,1021.9769
1741111344120,1021.9689
1741111344161,1021.9611
1741111344188,1021.95605
1741111344220,1021.9647
1741111344265,1021.952
1741111344279,1021.95996
1741111344324,1021.95386
1741111344365,1021.9528
1741111344380,1021.94867
1741111344420,1021.95825
1741111344460,1021.9644
1741111344483,1021.96716
1741111344519,1021.96716
1741111344560,1021.96106
1741111344579,1021.95825
1741111344621,1021.97
1741111344662,1021.97864
1741111344680,1021.99194
1741111344726,1021.97473
1741111344766,1021.96783
1741111344782,1021.9735
1741111344822,1021.9579
1741111344860,1021.9567
1741111344880,1021.9708
1741111344922,1021.96716
1741111344960,1021.9646
1741111344983,1021.9694
1741111345020,1021.97485
1741111345063,1021.9794
1741111345083,1021.9751
1741111345122,1021.9766
1741111345162,1021.9759
1741111345180,1021.9801
1741111345225,1021.9731
1741111345260,1021.98303
1741111345282,1022.01196
1741111345325,1022.0147
1741111345362,1022.0183
1741111345382,1022.0164
1741111345421,1022.0244
1741111345461,1022.01807
1741111345479,1022.00195
1741111345523,1021.9899
1741111345560,1021.98444
1741111345580,1021.98663
1741111345621,1021.9877
1741111345660,1021.97815
1741111345681,1021.9862
1741111345721,1021.98315
1741111345761,1021.975
1741111345786,1021.9775
1741111345821,1021.9801
1741111345859,1021.9953
1741111345879,1021.9992
1741111345927,1021.99457
1741111345959,1021.99066
1741111345979,1021.99115
1741111346018,1021.9999
1741111346061,1021.99963
1741111346086,1022.0126
1741111346122,1022.0064
1741111346160,1022.01
1741111346181,1022.03345
1741111346230,1022.0307
1741111346258,1022.02496
1741111346277,1022.0215
1741111346321,1022.0033
1741111346361,1021.9991
1741111346388,1022.01575
1741111346423,1022.01227
1741111346465,1022.004
1741111346483,1022.00165
1741111346523,1022.00507
1741111346560,1022.0125
1741111346586,1022.01245
1741111346626,1022.01587
1741111346662,1022.00745
1741111346688,1022.0093
1741111346721,1022.013
1741111346762,1022.0019
1741111346790,1022.0095
1741111346821,1022.0255
1741111346859,1022.04944
1741111346879,1022.0437
1741111346919,1022.03613
1741111346959,1022.0381
1741111346980,1022.03516
1741111347026,1022.02734
1741111347071,1022.01965
1741111347098,1022.02344
1741111347118,1022.02985
1741111347159,1022.016
1741111347208,1022.0078
1741111347219,1022.01404
1741111347257,1022.02563
1741111347303,1022.02783
1741111347325,1022.0298
1741111347361,1022.0294
1741111347397,1022.0283
1741111347419,1022.03107
1741111347458,1022.02954
1741111347503,1022.0259
1741111347519,1022.0254
1741111347557,1022.02325
1741111347599,1022.02856
1741111347620,1022.04034
1741111347660,1022.03394
1741111347702,1022.0387
1741111347717,1022.0569
1741111347759,1022.0518
1741111347797,1022.032
1741111347820,1022.0427
1741111347863,1022.0348
1741111347902,1022.0354
1741111347924,1022.0322
1741111347961,1022.0272
1741111347999,1022.04047
1741111348021,1022.0359
1741111348063,1022.03125
1741111348101,1022.03723
1741111348120,1022.0509
1741111348158,1022.05457
1741111348202,1022.052
1741111348218,1022.05066
1741111348258,1022.03894
1741111348299,1022.03784
1741111348323,1022.04456
1741111348357,1022.0442
1741111348405,1022.05005
1741111348418,1022.04407
1741111348460,1022.0368
1741111348499,1022.04016
1741111348519,1022.07245
1741111348556,1022.0686
1741111348597,1022.04724
1741111348617,1022.0616
1741111348659,1022.0852
1741111348697,1022.07605
1741111348719,1022.07666
1741111348762,1022.07153
1741111348799,1022.068
1741111348819,1022.05774
1741111348869,1022.0638
1741111348900,1022.0604
1741111348923,1022.05743
1741111348956,1022.0494
1741111349000,1022.05
1741111349019,1022.04407
1741111349059,1022.05176
1741111349099,1022.054
1741111349118,1022.0523
1741111349157,1022.0427
1741111349208,1022.0459
1741111349219,1022.03955
1741111349257,1022.03625
1741111349300,1022.04266
1741111349318,1022.0532
1741111349359,1022.0566
1741111349408,1022.05383
1741111349421,1022.0531
1741111349458,1022.0659
1741111349497,1022.0668
1741111349518,1022.0603
1741111349556,1022.05927
1741111349596,1022.0517
1741111349620,1022.06213
1741111349660,1022.06445
1741111349701,1022.0612
1741111349719,1022.058
1741111349764,1022.0542
1741111349804,1022.05035
1741111349816,1022.04663
1741111349858,1022.0519
1741111349897,1022.0547
1741111349917,1022.0571
1741111349956,1022.0564
1741111349996,1022.05145
1741111350017,1022.0574
1741111350058,1022.0487
1741111350102,1022.05145
1741111350115,1022.053
1741111350158,1022.0624
1741111350198,1022.05115
1741111350216,1022.05194
1741111350256,1022.0426
1741111350296,1022.0542
1741111350316,1022.05444
1741111350356,1022.07007
1741111350396,1022.08765
1741111350415,1022.09607
1741111350456,1022.1035
1741111350495,1022.1046
1741111350516,1022.0878
1741111350556,1022.0729
1741111350596,1022.0696
1741111350616,1022.0687
1741111350657,1022.0702
1741111350696,1022.0591
1741111350718,1022.0654
1741111350756,1022.0644
1741111350799,1022.06195
1741111350816,1022.06604
1741111350863,1022.06976
1741111350897,1022.0686
1741111350917,1022.0604
1741111350956,1022.06647
1741111350999,1022.07794
1741111351018,1022.083
1741111351055,1022.08057
1741111351098,1022.07855
1741111351118,1022.08545
1741111351158,1022.09467
1741111351198,1022.0856
1741111351226,1022.07996
1741111351255,1022.0657
1741111351295,1022.05005
1741111351319,1022.0621
1741111351357,1022.06946
1741111351396,1022.08044
1741111351416,1022.0857
1741111351458,1022.0869
1741111351496,1022.08203
1741111351519,1022.08246
1741111351556,1022.0826
1741111351597,1022.0891
1741111351620,1022.0829
1741111351656,1022.0868
1741111351696,1022.09595
1741111351716,1022.1006
1741111351755,1022.10065
1741111351797,1022.0996
1741111351821,1022.1242
1741111351855,1022.1283
1741111351895,1022.12524
1741111351922,1022.12134
1741111351957,1022.1195
1741111351997,1022.1047
1741111352027,1022.10516
1741111352056,1022.10754
1741111352095,1022.1096
1741111352115,1022.1115
1741111352158,1022.1102
1741111352195,1022.10803
1741111352215,1022.1094
1741111352256,1022.10474
1741111352296,1022.10486
1741111352315,1022.1121
1741111352359,1022.1183
1741111352395,1022.1123
1741111352416,1022.1143
1741111352456,1022.1089
1741111352498,1022.1139
1741111352516,1022.1226
1741111352556,1022.1286
1741111352601,1022.1289
1741111352617,1022.13416
1741111352656,1022.1321
1741111352706,1022.1244
1741111352717,1022.1238
1741111352755,1022.1403
1741111352795,1022.1111
1741111352815,1022.12506
1741111352855,1022.12787
1741111352896,1022.12164
1741111352917,1022.11725
1741111352958,1022.1188
1741111352996,1022.1207
1741111353021,1022.1206
1741111353056,1022.131
1741111353097,1022.1437
1741111353118,1022.14355
1741111353156,1022.1419
1741111353201,1022.1449
1741111353216,1022.1474
1741111353261,1022.1437
1741111353295,1022.14417
1741111353316,1022.1475
1741111353354,1022.15466
1741111353398,1022.1531
1741111353418,1022.1728
1741111353456,1022.17993
1741111353496,1022.1761
1741111353517,1022.17145
1741111353558,1022.1692
1741111353594,1022.16956
1741111353614,1022.1737
1741111353655,1022.1671
1741111353698,1022.1627
1741111353723,1022.1686
1741111353764,1022.1562
1741111353804,1022.15106
1741111353816,1022.1478
1741111353864,1022.1515
1741111353903,1022.1575
1741111353914,1022.1668
1741111353964,1022.1675
1741111353994,1022.16394
1741111354014,1022.15533
1741111354060,1022.1583
1741111354098,1022.1548
1741111354116,1022.15814
1741111354158,1022.1613
1741111354194,1022.1811
1741111354216,1022.1851
1741111354255,1022.194
1741111354294,1022.1825
1741111354314,1022.19135
1741111354359,1022.17096
1741111354395,1022.1835
1741111354415,1022.17505
1741111354458,1022.178
1741111354503,1022.17365
1741111354514,1022.1902
1741111354554,1022.1874
1741111354594,1022.18915
1741111354616,1022.19006
1741111354654,1022.1929
1741111354697,1022.19104
1741111354715,1022.1719
1741111354753,1022.1726
1741111354794,1022.18286
1741111354815,1022.192
1741111354854,1022.19476
1741111354897,1022.2013
1741111354916,1022.2074
1741111354961,1022.20325
1741111354996,1022.21643
1741111355022,1022.21814
1741111355053,1022.2105
1741111355100,1022.209
1741111355119,1022.20917
1741111355154,1022.213
1741111355194,1022.2127
1741111355216,1022.20386
1741111355255,1022.204
1741111355295,1022.2001
1741111355315,1022.1904
1741111355356,1022.19275
1741111355394,1022.18256
1741111355414,1022.1828
1741111355453,1022.19
1741111355498,1022.1894
1741111355514,1022.19727
1741111355555,1022.19116
1741111355594,1022.1962
1741111355615,1022.2045
1741111355653,1022.203
1741111355695,1022.19366
1741111355713,1022.20044
1741111355753,1022.2014
1741111355796,1022.2042
1741111355814,1022.2167
1741111355856,1022.2246
1741111355895,1022.2309
1741111355915,1022.21844
1741111355955,1022.21436
1741111355993,1022.21356
1741111356014,1022.1912
1741111356053,1022.1936
1741111356094,1022.19763
1741111356114,1022.19995
1741111356160,1022.2097
1741111356196,1022.21436
1741111356214,1022.21765
1741111356255,1022.21655
1741111356294,1022.20636
1741111356315,1022.2101
1741111356361,1022.2181
1741111356395,1022.2155
1741111356415,1022.21545
1741111356455,1022.2251
1741111356493,1022.22424
1741111356512,1022.22705
1741111356552,1022.23883
1741111356592,1022.2511
1741111356613,1022.2519
1741111356653,1022.2521
1741111356695,1022.2389
1741111356725,1022.24164
1741111356754,1022.2345
1741111356793,1022.23553
1741111356814,1022.22394
1741111356855,1022.22485
1741111356891,1022.2251
1741111356914,1022.2158
1741111356960,1022.2162
1741111356994,1022.2197
1741111357014,1022.21185
1741111357054,1022.20874
1741111357097,1022.212
1741111357114,1022.22217
1741111357154,1022.2163
1741111357192,1022.22144
1741111357212,1022.2292
1741111357252,1022.2349
1741111357300,1022.2441
1741111357312,1022.2498
1741111357353,1022.2476
1741111357394,1022.2449
1741111357423,1022.2481
1741111357452,1022.2576
1741111357492,1022.25134
1741111357519,1022.2533
1741111357555,1022.24695
1741111357594,1022.2268
1741111357622,1022.2384
1741111357655,1022.24646
1741111357693,1022.25085
1741111357713,1022.2506
1741111357753,1022.24634
1741111357792,1022.2453
1741111357813,1022.2457
1741111357854,1022.25146
1741111357894,1022.25183
1741111357924,1022.25775
1741111357954,1022.25494
1741111357994,1022.24976
1741111358019,1022.2445
1741111358053,1022.2416
1741111358093,1022.2422
1741111358120,1022.2369
1741111358154,1022.24603
1741111358193,1022.26355
1741111358217,1022.2698
1741111358252,1022.2672
1741111358292,1022.25696
1741111358314,1022.2606
1741111358352,1022.2594
1741111358394,1022.2546
1741111358412,1022.25397
1741111358451,1022.2495
1741111358497,1022.2445
1741111358511,1022.2321
1741111358560,1022.2383
1741111358591,1022.2409
1741111358612,1022.2435
1741111358651,1022.2487
1741111358692,1022.24854
1741111358712,1022.24585
1741111358752,1022.23883
1741111358794,1022.2462
1741111358813,1022.2495
1741111358859,1022.2489
1741111358895,1022.2509
1741111358912,1022.26544
1741111358952,1022.2723
1741111358992,1022.27075
1741111359012,1022.27295
1741111359051,1022.27795
1741111359094,1022.27844
1741111359111,1022.26056
1741111359153,1022.2546
1741111359191,1022.2529
1741111359212,1022.24457
1741111359262,1022.2451
1741111359291,1022.2499
1741111359316,1022.2542
1741111359353,1022.2535
1741111359391,1022.2487
1741111359413,1022.2514
1741111359451,1022.24835
1741111359493,1022.2513
1741111359511,1022.2538
1741111359555,1022.2448
1741111359592,1022.23926
1741111359616,1022.2321
1741111359654,1022.24384
1741111359693,1022.2436
1741111359716,1022.25116
1741111359752,1022.25037
1741111359794,1022.2945
1741111359811,1022.31995
1741111359852,1022.28723
1741111359891,1022.2821
1741111359912,1022.2905
1741111359953,1022.2822
1741111359992,1022.27673
1741111360013,1022.2754
1741111360052,1022.27423
1741111360092,1022.2681
1741111360110,1022.26917
1741111360151,1022.25446
1741111360190,1022.25183
1741111360212,1022.24786
1741111360252,1022.2545
1741111360292,1022.26
1741111360313,1022.2504
1741111360353,1022.2505
1741111360394,1022.2517
1741111360410,1022.255
1741111360450,1022.24585
1741111360492,1022.2364
1741111360510,1022.242
1741111360568,1022.234
1741111360593,1022.2434
1741111360612,1022.2453
1741111360650,1022.2442
1741111360692,1022.23865
1741111360711,1022.23785
1741111360753,1022.237
1741111360790,1022.2366
1741111360813,1022.24066
1741111360852,1022.2405
1741111360892,1022.2452
1741111360914,1022.2474
1741111360952,1022.2496
1741111360990,1022.253
1741111361011,1022.2423
1741111361051,1022.2411
1741111361095,1022.24664
1741111361112,1022.2405
1741111361155,1022.23425
1741111361192,1022.24384
1741111361217,1022.247
1741111361251,1022.2457
1741111361294,1022.24536
1741111361314,1022.2555
1741111361350,1022.2584
1741111361392,1022.2526
1741111361415,1022.2499
1741111361452,1022.25903
1741111361491,1022.2634
1741111361513,1022.26483
1741111361550,1022.2638
1741111361591,1022.26215
1741111361610,1022.2656
1741111361655,1022.27075
1741111361692,1022.2706
1741111361713,1022.26416
1741111361757,1022.241
1741111361791,1022.233
1741111361812,1022.24243
1741111361852,1022.23865
1741111361891,1022.2335
1741111361909,1022.23486
1741111361949,1022.2329
1741111361991,1022.2324
1741111362010,1022.23096
1741111362051,1022.2359
1741111362092,1022.23193
1741111362114,1022.23
1741111362150,1022.2345
1741111362189,1022.23755
1741111362211,1022.2387
1741111362251,1022.22577
1741111362290,1022.22144
1741111362309,1022.208
1741111362351,1022.2004
1741111362394,1022.2128
1741111362414,1022.213
1741111362451,1022.2305
1741111362490,1022.233
1741111362515,1022.2369
1741111362550,1022.2382
1741111362589,1022.23456
1741111362612,1022.2259
1741111362651,1022.22253
1741111362694,1022.2261
1741111362716,1022.2419
1741111362751,1022.24194
1741111362792,1022.2393
1741111362813,1022.23584
1741111362849,1022.2321
1741111362889,1022.22266
1741111362912,1022.22266
1741111362949,1022.2327
1741111362993,1022.2319
1741111363012,1022.2346
1741111363049,1022.25037
1741111363091,1022.2672
1741111363114,1022.26215
1741111363151,1022.2583
1741111363189,1022.25604
1741111363211,1022.2563
1741111363253,1022.25146
1741111363289,1022.23846
1741111363310,1022.2294
1741111363352,1022.2328
1741111363389,1022.23346
1741111363412,1022.2292
1741111363451,1022.2379
1741111363489,1022.24274
1741111363511,1022.24817
1741111363569,1022.25305
1741111363589,1022.2463
1741111363610,1022.24036
1741111363649,1022.2527
1741111363692,1022.2638
1741111363712,1022.2591
1741111363751,1022.2556
1741111363791,1022.25385
1741111363814,1022.25604
1741111363855,1022.25183
1741111363892,1022.2378
1741111363910,1022.2351
1741111363953,1022.2344
1741111363990,1022.2306
1741111364013,1022.229
1741111364058,1022.234
1741111364090,1022.23804
1741111364111,1022.22406
1741111364150,1022.22687
1741111364190,1022.2246
1741111364211,1022.2309
1741111364249,1022.2295
1741111364291,1022.2279
1741111364314,1022.2285
1741111364351,1022.22845
1741111364393,1022.23395
1741111364410,1022.24677
1741111364450,1022.2423
1741111364493,1022.23883
1741111364515,1022.248
1741111364549,1022.25507
1741111364602,1022.26294
1741111364610,1022.25366
1741111364661,1022.2538
1741111364691,1022.26355
1741111364716,1022.256
1741111364754,1022.2437
1741111364789,1022.2374
1741111364808,1022.23694
1741111364849,1022.22815
1741111364888,1022.22925
1741111364909,1022.2269
1741111364948,1022.2352
1741111364988,1022.23444
1741111365011,1022.2339
1741111365055,1022.2354
1741111365089,1022.23944
1741111365110,1022.24994
1741111365164,1022.2514
1741111365187,1022.2561
1741111365209,1022.251
1741111365255,1022.2506
1741111365292,1022.24054
1741111365309,1022.2229
1741111365349,1022.2151
1741111365390,1022.21313
1741111365409,1022.21625
1741111365456,1022.2202
1741111365488,1022.2217
1741111365507,1022.2222
1741111365556,1022.22095
1741111365590,1022.22314
1741111365610,1022.2264
1741111365655,1022.2269
1741111365689,1022.2291
1741111365710,1022.21655
1741111365749,1022.21436
1741111365789,1022.2119
1741111365808,1022.2084
1741111365850,1022.2134
1741111365888,1022.2317
1741111365913,1022.24
1741111365949,1022.2318
1741111365992,1022.2329
1741111366009,1022.2456
1741111366051,1022.2602
1741111366088,1022.26306
1741111366108,1022.25635
1741111366149,1022.2562
1741111366189,1022.25146
1741111366212,1022.2422
1741111366247,1022.2312
1741111366289,1022.2294
1741111366310,1022.2262
1741111366351,1022.22253
1741111366393,1022.22046
1741111366408,1022.2313
1741111366449,1022.2276
1741111366492,1022.22375
1741111366515,1022.2123
1741111366548,1022.23425
1741111366590,1022.24243
1741111366609,1022.24115
1741111366647,1022.2445
1741111366691,1022.2342
1741111366712,1022.23706
1741111366748,1022.23486
1741111366788,1022.23956
1741111366808,1022.2292
1741111366850,1022.2297
1741111366888,1022.2273
1741111366910,1022.23193
1741111366947,1022.225
1741111366987,1022.2278
1741111367008,1022.231
1741111367047,1022.2351
1741111367092,1022.2345
1741111367109,1022.2291
1741111367149,1022.2325
1741111367192,1022.2327
1741111367208,1022.2228
1741111367246,1022.21277
1741111367290,1022.217
1741111367309,1022.2162
1741111367349,1022.2028
1741111367389,1022.2109
1741111367409,1022.21814
1741111367450,1022.2217
1741111367491,1022.22943
1741111367510,1022.24493
1741111367549,1022.24634
1741111367586,1022.2488
1741111367610,1022.24274
1741111367650,1022.24023
1741111367687,1022.23694
1741111367708,1022.23517
1741111367748,1022.2352
1741111367796,1022.2434
1741111367807,1022.2422
1741111367850,1022.23553
1741111367889,1022.236
1741111367909,1022.2368
1741111367948,1022.23724
1741111367989,1022.2346
1741111368012,1022.2374
1741111368050,1022.2422
1741111368092,1022.24054
1741111368110,1022.232
1741111368147,1022.2312
1741111368189,1022.23553
1741111368207,1022.24506
1741111368249,1022.2395
1741111368291,1022.2254
1741111368310,1022.2116
1741111368346,1022.21185
1741111368386,1022.2134
1741111368408,1022.2141
1741111368446,1022.2245
1741111368489,1022.23224
1741111368511,1022.228
1741111368564,1022.22656
1741111368588,1022.22534
1741111368606,1022.2277
1741111368645,1022.2363
1741111368686,1022.2347
1741111368709,1022.23096
1741111368749,1022.2171
1741111368785,1022.2257
1741111368808,1022.24
1741111368856,1022.2478
1741111368886,1022.243
1741111368907,1022.2495
1741111368953,1022.2451
1741111368989,1022.2521
1741111369029,1022.2517
1741111369045,1022.24426
1741111369085,1022.24817
1741111369126,1022.24
1741111369152,1022.232
1741111369188,1022.2191
1741111369226,1022.21216
1741111369250,1022.21375
1741111369291,1022.20905
1741111369325,1022.21246
1741111369346,1022.219
1741111369396,1022.21674
1741111369428,1022.21436
1741111369448,1022.2139
1741111369487,1022.21716
1741111369529,1022.24023
1741111369546,1022.24774
1741111369585,1022.2377
1741111369627,1022.2287
1741111369646,1022.22614
1741111369689,1022.22235
1741111369726,1022.22327
1741111369746,1022.22723
1741111369791,1022.2179
1741111369826,1022.21533
1741111369848,1022.21826
1741111369886,1022.2189
1741111369928,1022.22266
1741111369946,1022.2192
1741111369989,1022.2064
1741111370025,1022.2023
1741111370045,1022.20325
1741111370087,1022.20337
1741111370129,1022.20435
1741111370146,1022.21277
1741111370191,1022.2107
1741111370228,1022.2108
1741111370248,1022.21344
1741111370284,1022.2212
1741111370330,1022.2142
1741111370346,1022.20514
1741111370389,1022.2212
1741111370425,1022.22864
1741111370454,1022.2286
1741111370484,1022.2357
1741111370525,1022.2436
1741111370548,1022.2348
1741111370586,1022.2308
1741111370630,1022.2251
1741111370646,1022.20905
1741111370685,1022.2102
1741111370734,1022.2224
1741111370746,1022.21686
1741111370791,1022.20557
1741111370826,1022.19836
1741111370846,1022.2097
1741111370890,1022.2191
1741111370927,1022.206
1741111370948,1022.21094
1741111370986,1022.218
1741111371026,1022.23016
1741111371045,1022.2379
1741111371088,1022.23126
1741111371125,1022.2409
1741111371147,1022.23895
1741111371186,1022.23676
1741111371225,1022.2208
1741111371246,1022.222
1741111371288,1022.21716
1741111371325,1022.2165
1741111371348,1022.2258
1741111371386,1022.228
1741111371426,1022.2285
1741111371445,1022.21515
1741111371490,1022.21985
1741111371527,1022.22894
1741111371546,1022.2352
1741111371588,1022.2337
1741111371625,1022.2289
1741111371646,1022.2199
1741111371684,1022.21326
1741111371725,1022.2101
1741111371744,1022.2081
1741111371787,1022.2223
1741111371838,1022.22534
1741111371848,1022.2192
1741111371887,1022.2216
1741111371928,1022.2373
1741111371948,1022.2479
1741111371985,1022.2507
1741111372023,1022.24567
1741111372044,1022.246
1741111372087,1022.23364
1741111372126,1022.21826
1741111372146,1022.20544
1741111372190,1022.2064
1741111372228,1022.2111
1741111372242,1022.2143
1741111372284,1022.2183
1741111372332,1022.2183
1741111372346,1022.20996
1741111372392,1022.21356
1741111372428,1022.20844
1741111372444,1022.2155
1741111372488,1022.2195
1741111372525,1022.23035
1741111372552,1022.2362
1741111372584,1022.2402
1741111372626,1022.2331
1741111372646,1022.2222
1741111372686,1022.2261
1741111372726,1022.21484
1741111372748,1022.20776
1741111372785,1022.20306
1741111372824,1022.2162
1741111372843,1022.22363
1741111372889,1022.22864
1741111372929,1022.2197
1741111372945,1022.21515
1741111372986,1022.22186
1741111373025,1022.2251
1741111373053,1022.2203
1741111373086,1022.215
1741111373125,1022.2118
1741111373143,1022.2126
1741111373185,1022.212
1741111373224,1022.20795
1741111373246,1022.21515
1741111373284,1022.2296
1741111373325,1022.22614
1741111373345,1022.23065
1741111373383,1022.2342
1741111373423,1022.23413
1741111373454,1022.25446
1741111373482,1022.25793
1741111373559,1022.24774
1741111373559,1022.25146
1741111373585,1022.24475
1741111373632,1022.2362
1741111373645,1022.22845
1741111373684,1022.22766
1741111373723,1022.22644
1741111373743,1022.2282
1741111373782,1022.21594
1741111373828,1022.21387
1741111373845,1022.2162
1741111373883,1022.21674
1741111373930,1022.22296
1741111373948,1022.2306
1741111373988,1022.23926
1741111374027,1022.2441
1741111374043,1022.2443
1741111374093,1022.2422
1741111374122,1022.24786
1741111374143,1022.2457
1741111374184,1022.2405
1741111374225,1022.2427
1741111374243,1022.2348
1741111374285,1022.2324
1741111374323,1022.23315
1741111374346,1022.2253
1741111374382,1022.2206
1741111374428,1022.2107
1741111374445,1022.2127
1741111374484,1022.2151
1741111374526,1022.2093
1741111374544,1022.219
1741111374595,1022.22534
1741111374623,1022.22485
1741111374653,1022.22473
1741111374682,1022.2232
1741111374722,1022.2203
1741111374743,1022.2119
1741111374785,1022.22614
1741111374826,1022.22565
1741111374845,1022.22754
1741111374899,1022.25
1741111374925,1022.2623
1741111374944,1022.25037
1741111374983,1022.2463
1741111375023,1022.24207
1741111375050,1022.2444
1741111375089,1022.23865
1741111375123,1022.2216
1741111375146,1022.21405
1741111375183,1022.21594
1741111375222,1022.21826
1741111375243,1022.21533
1741111375282,1022.2196
1741111375330,1022.227
1741111375342,1022.24286
1741111375386,1022.2369
1741111375427,1022.2192
1741111375446,1022.2172
1741111375481,1022.2144
1741111375523,1022.2039
1741111375541,1022.21484
1741111375583,1022.213
1741111375622,1022.20746
1741111375642,1022.20966
1741111375689,1022.21216
1741111375723,1022.22266
1741111375746,1022.22394
1741111375782,1022.22406
1741111375822,1022.22974
1741111375845,1022.2165
1741111375892,1022.20886
1741111375922,1022.20856
1741111375944,1022.2108
1741111375983,1022.2177
1741111376023,1022.21674
1741111376044,1022.21466
1741111376081,1022.2135
1741111376123,1022.20215
1741111376148,1022.20276
1741111376185,1022.20917
1741111376224,1022.2256
1741111376246,1022.2202
1741111376289,1022.22565
1741111376325,1022.228
1741111376343,1022.2189
1741111376383,1022.2224
1741111376423,1022.2352
1741111376447,1022.25165
1741111376482,1022.2591
1741111376536,1022.26984
1741111376545,1022.2792
1741111376590,1022.27795
1741111376622,1022.2779
1741111376642,1022.28723
1741111376683,1022.29016
1741111376725,1022.2805
1741111376742,1022.272
1741111376786,1022.26215
1741111376822,1022.2538
1741111376843,1022.26166
1741111376882,1022.2625
1741111376923,1022.2688
1741111376944,1022.2827
1741111376980,1022.28296
1741111377023,1022.2766
1741111377044,1022.2794
1741111377083,1022.2782
1741111377120,1022.2784
1741111377142,1022.28094
1741111377181,1022.27625
1741111377221,1022.2882
1741111377242,1022.2974
1741111377289,1022.2921
1741111377326,1022.2939
1741111377342,1022.29285
1741111377382,1022.2969
1741111377424,1022.30664
1741111377444,1022.3147
1741111377483,1022.3217
1741111377521,1022.32434
1741111377543,1022.32074
1741111377583,1022.3178
1741111377631,1022.32135
1741111377640,1022.3141
1741111377681,1022.3092
1741111377725,1022.31506
1741111377741,1022.3183
1741111377784,1022.318
1741111377821,1022.3136
1741111377841,1022.30945
1741111377881,1022.32
1741111377929,1022.3267
1741111377941,1022.32666
1741111377983,1022.3379
1741111378023,1022.3417
1741111378042,1022.33936
1741111378082,1022.3478
1741111378122,1022.34766
1741111378146,1022.3473
1741111378181,1022.35
1741111378223,1022.34766
1741111378241,1022.37024
1741111378288,1022.37744
1741111378323,1022.3771
1741111378345,1022.3657
1741111378383,1022.35205
1741111378428,1022.33826
1741111378440,1022.32666
1741111378488,1022.32947
1741111378522,1022.33453
1741111378542,1022.35614
1741111378579,1022.37
1741111378619,1022.3782
1741111378640,1022.42084
1741111378681,1022.45374
1741111378724,1022.4513
1741111378748,1022.42725
1741111378783,1022.4159
1741111378820,1022.4021
1741111378842,1022.3908
1741111378885,1022.3834
1741111378923,1022.3716
1741111378941,1022.3628
1741111378982,1022.35956
1741111379022,1022.3452
1741111379041,1022.3133
1741111379082,1022.3305
1741111379120,1022.34973
1741111379153,1022.3126
1741111379180,1022.3248
1741111379225,1022.341
1741111379241,1022.36255
1741111379280,1022.3441
1741111379323,1022.3131
1741111379341,1022.30676
1741111379379,1022.31696
1741111379423,1022.3262
1741111379440,1022.3412
1741111379479,1022.3567
1741111379522,1022.3567
1741111379542,1022.35004
1741111379583,1022.3631
1741111379623,1022.363
1741111379641,1022.3615
1741111379682,1022.3589
1741111379721,1022.34607
1741111379748,1022.33734
1741111379785,1022.3329
1741111379822,1022.3391
1741111379842,1022.346
1741111379882,1022.3436
1741111379922,1022.3402
1741111379944,1022.36536
1741111379979,1022.40234
1741111380024,1022.3863
1741111380041,1022.38965
1741111380081,1022.36646
1741111380128,1022.3253
1741111380140,1022.29016
1741111380189,1022.2564
1741111380221,1022.2498
1741111380242,1022.2644
1741111380281,1022.2854
1741111380319,1022.28143
1741111380349,1022.28564
1741111380382,1022.29065
1741111380421,1022.2942
1741111380439,1022.2876
1741111380479,1022.2874
1741111380524,1022.284
1741111380538,1022.2806
1741111380578,1022.2799
1741111380618,1022.2775
1741111380639,1022.2856
1741111380678,1022.2848
1741111380718,1022.29126
1741111380738,1022.2884
1741111380778,1022.27673
1741111380818,1022.2765
1741111380838,1022.27515
1741111380878,1022.2763
1741111380918,1022.28265
1741111380938,1022.28595
1741111380978,1022.2882
1741111381018,1022.291
1741111381038,1022.2853
1741111381078,1022.28467
1741111381118,1022.28235
1741111381138,1022.28046
1741111381178,1022.28345
1741111381218,1022.2809
1741111381238,1022.27576
1741111381278,1022.27936
1741111381318,1022.28046
1741111381348,1022.2651
1741111381379,1022.255
1741111381417,1022.255
1741111381482,1022.2548
1741111381482,1022.2601
1741111381518,1022.249
1741111381538,1022.2467
1741111381578,1022.25543
1741111381618,1022.26166
1741111381638,1022.2592
1741111381679,1022.24756
1741111381718,1022.2396
1741111381738,1022.24274
1741111381778,1022.24164
1741111381818,1022.2403
1741111381840,1022.24634
1741111381879,1022.23846
1741111381918,1022.2394
1741111381938,1022.24585
1741111381977,1022.2424
1741111382017,1022.2304
1741111382037,1022.2249
1741111382078,1022.2216
1741111382120,1022.22864
1741111382139,1022.2248
1741111382179,1022.2217
1741111382217,1022.21875
1741111382238,1022.22144
1741111382277,1022.2341
