1741110281842,1021.98486
1741110281862,1022.02954
1741110281902,1022.05927
1741110281942,1022.0652
1741110281962,1022.0552
1741110282004,1022.04565
1741110282042,1022.059
1741110282063,1022.0479
1741110282102,1022.05804
1741110282142,1022.06055
1741110282162,1022.05914
1741110282204,1022.04144
1741110282242,1022.0332
1741110282266,1022.03455
1741110282302,1022.0438
1741110282342,1022.06067
1741110282362,1022.07043
1741110282402,1022.0647
1741110282442,1022.0593
1741110282462,1022.0582
1741110282501,1022.0557
1741110282542,1022.03107
1741110282562,1022.04614
1741110282612,1022.05927
1741110282643,1022.072
1741110282662,1022.0702
1741110282702,1022.0621
1741110282742,1022.0559
1741110282762,1022.0625
1741110282802,1022.0609
1741110282841,1022.06116
1741110282862,1022.0627
1741110282902,1022.0656
1741110282922,1022.0764
1741110282964,1022.0858
1741110283001,1022.0858
1741110283050,1022.0992
1741110283061,1022.10376
1741110283101,1022.1377
1741110283142,1022.16345
1741110283161,1022.14813
1741110283203,1022.15515
1741110283242,1022.1594
1741110283262,1022.1494
1741110283301,1022.1359
1741110283342,1022.11554
1741110283362,1022.12964
1741110283462,1022.12744
1741110283481,1022.0952
1741110283522,1022.0947
1741110283544,1022.0998
1741110283584,1022.1058
1741110283623,1022.1013
1741110283662,1022.10693
1741110283683,1022.1084
1741110283724,1022.1127
1741110283769,1022.0803
1741110283822,1022.0054
1741110283822,1022.0066
1741110283842,1022.02246
1741110283885,1022.03485
1741110283922,1022.0454
1741110283964,1022.06165
1741110283985,1022.07355
1741110284030,1022.08386
1741110284062,1022.08594
1741110284083,1022.0869
1741110284122,1022.0798
1741110284162,1022.0782
1741110284182,1022.0957
1741110284223,1022.1078
1741110284265,1022.11487
1741110284281,1022.12854
1741110284325,1022.1168
1741110284370,1022.10834
1741110284382,1022.10736
1741110284423,1022.0996
1741110284466,1022.0928
1741110284482,1022.09357
1741110284524,1022.09576
1741110284567,1022.10254
1741110284586,1022.0941
1741110284626,1022.09186
1741110284663,1022.10034
1741110284682,1022.09534
1741110284724,1022.0977
1741110284763,1022.10406
1741110284790,1022.1106
1741110284823,1022.1179
1741110284864,1022.1163
1741110284881,1022.11304
1741110284924,1022.10956
1741110284967,1022.1194
1741110284981,1022.10583
1741110285023,1022.10486
1741110285060,1022.10474
1741110285081,1022.1037
1741110285122,1022.09924
1741110285162,1022.09485
1741110285182,1022.1022
1741110285224,1022.1056
1741110285264,1022.10126
1741110285289,1022.1062
1741110285321,1022.1078
1741110285362,1022.1013
1741110285381,1022.1112
1741110285420,1022.1074
1741110285461,1022.10486
1741110285481,1022.0987
1741110285521,1022.10736
1741110285568,1022.11
1741110285582,1022.1094
1741110285622,1022.10803
1741110285662,1022.11
1741110285681,1022.1109
1741110285722,1022.1071
1741110285760,1022.1044
1741110285782,1022.0967
1741110285823,1022.09454
1741110285868,1022.0984
1741110285894,1022.10693
1741110285921,1022.1112
1741110285962,1022.10223
1741110285980,1022.1062
1741110286021,1022.10547
1741110286064,1022.11273
1741110286081,1022.10876
1741110286123,1022.0988
1741110286161,1022.09607
1741110286180,1022.09784
1741110286223,1022.1026
1741110286265,1022.09564
1741110286280,1022.10114
1741110286322,1022.1038
1741110286364,1022.1151
1741110286386,1022.129
1741110286423,1022.14154
1741110286465,1022.13245
1741110286481,1022.1167
1741110286523,1022.1022
1741110286561,1022.0921
1741110286593,1022.10596
1741110286620,1022.10693
1741110286661,1022.1011
1741110286682,1022.10284
1741110286726,1022.1045
1741110286761,1022.10046
1741110286780,1022.1148
1741110286820,1022.11633
1741110286864,1022.1074
1741110286880,1022.0994
1741110286920,1022.1014
1741110286960,1022.11163
1741110286982,1022.1117
1741110287019,1022.11005
1741110287059,1022.1095
1741110287080,1022.11633
1741110287121,1022.1207
1741110287171,1022.1272
1741110287183,1022.1145
1741110287220,1022.11273
1741110287263,1022.1178
1741110287283,1022.1233
1741110287321,1022.1246
1741110287360,1022.1276
1741110287381,1022.11945
1741110287422,1022.1188
1741110287461,1022.1212
1741110287486,1022.1217
1741110287522,1022.12506
1741110287561,1022.11835
1741110287583,1022.1139
1741110287620,1022.10315
1741110287661,1022.1006
1741110287683,1022.1003
1741110287722,1022.10236
1741110287761,1022.11475
1741110287783,1022.11597
1741110287821,1022.11414
1741110287860,1022.10736
1741110287883,1022.1064
1741110287923,1022.11145
1741110287965,1022.1096
1741110287986,1022.10205
1741110288021,1022.0923
1741110288060,1022.0853
1741110288080,1022.1096
1741110288121,1022.11914
1741110288160,1022.12897
1741110288181,1022.1123
1741110288221,1022.1062
1741110288259,1022.12036
1741110288279,1022.1291
1741110288321,1022.1317
1741110288360,1022.1155
1741110288380,1022.1123
1741110288420,1022.1086
1741110288461,1022.0995
1741110288483,1022.096
1741110288520,1022.1062
1741110288559,1022.1048
1741110288579,1022.1105
1741110288618,1022.1149
1741110288660,1022.1142
1741110288679,1022.1198
1741110288721,1022.13354
1741110288761,1022.12384
1741110288779,1022.1222
1741110288821,1022.1257
1741110288861,1022.1218
1741110288880,1022.1244
1741110288922,1022.11206
1741110288961,1022.1256
1741110288980,1022.1351
1741110289021,1022.12976
1741110289060,1022.12177
1741110289081,1022.114
1741110289119,1022.11536
1741110289159,1022.1343
1741110289180,1022.13293
1741110289218,1022.1309
1741110289260,1022.12744
1741110289279,1022.12683
1741110289319,1022.13135
1741110289359,1022.1235
1741110289382,1022.11554
1741110289423,1022.1072
1741110289460,1022.1049
1741110289481,1022.10297
1741110289526,1022.1073
1741110289561,1022.10925
1741110289585,1022.1094
1741110289619,1022.10254
1741110289660,1022.0986
1741110289681,1022.1066
1741110289719,1022.1114
1741110289760,1022.10986
1741110289781,1022.103
1741110289825,1022.1001
1741110289868,1022.10706
1741110289885,1022.11426
1741110289920,1022.1241
1741110289958,1022.12024
1741110289990,1022.11633
1741110290022,1022.11993
1741110290062,1022.12
1741110290081,1022.12634
1741110290120,1022.1204
1741110290160,1022.1036
1741110290181,1022.09424
1741110290224,1022.09875
1741110290259,1022.1045
1741110290281,1022.1093
1741110290319,1022.1074
1741110290360,1022.11
1741110290381,1022.1213
1741110290419,1022.12415
1741110290460,1022.1177
1741110290488,1022.1151
1741110290521,1022.106
1741110290559,1022.1065
1741110290579,1022.0927
1741110290619,1022.0906
1741110290661,1022.1007
1741110290683,1022.10144
1741110290719,1022.1102
1741110290762,1022.108
1741110290779,1022.09717
1741110290819,1022.09546
1741110290866,1022.09766
1741110290881,1022.0947
1741110290921,1022.09436
1741110290960,1022.0934
1741110290985,1022.09607
1741110291020,1022.1079
1741110291058,1022.1059
1741110291080,1022.10864
1741110291118,1022.1152
1741110291164,1022.112
1741110291180,1022.10736
1741110291220,1022.1028
1741110291266,1022.1023
1741110291279,1022.09595
1741110291320,1022.10767
1741110291360,1022.1087
1741110291381,1022.10724
1741110291417,1022.10706
1741110291460,1022.1098
1741110291478,1022.1093
1741110291520,1022.10443
1741110291557,1022.09937
1741110291578,1022.1047
1741110291621,1022.10126
1741110291659,1022.10284
1741110291688,1022.1002
1741110291724,1022.1025
1741110291756,1022.0925
1741110291780,1022.09045
1741110291819,1022.0958
1741110291860,1022.09143
1741110291880,1022.0958
1741110291918,1022.095
1741110291958,1022.10034
1741110291977,1022.102
1741110292020,1022.09766
1741110292068,1022.0863
1741110292078,1022.0777
1741110292116,1022.0863
1741110292159,1022.09106
1741110292178,1022.0967
1741110292227,1022.09906
1741110292266,1022.1038
1741110292278,1022.10376
1741110292321,1022.1015
1741110292366,1022.0955
1741110292378,1022.0963
1741110292418,1022.093
1741110292459,1022.10144
1741110292478,1022.1054
1741110292522,1022.1106
1741110292557,1022.1126
1741110292577,1022.11224
1741110292618,1022.104
1741110292668,1022.09863
1741110292678,1022.0919
1741110292722,1022.0861
1741110292758,1022.08124
1741110292786,1022.08093
1741110292818,1022.08307
1741110292863,1022.09534
1741110292878,1022.0979
1741110292922,1022.0988
1741110292960,1022.0928
1741110292985,1022.0974
1741110293016,1022.08734
1741110293056,1022.0859
1741110293081,1022.09143
1741110293119,1022.0794
1741110293159,1022.0785
1741110293178,1022.08997
1741110293217,1022.0884
1741110293260,1022.08295
1741110293278,1022.0879
1741110293316,1022.09045
1741110293359,1022.09735
1741110293378,1022.09735
1741110293417,1022.08856
1741110293460,1022.0804
1741110293476,1022.08374
1741110293517,1022.0967
1741110293557,1022.09607
1741110293578,1022.1015
1741110293624,1022.11115
1741110293668,1022.10315
1741110293679,1022.09937
1741110293718,1022.10443
1741110293757,1022.0947
1741110293779,1022.09644
1741110293825,1022.08997
1741110293858,1022.0762
1741110293882,1022.08014
1741110293918,1022.08936
1741110293958,1022.08746
1741110293978,1022.0907
1741110294029,1022.09546
1741110294056,1022.10034
1741110294077,1022.0945
1741110294120,1022.0869
1741110294158,1022.08417
1741110294182,1022.0941
1741110294217,1022.095
1741110294259,1022.0819
1741110294276,1022.08777
1741110294328,1022.0941
1741110294362,1022.09644
1741110294375,1022.0938
1741110294427,1022.09314
1741110294458,1022.08905
1741110294481,1022.0925
1741110294518,1022.09314
1741110294558,1022.0702
1741110294577,1022.06506
1741110294616,1022.0631
1741110294660,1022.07745
1741110294677,1022.0834
1741110294727,1022.07806
1741110294756,1022.07086
1741110294781,1022.0668
1741110294817,1022.08264
1741110294857,1022.0833
1741110294878,1022.0821
1741110294917,1022.0593
1741110294956,1022.0457
1741110294982,1022.0505
1741110295016,1022.05255
1741110295062,1022.0519
1741110295079,1022.05536
1741110295118,1022.0559
1741110295157,1022.0543
1741110295177,1022.0556
1741110295229,1022.04956
1741110295257,1022.04834
1741110295291,1022.05615
1741110295316,1022.06036
1741110295357,1022.04285
1741110295379,1022.037
1741110295419,1022.03516
1741110295456,1022.041
1741110295476,1022.0427
1741110295516,1022.0356
1741110295558,1022.03217
1741110295579,1022.03564
1741110295615,1022.0347
1741110295656,1022.02936
1741110295677,1022.0273
1741110295719,1022.0149
1741110295756,1022.01373
1741110295777,1022.0324
1741110295824,1022.03723
1741110295855,1022.0328
1741110295878,1022.02637
1741110295924,1022.0366
1741110295959,1022.0426
1741110295978,1022.0276
1741110296017,1022.0182
1741110296057,1022.0157
1741110296076,1022.01105
1741110296121,1022.0008
1741110296155,1021.9986
1741110296175,1022.001
1741110296214,1022.00714
1741110296258,1022.011
1741110296276,1022.0166
1741110296319,1022.00226
1741110296356,1021.99866
1741110296376,1022.0028
1741110296421,1021.99677
1741110296456,1021.9935
1741110296477,1022.0026
1741110296515,1021.9977
1741110296555,1021.9989
1741110296576,1022.00073
1741110296617,1021.99634
1741110296655,1021.99347
1741110296676,1021.9927
1741110296719,1021.9922
1741110296756,1021.9841
1741110296777,1021.96246
1741110296814,1021.9688
1741110296855,1021.9708
1741110296876,1021.97375
1741110296917,1021.9797
1741110296957,1021.9838
1741110296975,1021.9885
1741110297015,1021.9933
1741110297059,1021.99854
1741110297075,1022.00415
1741110297113,1021.98834
1741110297154,1021.9825
1741110297178,1021.9861
1741110297216,1021.9893
1741110297257,1021.9979
1741110297276,1021.9954
1741110297315,1021.99347
1741110297355,1021.99866
1741110297377,1021.9917
1741110297420,1021.9865
1741110297456,1021.99493
1741110297480,1021.993
1741110297520,1021.98987
1741110297555,1021.9905
1741110297576,1021.9703
1741110297614,1021.97595
1741110297656,1021.973
1741110297675,1021.9696
1741110297713,1021.9801
1741110297754,1021.9845
1741110297775,1021.9848
1741110297824,1021.9872
1741110297856,1021.9875
1741110297883,1021.974
1741110297914,1021.9644
1741110297965,1021.96313
1741110297975,1021.97437
1741110298017,1021.98193
1741110298055,1021.9852
1741110298079,1021.97656
1741110298115,1021.9752
1741110298161,1021.9901
1741110298181,1021.9872
1741110298215,1021.97473
1741110298269,1021.95953
1741110298274,1021.9601
1741110298315,1021.96027
1741110298361,1021.95514
1741110298386,1021.9568
1741110298415,1021.9619
1741110298455,1021.96814
1741110298480,1021.9653
1741110298514,1021.9598
1741110298555,1021.96265
1741110298577,1021.9624
1741110298616,1021.96436
1741110298655,1021.95825
1741110298679,1021.95184
1741110298715,1021.963
1741110298766,1021.96826
1741110298775,1021.9712
1741110298814,1021.9794
1741110298855,1021.9675
1741110298878,1021.9758
1741110298915,1021.9626
1741110298958,1021.946
1741110298975,1021.93677
1741110299018,1021.945
1741110299055,1021.96075
1741110299080,1021.9653
1741110299115,1021.9702
1741110299154,1021.96277
1741110299175,1021.95996
1741110299216,1021.96643
1741110299255,1021.97107
1741110299278,1021.96454
1741110299314,1021.951
1741110299365,1021.9472
1741110299378,1021.9531
1741110299414,1021.9566
1741110299455,1021.95105
1741110299481,1021.9399
1741110299515,1021.95
1741110299556,1021.9497
1741110299578,1021.9417
1741110299616,1021.9418
1741110299653,1021.94116
1741110299673,1021.94556
1741110299715,1021.9443
1741110299753,1021.93555
1741110299773,1021.9331
1741110299823,1021.9387
1741110299853,1021.9427
1741110299874,1021.9377
1741110299914,1021.9387
1741110299955,1021.9468
1741110299973,1021.9522
1741110300014,1021.9645
1741110300059,1021.95557
1741110300074,1021.943
1741110300114,1021.9387
1741110300154,1021.9442
1741110300178,1021.94525
1741110300214,1021.94226
1741110300255,1021.9607
1741110300275,1021.96515
1741110300313,1021.95593
1741110300354,1021.95825
1741110300373,1021.953
1741110300414,1021.9507
1741110300454,1021.9382
1741110300476,1021.93726
1741110300521,1021.93677
1741110300554,1021.9408
1741110300576,1021.94073
1741110300612,1021.94366
1741110300653,1021.94775
1741110300676,1021.9382
1741110300714,1021.9281
1741110300755,1021.9354
1741110300775,1021.9343
1741110300814,1021.9365
1741110300854,1021.9358
1741110300879,1021.92676
1741110300913,1021.92004
1741110300953,1021.9263
1741110300973,1021.9275
1741110301014,1021.9319
1741110301054,1021.9363
1741110301075,1021.9337
1741110301112,1021.9492
1741110301154,1021.9453
1741110301179,1021.93604
1741110301213,1021.9287
1741110301260,1021.93835
1741110301272,1021.9546
1741110301317,1021.9644
1741110301353,1021.9686
1741110301373,1021.96783
1741110301414,1021.9557
1741110301454,1021.95935
1741110301476,1021.961
1741110301512,1021.94635
1741110301570,1021.93665
1741110301572,1021.93396
1741110301614,1021.9418
1741110301653,1021.9471
1741110301674,1021.93805
1741110301714,1021.926
1741110301761,1021.9275
1741110301772,1021.93646
1741110301811,1021.9439
1741110301854,1021.94794
1741110301874,1021.9391
1741110301914,1021.9349
1741110301953,1021.93994
1741110301974,1021.9397
1741110302012,1021.9315
1741110302058,1021.94055
1741110302072,1021.94574
1741110302114,1021.954
1741110302153,1021.9468
1741110302171,1021.94
1741110302214,1021.93365
1741110302254,1021.9341
1741110302273,1021.92725
1741110302312,1021.9275
1741110302368,1021.9414
1741110302371,1021.9491
1741110302413,1021.95935
1741110302455,1021.9579
1741110302475,1021.9584
1741110302514,1021.97003
1741110302552,1021.9627
1741110302573,1021.95435
1741110302614,1021.94824
1741110302653,1021.94604
1741110302672,1021.94684
1741110302715,1021.9583
1741110302769,1021.95935
1741110302772,1021.94806
1741110302812,1021.95184
1741110302856,1021.9555
1741110302872,1021.94946
1741110302912,1021.95087
1741110302952,1021.9463
1741110302975,1021.9383
1741110303012,1021.9522
1741110303053,1021.93976
1741110303072,1021.93353
1741110303112,1021.944
1741110303153,1021.947
1741110303172,1021.94446
1741110303213,1021.93933
1741110303254,1021.9315
1741110303278,1021.9364
1741110303313,1021.9367
1741110303352,1021.93774
1741110303375,1021.93
1741110303421,1021.93384
1741110303453,1021.942
1741110303473,1021.9459
1741110303520,1021.9569
1741110303552,1021.95905
1741110303572,1021.9546
1741110303612,1021.96594
1741110303664,1021.97107
1741110303671,1021.96765
1741110303714,1021.9531
1741110303752,1021.9492
1741110303772,1021.9489
1741110303814,1021.9491
1741110303852,1021.95056
1741110303873,1021.94147
1741110303912,1021.9368
1741110303960,1021.94006
1741110303971,1021.9469
1741110304014,1021.9564
1741110304060,1021.9527
1741110304073,1021.9497
1741110304122,1021.9525
1741110304151,1021.9527
1741110304174,1021.93866
1741110304215,1021.9359
1741110304251,1021.93054
1741110304270,1021.93677
1741110304312,1021.94446
1741110304353,1021.94714
1741110304371,1021.9475
1741110304412,1021.9485
1741110304451,1021.9462
1741110304472,1021.93994
1741110304514,1021.9505
1741110304553,1021.95593
1741110304578,1021.9461
1741110304612,1021.9438
1741110304652,1021.95996
1741110304672,1021.95825
1741110304715,1021.9664
1741110304751,1021.9762
1741110304773,1021.97705
1741110304816,1021.96375
1741110304852,1021.9475
1741110304873,1021.9441
1741110304914,1021.95013
1741110304952,1021.95557
1741110304971,1021.9575
1741110305011,1021.9541
1741110305052,1021.95496
1741110305070,1021.9607
1741110305112,1021.96704
1741110305151,1021.9658
1741110305172,1021.95776
1741110305210,1021.94696
1741110305250,1021.9443
1741110305271,1021.92896
1741110305314,1021.9229
1741110305351,1021.9286
1741110305371,1021.927
1741110305431,1021.9374
1741110305450,1021.9408
1741110305492,1021.93823
1741110305511,1021.95215
1741110305562,1021.9482
1741110305594,1021.9402
1741110305610,1021.94543
1741110305653,1021.9429
1741110305694,1021.9426
1741110305711,1021.9512
1741110305749,1021.95483
1741110305791,1021.9615
1741110305811,1021.96545
1741110305851,1021.96106
1741110305890,1021.9598
1741110305911,1021.96436
1741110305950,1021.9548
1741110305990,1021.95233
1741110306010,1021.95166
1741110306051,1021.95844
1741110306090,1021.9814
1741110306111,1021.97
1741110306150,1021.95233
1741110306190,1021.94916
1741110306211,1021.947
1741110306249,1021.954
1741110306290,1021.96124
1741110306312,1021.9684
1741110306372,1021.9683
1741110306390,1021.9673
1741110306411,1021.96313
1741110306450,1021.95667
1741110306491,1021.9514
1741110306510,1021.95044
1741110306551,1021.9558
1741110306590,1021.95306
1741110306611,1021.9475
1741110306652,1021.9447
1741110306690,1021.9597
1741110306711,1021.94617
1741110306751,1021.9404
1741110306794,1021.9537
1741110306808,1021.9711
1741110306856,1021.96326
1741110306896,1021.9695
1741110306911,1021.9801
1741110306955,1021.98083
1741110306994,1021.97687
1741110307010,1021.96954
1741110307050,1021.9675
1741110307090,1021.95654
1741110307110,1021.9595
1741110307152,1021.9619
1741110307203,1021.96967
1741110307210,1021.96814
1741110307251,1021.9601
1741110307289,1021.95245
1741110307311,1021.9452
1741110307351,1021.947
1741110307390,1021.96765
1741110307412,1021.97375
1741110307450,1021.9674
1741110307495,1021.959
1741110307509,1021.9604
1741110307554,1021.96545
1741110307589,1021.97156
1741110307611,1021.979
1741110307651,1021.9729
1741110307690,1021.97107
1741110307713,1021.9663
1741110307755,1021.95685
1741110307790,1021.96075
1741110307814,1021.95917
1741110307851,1021.9715
1741110307892,1021.97424
1741110307910,1021.9651
1741110307953,1021.9568
1741110307990,1021.97156
1741110308011,1021.9902
1741110308050,1021.9798
1741110308089,1021.9818
1741110308109,1021.97986
1741110308151,1021.9802
1741110308190,1021.97906
1741110308214,1021.9846
1741110308251,1021.9894
1741110308290,1021.9825
1741110308310,1021.98
1741110308351,1021.97894
1741110308390,1021.98157
1741110308408,1021.97186
1741110308450,1021.9702
1741110308491,1021.96436
1741110308511,1021.9588
1741110308551,1021.9618
1741110308590,1021.9689
1741110308610,1021.969
1741110308650,1021.9722
1741110308690,1021.9756
1741110308710,1021.9612
1741110308755,1021.96027
1741110308793,1021.97815
1741110308814,1021.9767
1741110308850,1021.97656
1741110308890,1021.97736
1741110308912,1021.968
1741110308951,1021.9681
1741110308990,1021.9636
1741110309011,1021.95703
1741110309049,1021.9647
1741110309090,1021.963
1741110309110,1021.9631
1741110309152,1021.967
1741110309198,1021.9741
1741110309209,1021.9812
1741110309251,1021.97705
1741110309289,1021.97906
1741110309308,1021.9874
1741110309352,1021.9908
1741110309393,1021.9916
1741110309408,1021.9913
1741110309451,1021.9802
1741110309490,1021.9693
1741110309511,1021.96423
1741110309549,1021.9724
1741110309589,1021.975
1741110309611,1021.9674
1741110309649,1021.9601
1741110309692,1021.9508
1741110309709,1021.9555
1741110309754,1021.9665
1741110309789,1021.9689
1741110309810,1021.96497
1741110309849,1021.95685
1741110309898,1021.9496
1741110309911,1021.94727
1741110309949,1021.95135
1741110309992,1021.9533
1741110310009,1021.9574
1741110310050,1021.96124
1741110310089,1021.9708
1741110310108,1021.9721
1741110310149,1021.95264
1741110310187,1021.96313
1741110310208,1021.957
1741110310249,1021.9426
1741110310289,1021.9308
1741110310311,1021.9396
1741110310349,1021.95557
1741110310389,1021.9499
1741110310408,1021.9618
1741110310449,1021.9731
1741110310489,1021.973
1741110310511,1021.9754
1741110310548,1021.97723
1741110310590,1021.9762
1741110310608,1021.96265
1741110310649,1021.95483
1741110310688,1021.9498
1741110310713,1021.9532
1741110310747,1021.95166
1741110310788,1021.9508
1741110310809,1021.9454
1741110310854,1021.9503
1741110310889,1021.9517
1741110310909,1021.9553
1741110310949,1021.95245
1741110310988,1021.9607
1741110311009,1021.9647
1741110311050,1021.9558
1741110311094,1021.95337
1741110311106,1021.9411
1741110311148,1021.95087
1741110311191,1021.95776
1741110311209,1021.9519
1741110311249,1021.9621
1741110311288,1021.9701
1741110311308,1021.9636
1741110311351,1021.9514
1741110311390,1021.9459
1741110311409,1021.9453
1741110311450,1021.9469
1741110311489,1021.9503
1741110311509,1021.9589
1741110311548,1021.9539
1741110311589,1021.9574
1741110311610,1021.97205
1741110311647,1021.97205
1741110311690,1021.9795
1741110311706,1021.9677
1741110311748,1021.9601
1741110311787,1021.9602
1741110311808,1021.95245
1741110311849,1021.95807
1741110311888,1021.95605
1741110311906,1021.95276
1741110311947,1021.9552
1741110311988,1021.95844
1741110312009,1021.96375
1741110312050,1021.9706
1741110312108,1021.9705
1741110312108,1021.9716
1741110312148,1021.9549
1741110312193,1021.9561
1741110312210,1021.95123
1741110312246,1021.9544
1741110312289,1021.9582
1741110312307,1021.9638
1741110312348,1021.9611
1741110312390,1021.965
1741110312406,1021.96704
1741110312448,1021.9685
1741110312492,1021.96265
1741110312508,1021.96027
1741110312550,1021.95746
1741110312589,1021.9646
1741110312609,1021.9784
1741110312648,1021.9707
1741110312687,1021.9685
1741110312706,1021.9817
1741110312748,1021.98975
1741110312785,1021.98486
1741110312807,1021.9817
1741110312848,1021.97314
1741110312889,1021.95984
1741110312911,1021.96484
1741110312946,1021.9634
1741110312988,1021.9705
1741110313008,1021.9734
1741110313045,1021.9638
1741110313090,1021.95276
1741110313109,1021.9492
1741110313154,1021.9602
1741110313186,1021.9662
1741110313211,1021.96423
1741110313248,1021.9646
1741110313286,1021.9663
1741110313307,1021.97266
1741110313347,1021.9655
1741110313385,1021.95844
1741110313405,1021.9596
1741110313449,1021.957
1741110313486,1021.9559
1741110313506,1021.9612
1741110313545,1021.95966
1741110313586,1021.9596
1741110313609,1021.96313
1741110313646,1021.9682
1741110313685,1021.957
1741110313706,1021.9666
1741110313748,1021.98334
1741110313787,1021.9781
1741110313806,1021.96674
1741110313848,1021.9748
1741110313895,1021.97955
1741110313906,1021.9632
1741110313947,1021.9701
1741110313986,1021.9734
1741110314012,1021.962
1741110314046,1021.95984
1741110314087,1021.9635
1741110314113,1021.96704
1741110314145,1021.9694
1741110314186,1021.9686
1741110314207,1021.9568
1741110314245,1021.9548
1741110314288,1021.95154
1741110314310,1021.9511
1741110314349,1021.9568
1741110314386,1021.97327
1741110314406,1021.973
1741110314445,1021.9744
1741110314486,1021.96643
1741110314509,1021.9608
1741110314551,1021.96484
1741110314585,1021.96326
1741110314608,1021.9557
1741110314647,1021.9584
1741110314688,1021.9574
1741110314705,1021.9521
1741110314748,1021.9594
1741110314786,1021.9601
1741110314809,1021.9581
1741110314846,1021.9616
1741110314888,1021.9647
1741110314913,1021.97705
1741110314953,1021.973
1741110314985,1021.9674
1741110315006,1021.97876
1741110315050,1021.9851
1741110315086,1021.9794
1741110315108,1021.9826
1741110315146,1021.9706
1741110315186,1021.95807
1741110315209,1021.9586
1741110315244,1021.95624
1741110315285,1021.9448
1741110315304,1021.94775
1741110315349,1021.9511
1741110315386,1021.95215
1741110315408,1021.9514
1741110315444,1021.9423
1741110315489,1021.9437
1741110315506,1021.95105
1741110315545,1021.9601
1741110315586,1021.9536
1741110315609,1021.95306
1741110315645,1021.9552
1741110315689,1021.95374
1741110315704,1021.9592
1741110315746,1021.9536
1741110315784,1021.9452
1741110315808,1021.94946
1741110315844,1021.9498
1741110315886,1021.9531
1741110315908,1021.96326
1741110315944,1021.94934
1741110315985,1021.941
1741110316004,1021.9496
1741110316046,1021.9576
1741110316084,1021.9681
1741110316104,1021.96234
1741110316144,1021.97046
1741110316184,1021.97266
1741110316205,1021.98486
1741110316246,1021.9797
1741110316285,1021.9607
1741110316309,1021.94476
1741110316345,1021.9315
1741110316385,1021.9398
1741110316405,1021.9451
1741110316445,1021.9524
1741110316484,1021.9473
1741110316505,1021.9565
1741110316546,1021.95386
1741110316585,1021.95776
1741110316605,1021.95935
1741110316645,1021.96155
1741110316683,1021.9457
1741110316704,1021.94366
1741110316744,1021.9464
1741110316785,1021.94836
1741110316806,1021.9585
1741110316845,1021.9596
1741110316885,1021.96436
1741110316911,1021.96094
1741110316950,1021.95703
1741110316983,1021.9668
1741110317004,1021.97015
1741110317052,1021.9576
1741110317086,1021.9512
1741110317105,1021.96063
1741110317145,1021.9757
1741110317187,1021.969
1741110317205,1021.9699
1741110317243,1021.9868
1741110317289,1021.9995
1741110317310,1021.98474
1741110317344,1021.9774
1741110317386,1021.9821
1741110317406,1021.9839
1741110317445,1021.98895
1741110317489,1021.97754
1741110317510,1021.9791
1741110317544,1021.97437
1741110317589,1021.9782
1741110317606,1021.98047
1741110317646,1021.99475
1741110317686,1021.99225
1741110317708,1021.99036
1741110317745,1021.99146
1741110317786,1021.99194
1741110317805,1021.9873
1741110317844,1021.99347
1741110317883,1021.9812
1741110317905,1021.99
1741110317946,1021.9997
1741110317983,1022.009
1741110318004,1022.0057
1741110318043,1022.0123
1741110318090,1022.01624
1741110318105,1022.0061
1741110318144,1022.0122
1741110318184,1022.0152
1741110318203,1022.00397
1741110318249,1022.00903
1741110318285,1022.02106
1741110318305,1022.02527
1741110318345,1022.02356
1741110318383,1022.03754
1741110318404,1022.0498
1741110318446,1022.0529
1741110318484,1022.0643
1741110318505,1022.0636
1741110318549,1022.0558
1741110318585,1022.055
1741110318604,1022.05237
1741110318643,1022.0541
1741110318685,1022.05774
1741110318704,1022.0533
1741110318742,1022.04865
1741110318783,1022.0563
1741110318806,1022.0566
1741110318842,1022.0643
1741110318885,1022.05914
1741110318905,1022.07025
1741110318943,1022.07117
1741110318984,1022.0546
1741110319014,1022.0504
1741110319042,1022.0377
1741110319083,1022.04663
1741110319106,1022.0504
1741110319144,1022.0562
1741110319185,1022.0544
1741110319203,1022.0625
1741110319245,1022.06757
1741110319283,1022.0746
1741110319309,1022.0786
1741110319343,1022.071
1741110319384,1022.05646
1741110319410,1022.0558
1741110319443,1022.05273
1741110319486,1022.06506
1741110319506,1022.0651
1741110319545,1022.0722
1741110319583,1022.09045
1741110319603,1022.09607
1741110319643,1022.09894
1741110319682,1022.09985
1741110319704,1022.0859
1741110319753,1022.0822
1741110319783,1022.076
1741110319803,1022.0806
1741110319847,1022.07733
1741110319884,1022.0693
1741110319906,1022.0665
1741110319944,1022.0701
1741110319982,1022.0719
1741110320003,1022.0847
1741110320045,1022.0906
1741110320089,1022.09827
1741110320102,1022.0941
1741110320145,1022.0879
1741110320186,1022.0741
1741110320201,1022.0693
1741110320242,1022.07947
1741110320299,1022.0808
1741110320303,1022.0856
1741110320349,1022.08044
1741110320384,1022.0727
1741110320404,1022.0743
1741110320442,1022.0678
1741110320482,1022.06995
1741110320502,1022.06384
1741110320549,1022.06726
1741110320585,1022.0591
1741110320605,1022.06433
1741110320644,1022.0831
1741110320682,1022.07654
1741110320703,1022.07825
1741110320743,1022.0947
1741110320783,1022.0968
1741110320804,1022.0919
1741110320842,1022.09894
1741110320897,1022.09674
1741110320910,1022.0885
1741110320943,1022.07996
1741110321009,1022.08057
1741110321009,1022.0891
1741110321042,1022.0862
1741110321085,1022.0908
1741110321108,1022.0887
1741110321142,1022.0843
1741110321187,1022.08276
1741110321205,1022.0803
1741110321243,1022.0859
1741110321287,1022.0782
1741110321301,1022.07654
1741110321342,1022.0797
1741110321388,1022.0753
1741110321401,1022.0751
1741110321443,1022.0745
1741110321483,1022.0834
1741110321509,1022.09656
1741110321543,1022.0917
1741110321583,1022.0877
1741110321603,1022.09814
1741110321642,1022.0861
1741110321682,1022.08826
1741110321701,1022.08435
1741110321744,1022.0922
1741110321781,1022.09717
1741110321804,1022.09375
1741110321840,1022.1072
1741110321891,1022.1199
1741110321906,1022.1122
1741110321945,1022.11835
1741110321982,1022.1112
1741110322002,1022.09827
1741110322044,1022.0848
1741110322089,1022.0829
1741110322113,1022.08185
1741110322142,1022.089
1741110322190,1022.09015
1741110322204,1022.0708
1741110322242,1022.06934
1741110322281,1022.0722
1741110322302,1022.0789
1741110322343,1022.09045
1741110322382,1022.093
1741110322403,1022.07983
1741110322442,1022.07764
1741110322482,1022.07983
1741110322503,1022.0837
1741110322541,1022.08795
1741110322583,1022.09204
1741110322602,1022.0898
1741110322642,1022.0791
1741110322680,1022.0833
1741110322701,1022.08655
1741110322743,1022.09344
1741110322782,1022.0928
1741110322803,1022.084
1741110322841,1022.07117
1741110322881,1022.09686
1741110322903,1022.1006
1741110322942,1022.0971
1741110322988,1022.0997
1741110323002,1022.1113
1741110323041,1022.1126
1741110323081,1022.11487
1741110323102,1022.10406
1741110323141,1022.096
1741110323184,1022.08276
1741110323200,1022.0823
1741110323240,1022.072
1741110323286,1022.08563
1741110323301,1022.0858
1741110323343,1022.0742
1741110323382,1022.08295
1741110323404,1022.0729
1741110323440,1022.0874
1741110323481,1022.1013
1741110323506,1022.1064
1741110323540,1022.1056
1741110323581,1022.10455
1741110323601,1022.0851
1741110323640,1022.08813
1741110323681,1022.0963
1741110323700,1022.09607
1741110323739,1022.1003
1741110323780,1022.0978
1741110323801,1022.09576
1741110323841,1022.09515
1741110323883,1022.0908
1741110323902,1022.1014
1741110323944,1022.1106
1741110323981,1022.09674
1741110324000,1022.09204
1741110324039,1022.1042
1741110324083,1022.1124
1741110324103,1022.1113
1741110324141,1022.11914
1741110324180,1022.1223
1741110324200,1022.1217
1741110324240,1022.11725
1741110324281,1022.1104
1741110324300,1022.1071
1741110324340,1022.0928
1741110324379,1022.0924
1741110324400,1022.09973
1741110324449,1022.1004
1741110324481,1022.1033
1741110324508,1022.0864
1741110324542,1022.0687
1741110324584,1022.0652
1741110324600,1022.07574
1741110324641,1022.08014
1741110324686,1022.0823
1741110324699,1022.08716
1741110324740,1022.07666
1741110324779,1022.087
1741110324801,1022.08594
1741110324841,1022.0831
1741110324881,1022.0875
1741110324902,1022.0851
1741110324939,1022.08276
1741110324980,1022.0788
1741110325008,1022.0721
1741110325041,1022.0864
1741110325081,1022.08777
1741110325100,1022.0771
1741110325142,1022.0659
1741110325180,1022.0832
1741110325210,1022.08325
1741110325240,1022.0889
1741110325281,1022.10474
1741110325301,1022.1187
1741110325342,1022.1173
1741110325380,1022.1134
1741110325401,1022.11053
1741110325441,1022.0946
1741110325480,1022.08435
1741110325503,1022.0809
1741110325541,1022.0879
1741110325579,1022.08704
1741110325601,1022.0858
1741110325640,1022.07806
1741110325688,1022.07227
1741110325699,1022.07007
1741110325739,1022.0757
1741110325781,1022.06683
1741110325801,1022.0734
1741110325842,1022.06683
1741110325879,1022.0692
1741110325900,1022.0758
1741110325947,1022.08057
1741110325982,1022.0766
1741110326004,1022.0803
1741110326044,1022.08826
1741110326080,1022.09143
1741110326099,1022.08606
1741110326140,1022.07983
1741110326182,1022.0784
1741110326199,1022.08374
1741110326238,1022.0733
1741110326281,1022.05963
1741110326301,1022.0636
1741110326344,1022.08514
1741110326379,1022.0961
1741110326400,1022.0824
1741110326449,1022.0786
1741110326479,1022.0878
1741110326504,1022.0959
1741110326540,1022.1018
1741110326581,1022.0938
1741110326600,1022.0857
1741110326641,1022.078
1741110326679,1022.0813
1741110326703,1022.07886
1741110326739,1022.0742
1741110326779,1022.08154
1741110326799,1022.0689
1741110326838,1022.07135
1741110326880,1022.0792
1741110326906,1022.0769
1741110326941,1022.08246
1741110326981,1022.0917
1741110327006,1022.08496
1741110327039,1022.0886
1741110327082,1022.08484
1741110327102,1022.084
1741110327139,1022.0889
1741110327180,1022.0848
1741110327203,1022.0952
1741110327240,1022.10455
1741110327282,1022.0974
1741110327319,1022.0906
1741110327339,1022.0929
1741110327389,1022.0987
1741110327419,1022.09125
1741110327441,1022.0746
1741110327479,1022.0736
1741110327519,1022.08185
1741110327540,1022.0847
1741110327578,1022.0908
1741110327620,1022.0951
1741110327645,1022.11163
1741110327678,1022.1213
1741110327719,1022.11566
1741110327739,1022.1094
1741110327780,1022.1078
1741110327819,1022.09656
1741110327839,1022.0872
1741110327883,1022.09155
1741110327919,1022.08813
1741110327939,1022.08545
1741110327987,1022.0756
1741110328018,1022.074
1741110328046,1022.07916
1741110328079,1022.08276
1741110328118,1022.084
1741110328142,1022.0849
1741110328181,1022.0875
1741110328219,1022.09235
1741110328239,1022.07043
1741110328278,1022.0691
1741110328323,1022.0843
1741110328337,1022.09155
1741110328381,1022.0943
1741110328419,1022.0969
1741110328438,1022.0871
1741110328480,1022.0949
1741110328524,1022.0969
1741110328538,1022.1094
1741110328586,1022.09973
1741110328620,1022.0823
1741110328638,1022.06976
1741110328680,1022.0731
1741110328721,1022.0878
1741110328738,1022.08276
1741110328779,1022.08826
1741110328817,1022.09784
1741110328837,1022.107
1741110328877,1022.11176
1741110328921,1022.10486
1741110328943,1022.0978
1741110328982,1022.08875
1741110329018,1022.0847
1741110329048,1022.08594
1741110329078,1022.09033
1741110329124,1022.1001
1741110329137,1022.09595
1741110329180,1022.0827
1741110329217,1022.07983
1741110329239,1022.0856
1741110329290,1022.07666
1741110329320,1022.093
1741110329338,1022.10535
1741110329378,1022.0876
1741110329417,1022.0728
1741110329440,1022.06964
1741110329485,1022.0675
1741110329520,1022.06885
1741110329537,1022.08435
1741110329580,1022.0925
1741110329617,1022.09106
1741110329638,1022.0953
1741110329678,1022.0925
1741110329724,1022.10236
1741110329740,1022.1041
1741110329778,1022.09174
1741110329816,1022.0773
1741110329836,1022.0845
1741110329885,1022.10736
1741110329919,1022.09283
1741110329939,1022.09143
1741110329977,1022.0949
1741110330030,1022.0979
1741110330036,1022.09784
1741110330077,1022.102
1741110330116,1022.0965
1741110330139,1022.093
1741110330176,1022.0817
1741110330219,1022.0761
1741110330238,1022.0792
1741110330278,1022.07874
1741110330317,1022.07153
1741110330338,1022.0794
1741110330385,1022.0917
1741110330423,1022.0988
1741110330436,1022.0913
1741110330479,1022.08514
1741110330517,1022.08484
1741110330538,1022.0939
1741110330580,1022.08356
1741110330622,1022.08344
1741110330641,1022.0822
1741110330679,1022.083
1741110330722,1022.07947
1741110330742,1022.0845
1741110330796,1022.09265
1741110330820,1022.08655
1741110330837,1022.0924
1741110330877,1022.09576
1741110330918,1022.0768
1741110330942,1022.06494
1741110330976,1022.08105
1741110331019,1022.09045
1741110331044,1022.087
1741110331078,1022.0972
1741110331121,1022.10547
1741110331138,1022.1104
1741110331177,1022.11
1741110331216,1022.1063
1741110331237,1022.10156
1741110331279,1022.0982
1741110331316,1022.0882
1741110331344,1022.0812
1741110331377,1022.07416
1741110331418,1022.0794
1741110331436,1022.08185
1741110331478,1022.06586
1741110331517,1022.07184
1741110331541,1022.0818
1741110331576,1022.0856
1741110331618,1022.09735
1741110331643,1022.0912
1741110331676,1022.0957
1741110331717,1022.08563
1741110331736,1022.0758
1741110331777,1022.08325
1741110331816,1022.087
1741110331838,1022.0896
1741110331875,1022.09753
1741110331919,1022.09546
1741110331937,1022.099
1741110331976,1022.0964
1741110332018,1022.09656
1741110332038,1022.0892
1741110332076,1022.0827
1741110332115,1022.0727
1741110332138,1022.08093
1741110332175,1022.0866
1741110332217,1022.09705
1741110332241,1022.11145
1741110332279,1022.121
1741110332318,1022.1248
1741110332338,1022.1207
1741110332375,1022.10986
1741110332417,1022.10266
1741110332436,1022.0967
1741110332475,1022.09094
1741110332519,1022.09174
1741110332540,1022.08685
1741110332576,1022.08203
1741110332616,1022.088
1741110332639,1022.09174
1741110332678,1022.094
1741110332716,1022.09143
1741110332746,1022.0964
1741110332776,1022.0939
1741110332818,1022.09174
1741110332838,1022.0936
1741110332880,1022.08844
1741110332916,1022.08905
1741110332936,1022.0866
1741110332976,1022.09143
1741110333024,1022.0911
1741110333035,1022.09546
1741110333074,1022.08887
1741110333121,1022.0884
1741110333135,1022.09607
1741110333184,1022.0757
1741110333216,1022.0603
1741110333249,1022.084
1741110333274,1022.09515
1741110333316,1022.09235
1741110333335,1022.09436
1741110333375,1022.104
1741110333425,1022.11584
1741110333434,1022.1234
1741110333476,1022.1179
1741110333515,1022.1017
1741110333540,1022.089
1741110333581,1022.0879
1741110333616,1022.09753
1741110333635,1022.1085
1741110333680,1022.1004
1741110333716,1022.0924
1741110333736,1022.0831
1741110333776,1022.0853
1741110333817,1022.0967
1741110333836,1022.1013
1741110333874,1022.10223
1741110333915,1022.0995
1741110333937,1022.0913
1741110333974,1022.0876
1741110334019,1022.0696
1741110334035,1022.079
1741110334082,1022.0881
1741110334115,1022.0921
1741110334137,1022.0932
1741110334176,1022.0887
1741110334216,1022.0984
1741110334235,1022.09827
1741110334274,1022.0877
1741110334316,1022.08154
1741110334335,1022.08704
1741110334379,1022.1045
1741110334415,1022.09735
1741110334435,1022.0918
1741110334473,1022.0935
1741110334516,1022.09845
1741110334537,1022.1024
1741110334574,1022.1132
1741110334622,1022.1089
1741110334635,1022.1023
1741110334676,1022.0951
1741110334715,1022.0964
1741110334735,1022.1023
1741110334774,1022.0936
1741110334814,1022.0827
1741110334838,1022.0713
1741110334874,1022.07983
1741110334916,1022.08124
1741110334944,1022.0889
1741110334975,1022.08966
1741110335016,1022.0799
1741110335034,1022.083
1741110335073,1022.07947
1741110335114,1022.06836
1741110335135,1022.0657
1741110335174,1022.07135
1741110335221,1022.08093
1741110335233,1022.0834
1741110335275,1022.07947
1741110335313,1022.0746
1741110335334,1022.0818
1741110335375,1022.0729
1741110335417,1022.06445
1741110335433,1022.0879
1741110335476,1022.1135
1741110335519,1022.1002
1741110335534,1022.115
1741110335574,1022.12286
1741110335615,1022.1142
1741110335635,1022.107
1741110335673,1022.11365
1741110335722,1022.11414
1741110335735,1022.11096
1741110335776,1022.1025
1741110335813,1022.0894
1741110335834,1022.0898
1741110335876,1022.0925
1741110335913,1022.11206
1741110335935,1022.1053
1741110335974,1022.08795
1741110336013,1022.0962
1741110336034,1022.0989
1741110336076,1022.088
1741110336114,1022.07275
1741110336135,1022.06836
1741110336173,1022.0857
1741110336216,1022.1047
1741110336242,1022.1001
1741110336274,1022.09033
1741110336314,1022.0927
1741110336334,1022.0993
1741110336374,1022.11884
1741110336413,1022.11816
1741110336433,1022.1079
1741110336473,1022.1134
1741110336513,1022.10815
1741110336533,1022.1073
1741110336576,1022.1034
1741110336615,1022.0949
1741110336634,1022.0917
1741110336676,1022.08154
1741110336714,1022.08386
1741110336735,1022.0888
1741110336775,1022.0845
1741110336813,1022.08246
1741110336841,1022.0935
1741110336872,1022.0809
1741110336913,1022.0836
1741110336932,1022.0688
1741110336973,1022.05664
1741110337012,1022.0617
1741110337034,1022.05396
1741110337079,1022.06274
1741110337113,1022.0633
1741110337133,1022.07574
1741110337173,1022.0659
1741110337214,1022.07654
1741110337245,1022.08856
1741110337274,1022.08527
1741110337320,1022.08636
1741110337335,1022.099
1741110337374,1022.0913
1741110337418,1022.08594
1741110337432,1022.10645
1741110337476,1022.1224
1741110337513,1022.1316
1741110337533,1022.1249
1741110337585,1022.10895
1741110337614,1022.11096
1741110337634,1022.0951
1741110337673,1022.0929
1741110337721,1022.09924
1741110337732,1022.0912
1741110337773,1022.0722
1741110337826,1022.0665
1741110337832,1022.0769
1741110337873,1022.0824
1741110337913,1022.09485
1741110337933,1022.094
1741110337974,1022.0891
1741110338014,1022.0802
1741110338032,1022.0698
1741110338073,1022.0725
1741110338116,1022.08026
1741110338140,1022.07434
1741110338172,1022.08154
1741110338214,1022.08405
1741110338232,1022.0918
1741110338275,1022.0929
1741110338315,1022.0986
1741110338338,1022.0856
1741110338372,1022.0841
1741110338417,1022.09485
1741110338435,1022.0851
1741110338473,1022.1012
1741110338513,1022.10333
1741110338539,1022.1092
1741110338572,1022.1218
1741110338622,1022.1213
1741110338632,1022.10504
1741110338673,1022.1046
1741110338712,1022.1024
1741110338732,1022.0918
1741110338782,1022.08856
1741110338813,1022.0813
1741110338834,1022.0846
1741110338872,1022.0878
1741110338915,1022.08466
1741110338931,1022.08093
1741110338972,1022.09155
1741110339012,1022.0907
1741110339032,1022.07623
1741110339073,1022.06464
1741110339113,1022.0618
1741110339132,1022.0751
1741110339174,1022.07904
1741110339213,1022.0694
1741110339232,1022.07135
1741110339272,1022.0806
1741110339312,1022.09595
1741110339332,1022.08496
1741110339372,1022.08734
1741110339413,1022.0872
1741110339432,1022.09467
1741110339473,1022.09875
1741110339512,1022.11835
1741110339533,1022.12573
1741110339572,1022.13
1741110339614,1022.11456
1741110339634,1022.11145
1741110339672,1022.1061
1741110339714,1022.0982
1741110339734,1022.0867
1741110339772,1022.0901
1741110339812,1022.0763
1741110339842,1022.08276
1741110339872,1022.09106
1741110339912,1022.0937
1741110339934,1022.10266
1741110339974,1022.0913
1741110340012,1022.0837
1741110340032,1022.0884
1741110340071,1022.0747
1741110340112,1022.0727
1741110340132,1022.0714
1741110340171,1022.08484
1741110340219,1022.0955
1741110340230,1022.09717
1741110340272,1022.104
1741110340313,1022.112
1741110340333,1022.10657
1741110340372,1022.09015
1741110340424,1022.0845
1741110340438,1022.1045
1741110340473,1022.11176
1741110340510,1022.11084
1741110340532,1022.11816
1741110340571,1022.1367
1741110340616,1022.1352
1741110340631,1022.1238
1741110340673,1022.1074
1741110340710,1022.098
1741110340732,1022.09357
1741110340772,1022.09155
1741110340812,1022.08545
1741110340833,1022.0804
1741110340871,1022.07184
1741110340912,1022.0747
1741110340932,1022.06793
1741110340971,1022.0739
1741110341011,1022.08673
1741110341031,1022.09
1741110341074,1022.084
1741110341113,1022.0884
1741110341134,1022.0686
1741110341172,1022.0844
1741110341212,1022.09717
1741110341233,1022.09424
1741110341271,1022.1033
1741110341314,1022.0999
1741110341331,1022.10974
1741110341372,1022.1073
1741110341410,1022.0865
1741110341432,1022.0764
1741110341472,1022.09985
1741110341512,1022.09863
1741110341531,1022.1024
1741110341572,1022.11646
1741110341611,1022.1201
1741110341633,1022.1206
1741110341671,1022.11664
1741110341711,1022.11145
1741110341736,1022.1008
1741110341770,1022.1014
1741110341814,1022.1047
1741110341830,1022.0931
1741110341872,1022.0823
1741110341912,1022.083
1741110341931,1022.0933
1741110341971,1022.0841
1741110342011,1022.0844
1741110342032,1022.09424
1741110342075,1022.0924
1741110342111,1022.0874
1741110342132,1022.0829
1741110342171,1022.06976
1741110342211,1022.0864
1741110342231,1022.1034
1741110342278,1022.10864
1741110342311,1022.1125
1741110342333,1022.11316
1741110342375,1022.1252
1741110342410,1022.11285
1741110342431,1022.0932
1741110342470,1022.0934
1741110342509,1022.09393
1741110342531,1022.0955
1741110342569,1022.1076
1741110342610,1022.11707
1741110342631,1022.1259
1741110342675,1022.1199
1741110342712,1022.1052
1741110342731,1022.09155
1741110342776,1022.0979
1741110342811,1022.0944
1741110342833,1022.0915
1741110342872,1022.08826
1741110342909,1022.08386
1741110342931,1022.0896
1741110342972,1022.09955
1741110343011,1022.09436
1741110343032,1022.0968
1741110343083,1022.0941
1741110343110,1022.0896
1741110343131,1022.089
1741110343189,1022.0939
1741110343209,1022.08075
1741110343232,1022.09033
1741110343273,1022.0969
1741110343311,1022.114
1741110343331,1022.1145
1741110343371,1022.11206
1741110343410,1022.1198
1741110343430,1022.11707
1741110343471,1022.10425
1741110343510,1022.0899
1741110343531,1022.1079
1741110343577,1022.10284
1741110343610,1022.1106
1741110343631,1022.1233
1741110343669,1022.12976
1741110343711,1022.1246
1741110343733,1022.1308
1741110343770,1022.12537
1741110343811,1022.11444
1741110343831,1022.0984
1741110343871,1022.10223
1741110343914,1022.10516
1741110343931,1022.099
1741110343976,1022.08923
1741110344012,1022.09314
1741110344030,1022.09235
1741110344070,1022.09467
1741110344110,1022.1019
1741110344130,1022.1116
1741110344176,1022.10486
1741110344211,1022.114
1741110344231,1022.1026
1741110344270,1022.09375
1741110344310,1022.10205
1741110344329,1022.10657
1741110344370,1022.1054
1741110344412,1022.11035
1741110344430,1022.1179
1741110344470,1022.10394
1741110344511,1022.09064
1741110344532,1022.081
1741110344571,1022.096
1741110344610,1022.09454
1741110344631,1022.08795
1741110344672,1022.0941
1741110344712,1022.099
1741110344732,1022.11743
1741110344773,1022.1316
1741110344812,1022.12775
1741110344836,1022.10583
1741110344871,1022.1042
1741110344916,1022.1028
1741110344934,1022.09515
1741110344971,1022.0839
1741110345010,1022.0904
1741110345030,1022.0855
1741110345086,1022.0873
1741110345110,1022.08984
1741110345132,1022.0902
1741110345169,1022.0921
1741110345210,1022.0909
1741110345234,1022.0891
1741110345270,1022.1049
1741110345310,1022.0928
1741110345331,1022.0836
1741110345371,1022.0927
1741110345425,1022.1019
1741110345430,1022.10046
1741110345471,1022.1054
1741110345511,1022.1046
1741110345532,1022.0803
1741110345569,1022.0759
1741110345611,1022.09534
1741110345638,1022.09155
1741110345672,1022.09766
1741110345710,1022.1056
1741110345732,1022.1183
1741110345772,1022.12695
1741110345812,1022.1218
1741110345829,1022.11395
1741110345869,1022.0969
1741110345918,1022.08936
1741110345930,1022.08746
1741110345969,1022.07434
1741110346010,1022.0692
1741110346028,1022.07605
1741110346068,1022.0912
1741110346121,1022.09814
1741110346131,1022.1024
1741110346168,1022.10016
1741110346211,1022.1007
1741110346228,1022.09845
1741110346271,1022.1003
1741110346314,1022.1024
1741110346329,1022.10034
1741110346368,1022.0991
1741110346409,1022.10046
1741110346430,1022.103
1741110346471,1022.11127
1741110346512,1022.1305
1741110346531,1022.1145
1741110346572,1022.10095
1741110346611,1022.0902
1741110346629,1022.10583
1741110346669,1022.1015
1741110346709,1022.09674
1741110346727,1022.09863
1741110346770,1022.1099
1741110346810,1022.1304
1741110346829,1022.13275
1741110346883,1022.12134
1741110346911,1022.1086
1741110346928,1022.10333
1741110346970,1022.1001
1741110347009,1022.1066
1741110347036,1022.1027
1741110347067,1022.0953
1741110347107,1022.08765
1741110347131,1022.08704
1741110347170,1022.0963
1741110347209,1022.1029
1741110347226,1022.1103
1741110347268,1022.11255
1741110347309,1022.10657
1741110347330,1022.1045
1741110347367,1022.0813
1741110347408,1022.08606
1741110347430,1022.10767
1741110347472,1022.12256
1741110347521,1022.13
1741110347529,1022.1272
1741110347568,1022.1191
1741110347607,1022.1041
1741110347628,1022.0993
1741110347673,1022.10126
1741110347714,1022.1183
1741110347730,1022.1018
1741110347771,1022.1142
1741110347808,1022.127
1741110347829,1022.1337
1741110347869,1022.13306
1741110347907,1022.13367
1741110347928,1022.12195
1741110347972,1022.11584
1741110348006,1022.10736
1741110348027,1022.1021
1741110348069,1022.1048
1741110348109,1022.1098
1741110348133,1022.11206
1741110348167,1022.10425
1741110348210,1022.0995
1741110348226,1022.10785
1741110348270,1022.1056
1741110348308,1022.10657
1741110348333,1022.105
1741110348371,1022.11066
1741110348407,1022.1111
1741110348429,1022.10455
1741110348470,1022.0988
1741110348507,1022.0951
1741110348526,1022.09766
1741110348566,1022.1138
1741110348607,1022.12354
1741110348626,1022.1075
1741110348670,1022.1038
1741110348710,1022.0835
1741110348726,1022.0747
1741110348769,1022.0792
1741110348810,1022.08655
1741110348826,1022.08936
1741110348874,1022.0838
1741110348908,1022.09717
1741110348933,1022.1116
1741110348968,1022.1283
1741110349008,1022.1471
1741110349046,1022.13184
1741110349067,1022.1136
1741110349110,1022.1011
1741110349148,1022.10864
1741110349169,1022.10364
1741110349210,1022.097
1741110349246,1022.0979
1741110349268,1022.09314
1741110349306,1022.1
1741110349348,1022.0945
1741110349365,1022.1032
1741110349406,1022.09534
1741110349449,1022.084
1741110349469,1022.0852
1741110349508,1022.0813
1741110349529,1022.098
1741110349569,1022.094
1741110349614,1022.09393
1741110349646,1022.104
1741110349669,1022.1079
1741110349709,1022.1132
1741110349753,1022.12006
1741110349769,1022.1136
1741110349809,1022.10974
1741110349828,1022.10425
1741110349866,1022.1181
1741110349905,1022.1083
1741110349945,1022.1039
1741110349969,1022.1116
1741110350024,1022.12744
1741110350047,1022.1394
1741110350082,1022.137
1741110350106,1022.1309
1741110350127,1022.1184
1741110350168,1022.1143
1741110350209,1022.11115
1741110350250,1022.10126
1741110350265,1022.0973
1741110350308,1022.0909
1741110350346,1022.0879
1741110350368,1022.0907
1741110350405,1022.0985
1741110350448,1022.10034
1741110350468,1022.1106
1741110350506,1022.1161
1741110350547,1022.1105
1741110350567,1022.105
1741110350605,1022.1086
1741110350648,1022.09393
1741110350676,1022.093
1741110350715,1022.09796
1741110350754,1022.10065
1741110350770,1022.10425
1741110350812,1022.10205
1741110350845,1022.098
1741110350866,1022.10016
1741110350911,1022.10187
1741110350945,1022.0951
1741110350968,1022.09607
1741110351008,1022.1115
1741110351045,1022.11035
1741110351066,1022.0999
1741110351105,1022.1034
1741110351149,1022.10474
1741110351173,1022.1109
1741110351205,1022.1132
1741110351246,1022.1075
1741110351268,1022.1001
1741110351309,1022.09094
1741110351346,1022.0944
1741110351366,1022.094
1741110351407,1022.09436
1741110351445,1022.0821
1741110351481,1022.0842
1741110351506,1022.08923
1741110351546,1022.08594
1741110351570,1022.08844
1741110351605,1022.1061
1741110351645,1022.0952
1741110351666,1022.08923
1741110351708,1022.0943
1741110351745,1022.0989
1741110351765,1022.1056
1741110351804,1022.1111
1741110351844,1022.10785
1741110351864,1022.1067
1741110351905,1022.1054
1741110351947,1022.1106
1741110351966,1022.0956
1741110352004,1022.07745
1741110352050,1022.0668
1741110352064,1022.0904
1741110352105,1022.1007
1741110352150,1022.0913
1741110352166,1022.098
1741110352206,1022.1078
1741110352251,1022.10846
1741110352265,1022.11694
1741110352310,1022.1123
1741110352344,1022.109
1741110352365,1022.0985
1741110352404,1022.09503
1741110352444,1022.099
1741110352466,1022.0893
1741110352509,1022.08435
1741110352548,1022.084
1741110352571,1022.07874
1741110352604,1022.08386
1741110352643,1022.0952
1741110352664,1022.1015
1741110352704,1022.1106
1741110352744,1022.103
1741110352768,1022.0847
1741110352805,1022.08563
1741110352847,1022.0885
1741110352866,1022.08466
1741110352905,1022.08936
1741110352944,1022.0796
1741110352968,1022.07916
1741110353004,1022.0857
1741110353055,1022.0901
1741110353068,1022.0866
1741110353106,1022.0836
1741110353144,1022.0761
1741110353170,1022.09503
1741110353203,1022.09106
1741110353245,1022.1073
1741110353270,1022.12384
1741110353309,1022.1379
1741110353346,1022.13184
1741110353374,1022.1233
1741110353405,1022.1122
1741110353445,1022.09424
1741110353466,1022.07825
1741110353504,1022.07446
1741110353544,1022.0803
1741110353566,1022.0701
1741110353604,1022.07983
1741110353646,1022.09045
1741110353666,1022.07874
1741110353714,1022.07794
1741110353746,1022.0873
1741110353765,1022.09314
1741110353803,1022.1001
1741110353845,1022.092
1741110353864,1022.07117
1741110353904,1022.08606
1741110353946,1022.09125
1741110353966,1022.087
1741110354006,1022.0847
1741110354043,1022.0781
1741110354064,1022.0857
1741110354104,1022.08923
1741110354149,1022.07697
1741110354163,1022.0591
1741110354205,1022.0763
1741110354246,1022.0967
1741110354268,1022.0912
1741110354304,1022.0958
1741110354345,1022.1083
1741110354362,1022.13055
1741110354406,1022.1237
1741110354444,1022.1216
1741110354465,1022.10944
1741110354508,1022.0918
1741110354543,1022.0851
1741110354565,1022.09216
1741110354603,1022.08276
1741110354648,1022.08374
1741110354664,1022.076
1741110354706,1022.07837
1741110354747,1022.07404
1741110354769,1022.07544
1741110354803,1022.08704
1741110354846,1022.0934
1741110354865,1022.0778
1741110354903,1022.0749
1741110354951,1022.0708
1741110354963,1022.0869
1741110355003,1022.09766
1741110355044,1022.09827
1741110355065,1022.1034
1741110355102,1022.1061
1741110355144,1022.1037
1741110355163,1022.1062
1741110355205,1022.1235
1741110355249,1022.1034
1741110355262,1022.07654
1741110355304,1022.077
1741110355344,1022.09564
1741110355364,1022.0924
1741110355406,1022.10034
1741110355445,1022.11786
1741110355468,1022.1304
1741110355503,1022.1316
1741110355544,1022.126
1741110355569,1022.118
1741110355603,1022.1045
1741110355643,1022.095
1741110355666,1022.08026
1741110355703,1022.0798
1741110355745,1022.0863
1741110355762,1022.08057
1741110355803,1022.0718
1741110355843,1022.0751
1741110355862,1022.0722
1741110355902,1022.0879
1741110355951,1022.1005
1741110355962,1022.0958
1741110356002,1022.08844
1741110356049,1022.0815
1741110356069,1022.07196
1741110356104,1022.07886
1741110356143,1022.08966
1741110356163,1022.0881
1741110356203,1022.08966
1741110356241,1022.09216
1741110356262,1022.08167
1741110356303,1022.0806
1741110356344,1022.08636
1741110356364,1022.0722
1741110356404,1022.0675
1741110356443,1022.08386
1741110356473,1022.10425
1741110356502,1022.1017
1741110356545,1022.1012
1741110356563,1022.11096
1741110356603,1022.1201
1741110356643,1022.1165
1741110356665,1022.10315
1741110356706,1022.1
1741110356745,1022.09424
1741110356761,1022.08435
1741110356803,1022.08484
1741110356853,1022.0842
1741110356869,1022.0792
1741110356914,1022.0779
1741110356943,1022.0736
1741110356963,1022.0781
1741110357005,1022.0888
1741110357041,1022.08984
1741110357063,1022.0956
1741110357104,1022.1047
1741110357140,1022.1032
1741110357162,1022.0895
1741110357202,1022.07263
1741110357259,1022.0814
1741110357267,1022.0827
1741110357303,1022.08746
1741110357342,1022.09033
1741110357364,1022.0858
1741110357401,1022.08154
1741110357444,1022.1018
1741110357485,1022.0928
1741110357501,1022.0885
1741110357543,1022.09625
1741110357563,1022.10864
1741110357602,1022.10895
1741110357643,1022.109
1741110357661,1022.1183
1741110357701,1022.1204
1741110357743,1022.1283
1741110357763,1022.126
1741110357802,1022.1033
1741110357842,1022.0978
1741110357862,1022.0925
1741110357903,1022.09406
1741110357942,1022.09155
1741110357971,1022.08875
1741110358002,1022.0775
1741110358040,1022.0729
1741110358062,1022.0841
1741110358101,1022.07666
1741110358143,1022.0791
1741110358164,1022.0746
1741110358202,1022.0758
1741110358242,1022.08856
1741110358265,1022.0767
1741110358301,1022.0737
1741110358345,1022.078
1741110358363,1022.0825
1741110358402,1022.08484
1741110358444,1022.0797
1741110358462,1022.0793
1741110358500,1022.08887
1741110358542,1022.0886
1741110358571,1022.0744
1741110358602,1022.06036
1741110358642,1022.09656
1741110358669,1022.0849
1741110358702,1022.094
1741110358744,1022.11005
1741110358761,1022.13324
1741110358802,1022.13794
1741110358841,1022.1278
1741110358865,1022.11993
1741110358902,1022.1129
1741110358942,1022.1096
1741110358961,1022.09265
1741110359004,1022.0759
1741110359042,1022.0717
1741110359061,1022.0718
1741110359102,1022.07526
1741110359141,1022.0736
1741110359164,1022.0748
1741110359208,1022.0686
1741110359243,1022.0768
1741110359268,1022.07635
1741110359304,1022.09393
1741110359342,1022.0935
1741110359361,1022.091
1741110359401,1022.098
1741110359440,1022.09607
1741110359462,1022.0963
1741110359501,1022.1018
1741110359543,1022.0848
1741110359570,1022.08765
1741110359602,1022.0856
1741110359642,1022.0842
1741110359663,1022.073
1741110359701,1022.0747
1741110359745,1022.08826
1741110359760,1022.08545
1741110359801,1022.073
1741110359844,1022.0856
1741110359859,1022.10144
1741110359905,1022.12036
1741110359949,1022.1166
1741110359962,1022.11316
1741110360009,1022.11194
1741110360041,1022.107
1741110360062,1022.1045
1741110360100,1022.1044
1741110360140,1022.09766
1741110360160,1022.0934
1741110360200,1022.0958
1741110360240,1022.09753
1741110360260,1022.0945
1741110360301,1022.11383
1741110360340,1022.1299
1741110360360,1022.13336
1741110360400,1022.155
1741110360446,1022.14667
1741110360460,1022.13806
1741110360509,1022.1483
1741110360541,1022.1545
1741110360564,1022.1618
1741110360600,1022.1628
1741110360642,1022.164
1741110360660,1022.1813
1741110360700,1022.1922
1741110360740,1022.18665
1741110360763,1022.17004
1741110360799,1022.1739
1741110360841,1022.20593
1741110360861,1022.18896
1741110360899,1022.1997
1741110360943,1022.21124
1741110360966,1022.22925
1741110361003,1022.2284
1741110361042,1022.22656
1741110361062,1022.2178
1741110361100,1022.21423
1741110361140,1022.209
1741110361160,1022.20337
1741110361203,1022.20996
1741110361242,1022.2074
1741110361263,1022.2038
1741110361300,1022.20044
1741110361342,1022.1983
1741110361359,1022.1972
1741110361401,1022.2034
1741110361441,1022.2072
1741110361461,1022.21216
1741110361502,1022.22986
1741110361540,1022.22687
1741110361565,1022.212
1741110361600,1022.21234
1741110361640,1022.2094
1741110361659,1022.21234
1741110361703,1022.20087
1741110361741,1022.19403
1741110361785,1022.2215
1741110361799,1022.22516
1741110361840,1022.22473
1741110361862,1022.2134
1741110361899,1022.2031
1741110361951,1022.2091
1741110361959,1022.2226
1741110361999,1022.212
1741110362044,1022.2258
1741110362060,1022.2388
1741110362101,1022.249
1741110362147,1022.2577
1741110362159,1022.2539
1741110362208,1022.23376
1741110362242,1022.2209
1741110362266,1022.2109
1741110362304,1022.202
1741110362348,1022.19525
1741110362361,1022.1896
1741110362399,1022.18
1741110362442,1022.18335
1741110362461,1022.2024
1741110362498,1022.20544
1741110362540,1022.22046
1741110362561,1022.22626
1741110362604,1022.22144
1741110362639,1022.2223
1741110362659,1022.20966
1741110362702,1022.2041
1741110362741,1022.209
1741110362762,1022.20593
1741110362799,1022.20154
1741110362849,1022.2037
1741110362859,1022.20764
1741110362901,1022.20886
1741110362942,1022.21515
1741110362968,1022.2138
1741110362999,1022.2066
1741110363046,1022.22815
1741110363058,1022.2252
1741110363104,1022.23
1741110363151,1022.2439
1741110363160,1022.2358
1741110363201,1022.242
1741110363242,1022.2291
1741110363263,1022.2119
1741110363301,1022.21277
1741110363343,1022.21234
1741110363361,1022.2395
1741110363399,1022.2358
1741110363439,1022.2224
1741110363460,1022.1816
1741110363499,1022.18005
1741110363541,1022.1942
1741110363560,1022.20026
1741110363599,1022.188
1741110363639,1022.2081
1741110363658,1022.218
1741110363708,1022.2142
1741110363742,1022.2172
1741110363766,1022.2174
1741110363800,1022.20703
1741110363839,1022.2035
1741110363859,1022.20966
1741110363898,1022.2304
1741110363941,1022.2205
1741110363959,1022.21497
1741110363998,1022.2352
1741110364040,1022.2463
1741110364057,1022.2641
1741110364105,1022.2586
1741110364139,1022.2429
1741110364169,1022.239
1741110364201,1022.23004
1741110364246,1022.22815
1741110364257,1022.22363
1741110364306,1022.2151
1741110364343,1022.20953
1741110364360,1022.2044
1741110364398,1022.2196
1741110364442,1022.2303
1741110364462,1022.2333
1741110364499,1022.2236
1741110364538,1022.21423
1741110364558,1022.21136
1741110364597,1022.198
1741110364640,1022.1998
1741110364659,1022.216
1741110364698,1022.2177
1741110364740,1022.21936
1741110364760,1022.22473
1741110364797,1022.2377
1741110364850,1022.23096
1741110364859,1022.21747
1741110364898,1022.1995
1741110364939,1022.19806
1741110364959,1022.21497
1741110364998,1022.21716
1741110365039,1022.2101
1741110365059,1022.2304
1741110365103,1022.2427
1741110365137,1022.2394
1741110365157,1022.2374
1741110365197,1022.23285
1741110365238,1022.23206
1741110365256,1022.224
1741110365299,1022.2202
1741110365340,1022.2153
1741110365371,1022.2095
1741110365398,1022.1941
1741110365445,1022.1815
1741110365457,1022.18945
1741110365498,1022.19385
1741110365540,1022.19745
1741110365560,1022.1961
1741110365598,1022.19073
1741110365639,1022.18414
1741110365657,1022.1736
1741110365701,1022.1682
1741110365743,1022.1712
1741110365762,1022.1825
1741110365800,1022.19055
1741110365838,1022.1908
1741110365860,1022.1835
1741110365898,1022.17725
1741110365938,1022.18677
1741110365958,1022.2132
1741110365998,1022.22363
1741110366036,1022.1982
1741110366056,1022.18115
1741110366102,1022.1887
1741110366142,1022.2022
1741110366164,1022.1947
1741110366198,1022.2043
1741110366239,1022.21405
1741110366259,1022.22034
1741110366297,1022.22595
1741110366338,1022.2097
1741110366359,1022.2088
1741110366398,1022.2042
1741110366438,1022.21686
1741110366458,1022.2158
1741110366497,1022.21234
1741110366538,1022.21375
1741110366557,1022.20605
1741110366596,1022.20386
1741110366649,1022.2062
1741110366656,1022.20703
1741110366697,1022.20984
1741110366738,1022.21045
1741110366761,1022.2107
1741110366798,1022.20337
1741110366839,1022.20215
1741110366857,1022.1898
1741110366897,1022.2003
1741110366940,1022.20416
1741110366959,1022.1997
1741110366997,1022.207
1741110367037,1022.2047
1741110367058,1022.22156
1741110367105,1022.22235
1741110367135,1022.21313
1741110367156,1022.2071
1741110367195,1022.2102
1741110367235,1022.21826
1741110367258,1022.21436
1741110367298,1022.2036
1741110367338,1022.2081
1741110367358,1022.22296
1741110367396,1022.2479
1741110367436,1022.2357
1741110367455,1022.2273
1741110367495,1022.22736
1741110367537,1022.20917
1741110367556,1022.20233
1741110367596,1022.1975
1741110367641,1022.19867
1741110367655,1022.19836
1741110367696,1022.18225
1741110367735,1022.1913
1741110367755,1022.1837
1741110367806,1022.1882
1741110367836,1022.1983
1741110367859,1022.2101
1741110367899,1022.2098
1741110367937,1022.2107
1741110367956,1022.2091
1741110367999,1022.2195
1741110368041,1022.21985
1741110368056,1022.2151
1741110368099,1022.21423
1741110368135,1022.2167
1741110368161,1022.21826
1741110368197,1022.2123
1741110368245,1022.2125
1741110368258,1022.19653
1741110368297,1022.2068
1741110368335,1022.2252
1741110368357,1022.21985
1741110368396,1022.22485
1741110368436,1022.23535
1741110368458,1022.2592
1741110368495,1022.2665
1741110368536,1022.25916
1741110368557,1022.23816
1741110368596,1022.23303
1741110368636,1022.223
1741110368669,1022.21313
1741110368695,1022.2084
1741110368741,1022.1956
1741110368758,1022.2035
1741110368795,1022.2009
1741110368836,1022.20776
1741110368863,1022.2133
1741110368896,1022.21704
1741110368938,1022.1998
1741110368955,1022.19684
1741110369004,1022.1949
1741110369038,1022.1987
1741110369063,1022.2091
1741110369097,1022.2108
1741110369147,1022.2111
1741110369156,1022.2219
1741110369199,1022.2202
1741110369239,1022.22424
1741110369255,1022.2104
1741110369298,1022.2029
1741110369337,1022.1841
1741110369355,1022.1839
1741110369396,1022.199
1741110369436,1022.2055
1741110369456,1022.20746
1741110369500,1022.226
1741110369536,1022.24774
1741110369556,1022.25336
1741110369602,1022.2404
1741110369635,1022.2269
1741110369657,1022.2284
1741110369699,1022.2108
1741110369742,1022.2094
1741110369769,1022.2124
1741110369796,1022.2145
1741110369836,1022.21606
1741110369862,1022.2062
1741110369895,1022.2077
1741110369934,1022.2024
1741110369962,1022.20215
1741110369997,1022.1983
1741110370037,1022.2019
1741110370055,1022.2014
1741110370096,1022.20374
1741110370139,1022.2061
1741110370155,1022.1997
1741110370197,1022.18555
1741110370234,1022.1892
1741110370258,1022.1989
1741110370302,1022.1988
1741110370336,1022.1998
1741110370355,1022.2038
1741110370395,1022.2156
1741110370434,1022.20856
1741110370454,1022.1953
1741110370495,1022.19543
1741110370535,1022.22327
1741110370563,1022.2146
1741110370595,1022.2129
1741110370636,1022.2228
1741110370656,1022.2353
1741110370694,1022.24475
1741110370736,1022.2379
1741110370758,1022.228
1741110370793,1022.22516
1741110370838,1022.21735
1741110370879,1022.21313
1741110370895,1022.2047
1741110370936,1022.20386
1741110370959,1022.2029
1741110370995,1022.20465
1741110371044,1022.2102
1741110371074,1022.21533
1741110371098,1022.2112
1741110371135,1022.2077
1741110371175,1022.20703
1741110371196,1022.2153
1741110371236,1022.22375
1741110371275,1022.2197
1741110371294,1022.2193
1741110371339,1022.2185
1741110371375,1022.21625
1741110371394,1022.2077
1741110371435,1022.2086
1741110371474,1022.2174
1741110371496,1022.23303
1741110371535,1022.2145
1741110371575,1022.2009
1741110371595,1022.20435
1741110371637,1022.21423
1741110371674,1022.2199
1741110371694,1022.2253
1741110371734,1022.24
1741110371773,1022.25574
1741110371795,1022.26025
1741110371835,1022.2468
1741110371876,1022.2226
1741110371897,1022.21875
1741110371935,1022.21466
1741110371973,1022.213
1741110371994,1022.21924
1741110372036,1022.2141
1741110372081,1022.21106
1741110372094,1022.2064
1741110372151,1022.2125
1741110372174,1022.2217
1741110372204,1022.2208
1741110372233,1022.21796
1741110372279,1022.20544
1741110372294,1022.1975
1741110372334,1022.1917
1741110372384,1022.1888
1741110372395,1022.195
1741110372436,1022.1931
1741110372475,1022.1971
1741110372496,1022.2103
1741110372540,1022.2049
1741110372576,1022.2179
1741110372601,1022.22595
1741110372635,1022.21594
1741110372688,1022.2058
1741110372694,1022.199
1741110372735,1022.2178
1741110372780,1022.2114
1741110372793,1022.21625
1741110372834,1022.23206
1741110372873,1022.2649
1741110372894,1022.2582
1741110372934,1022.2519
1741110372978,1022.24274
1741110372993,1022.24274
1741110373039,1022.23303
1741110373074,1022.2165
1741110373094,1022.2107
1741110373135,1022.2069
1741110373186,1022.20856
1741110373193,1022.20575
1741110373233,1022.2085
1741110373274,1022.2184
1741110373298,1022.22925
1741110373336,1022.22626
1741110373374,1022.21783
1741110373393,1022.2194
1741110373436,1022.2046
1741110373473,1022.1926
1741110373496,1022.2045
1741110373533,1022.20685
1741110373578,1022.2214
1741110373594,1022.2279
1741110373635,1022.234
1741110373673,1022.25195
1741110373694,1022.2383
1741110373734,1022.2077
1741110373775,1022.18427
1741110373798,1022.21234
1741110373834,1022.20917
1741110373873,1022.2101
1741110373895,1022.2286
1741110373935,1022.2433
1741110373972,1022.24634
1741110373992,1022.23816
1741110374036,1022.2174
1741110374075,1022.2107
1741110374096,1022.2168
1741110374134,1022.22284
1741110374190,1022.2196
1741110374193,1022.2154
1741110374233,1022.21295
1741110374273,1022.204
1741110374293,1022.206
1741110374333,1022.2146
1741110374373,1022.20935
1741110374398,1022.2175
1741110374432,1022.22626
1741110374477,1022.21826
1741110374492,1022.2
1741110374534,1022.19714
1741110374574,1022.20776
1741110374596,1022.21173
1741110374632,1022.22125
1741110374672,1022.2212
1741110374693,1022.2212
1741110374732,1022.22095
1741110374773,1022.23474
1741110374793,1022.2201
1741110374833,1022.21497
1741110374871,1022.2038
1741110374894,1022.2092
1741110374938,1022.2191
1741110374973,1022.20984
1741110374992,1022.21735
1741110375035,1022.23096
1741110375074,1022.2426
1741110375094,1022.24603
1741110375134,1022.23535
1741110375176,1022.2231
1741110375192,1022.21533
1741110375231,1022.22144
1741110375274,1022.22125
1741110375293,1022.215
1741110375333,1022.20715
1741110375373,1022.19995
1741110375394,1022.1896
1741110375432,1022.19147
1741110375473,1022.20593
1741110375493,1022.2132
1741110375535,1022.2125
1741110375572,1022.21875
1741110375592,1022.1902
1741110375633,1022.1836
1741110375674,1022.1909
1741110375694,1022.19324
1741110375732,1022.1989
1741110375772,1022.2057
1741110375797,1022.20447
1741110375832,1022.2083
1741110375880,1022.21136
1741110375892,1022.21716
1741110375935,1022.21814
1741110375973,1022.19543
1741110375995,1022.1784
1741110376033,1022.1862
1741110376071,1022.2013
1741110376091,1022.20404
1741110376132,1022.2031
1741110376175,1022.2151
1741110376192,1022.22833
1741110376232,1022.22675
1741110376274,1022.2196
1741110376292,1022.2074
1741110376332,1022.19543
1741110376371,1022.1924
1741110376392,1022.1831
1741110376435,1022.18475
1741110376472,1022.16534
1741110376493,1022.1565
1741110376532,1022.1709
1741110376572,1022.1839
1741110376592,1022.1863
1741110376632,1022.1895
1741110376671,1022.1783
1741110376692,1022.1638
1741110376733,1022.1535
1741110376771,1022.1501
1741110376791,1022.1626
1741110376832,1022.1626
1741110376874,1022.15875
1741110376893,1022.1606
1741110376930,1022.1656
1741110376973,1022.17334
1741110376990,1022.1709
1741110377030,1022.15686
1741110377070,1022.14813
1741110377091,1022.1603
1741110377131,1022.1764
1741110377173,1022.1626
1741110377195,1022.1704
1741110377231,1022.1771
1741110377271,1022.1717
1741110377292,1022.1834
1741110377341,1022.1727
1741110377376,1022.16315
1741110377391,1022.15247
1741110377434,1022.14777
1741110377473,1022.14294
1741110377492,1022.1346
1741110377531,1022.1211
1741110377572,1022.1183
1741110377591,1022.13135
1741110377634,1022.1411
1741110377672,1022.1424
1741110377692,1022.1489
1741110377732,1022.1467
1741110377773,1022.1256
1741110377795,1022.11945
1741110377835,1022.12286
1741110377871,1022.1264
1741110377891,1022.12366
1741110377929,1022.12915
1741110377971,1022.1224
1741110377991,1022.13135
1741110378036,1022.136
1741110378074,1022.13464
1741110378092,1022.1054
1741110378131,1022.1046
1741110378173,1022.1199
1741110378196,1022.11285
1741110378232,1022.10345
1741110378271,1022.115
1741110378292,1022.13116
1741110378331,1022.14087
1741110378372,1022.14435
1741110378393,1022.1422
1741110378430,1022.133
1741110378471,1022.11285
1741110378491,1022.1154
1741110378530,1022.1071
1741110378573,1022.09576
1741110378590,1022.08655
1741110378632,1022.0857
1741110378672,1022.0925
1741110378691,1022.0941
1741110378733,1022.0949
1741110378771,1022.0967
1741110378791,1022.10706
1741110378830,1022.1121
1741110378873,1022.10583
1741110378893,1022.104
1741110378931,1022.09973
1741110378972,1022.0925
1741110378991,1022.0885
1741110379030,1022.0954
1741110379074,1022.09827
1741110379094,1022.1001
1741110379132,1022.1166
1741110379171,1022.11707
1741110379191,1022.0897
1741110379231,1022.0875
1741110379271,1022.1106
1741110379291,1022.0974
1741110379331,1022.093
1741110379370,1022.102
1741110379391,1022.1234
1741110379429,1022.1282
1741110379471,1022.11847
1741110379489,1022.10803
1741110379531,1022.0942
1741110379571,1022.0825
1741110379589,1022.0742
1741110379629,1022.078
1741110379671,1022.08246
1741110379690,1022.07056
1741110379733,1022.0736
1741110379770,1022.0898
1741110379791,1022.09863
1741110379831,1022.09174
1741110379871,1022.0945
1741110379891,1022.0897
1741110379930,1022.0748
1741110379970,1022.0653
1741110379992,1022.0713
1741110380031,1022.07635
1741110380073,1022.0812
1741110380091,1022.09045
1741110380130,1022.0897
1741110380170,1022.0947
1741110380190,1022.0915
1741110380234,1022.09503
1741110380270,1022.08154
1741110380291,1022.06506
1741110380331,1022.0831
1741110380372,1022.09424
1741110380392,1022.08405
1741110380432,1022.1007
1741110380472,1022.1172
1741110380491,1022.1184
1741110380530,1022.12024
1741110380570,1022.121
1741110380589,1022.1162
1741110380631,1022.1067
1741110380671,1022.098
1741110380689,1022.0941
1741110380732,1022.0944
1741110380770,1022.07666
1741110380790,1022.07684
1741110380842,1022.08203
1741110380869,1022.08936
1741110380889,1022.0876
1741110380929,1022.10205
1741110380972,1022.10864
1741110380990,1022.0989
1741110381031,1022.1011
1741110381070,1022.09094
1741110381091,1022.0846
1741110381132,1022.0924
1741110381171,1022.10315
1741110381190,1022.09094
1741110381231,1022.08856
1741110381270,1022.0969
1741110381300,1022.0946
1741110381330,1022.09534
1741110381371,1022.0798
1741110381390,1022.0735
1741110381437,1022.09155
1741110381471,1022.1019
1741110381489,1022.0976
1741110381532,1022.1147
1741110381569,1022.1194
1741110381589,1022.1222
1741110381631,1022.1263
1741110381676,1022.11694
1741110381689,1022.0976
1741110381729,1022.08203
1741110381769,1022.0808
1741110381790,1022.0747
1741110381829,1022.0759
1741110381876,1022.0681
1741110381890,1022.07623
1741110381932,1022.0685
1741110381969,1022.0725
1741110381987,1022.0856
1741110382030,1022.09045
1741110382071,1022.08264
1741110382090,1022.0858
1741110382128,1022.0801
1741110382181,1022.07947
1741110382190,1022.0904
1741110382233,1022.089
1741110382269,1022.0858
1741110382289,1022.0878
1741110382328,1022.09766
1741110382371,1022.1062
1741110382389,1022.1049
1741110382435,1022.07764
1741110382470,1022.07715
1741110382488,1022.0995
1741110382531,1022.0834
1741110382568,1022.08997
1741110382591,1022.1145
1741110382628,1022.1244
1741110382670,1022.12225
1741110382693,1022.10925
1741110382730,1022.0973
1741110382768,1022.09033
1741110382789,1022.0836
1741110382830,1022.07544
1741110382868,1022.08246
1741110382892,1022.0729
1741110382928,1022.07654
1741110382969,1022.0806
1741110382990,1022.09045
1741110383032,1022.0914
1741110383069,1022.101
1741110383090,1022.09296
1741110383130,1022.088
1741110383171,1022.0821
1741110383187,1022.0888
1741110383229,1022.0953
1741110383266,1022.10004
1741110383289,1022.10315
1741110383337,1022.0975
1741110383368,1022.0919
1741110383389,1022.0979
1741110383428,1022.1151
1741110383467,1022.1157
1741110383488,1022.08575
1741110383529,1022.07623
1741110383573,1022.0944
1741110383592,1022.0999
1741110383629,1022.1029
1741110383670,1022.11426
1741110383691,1022.1305
1741110383733,1022.12866
1741110383768,1022.12354
1741110383790,1022.1166
1741110383830,1022.10156
1741110383869,1022.0968
1741110383886,1022.09406
1741110383932,1022.0964
1741110383966,1022.0896
1741110383989,1022.08966
1741110384030,1022.087
1741110384068,1022.08484
1741110384088,1022.10266
1741110384138,1022.11005
1741110384166,1022.1152
1741110384188,1022.1069
1741110384230,1022.09973
1741110384269,1022.08905
1741110384289,1022.07275
1741110384328,1022.0764
1741110384370,1022.08264
1741110384389,1022.086
1741110384441,1022.09186
1741110384466,1022.09717
1741110384489,1022.1024
1741110384527,1022.1034
1741110384569,1022.0867
1741110384589,1022.07184
1741110384633,1022.08014
1741110384670,1022.1002
1741110384689,1022.08405
1741110384727,1022.081
1741110384769,1022.09607
1741110384786,1022.1077
1741110384830,1022.11523
1741110384869,1022.1183
1741110384887,1022.11285
1741110384932,1022.10034
1741110384968,1022.0931
1741110384989,1022.1001
1741110385030,1022.0971
1741110385066,1022.0939
1741110385086,1022.07837
1741110385127,1022.07306
1741110385168,1022.0851
1741110385186,1022.10126
1741110385227,1022.1033
1741110385271,1022.0941
1741110385288,1022.0941
1741110385330,1022.0812
1741110385370,1022.062
1741110385386,1022.052
1741110385427,1022.05615
1741110385474,1022.06635
1741110385488,1022.0731
1741110385528,1022.0747
1741110385567,1022.0671
1741110385593,1022.06604
1741110385626,1022.0643
1741110385667,1022.06494
1741110385688,1022.0787
1741110385726,1022.1007
1741110385768,1022.10925
1741110385787,1022.12225
1741110385830,1022.1291
1741110385867,1022.1372
1741110385888,1022.14233
1741110385926,1022.1612
1741110385968,1022.1593
1741110385988,1022.1522
1741110386026,1022.15295
1741110386065,1022.15686
1741110386086,1022.1564
1741110386128,1022.15234
1741110386167,1022.1401
1741110386188,1022.1451
1741110386226,1022.1632
1741110386267,1022.17145
1741110386285,1022.17676
1741110386329,1022.18005
1741110386366,1022.173
1741110386393,1022.1658
1741110386426,1022.17
1741110386469,1022.1502
1741110386489,1022.1599
1741110386529,1022.16785
1741110386565,1022.1752
1741110386586,1022.1752
1741110386628,1022.1812
1741110386670,1022.19495
1741110386690,1022.18646
1741110386726,1022.1908
1741110386766,1022.2023
1741110386786,1022.20496
1741110386826,1022.20374
1741110386870,1022.22516
1741110386885,1022.2185
1741110386931,1022.2412
1741110386965,1022.2528
1741110386986,1022.25555
1741110387025,1022.2559
1741110387086,1022.2553
1741110387087,1022.25146
1741110387148,1022.2381
1741110387164,1022.23096
1741110387185,1022.22925
1741110387236,1022.2222
1741110387265,1022.20905
1741110387286,1022.1985
1741110387328,1022.19727
1741110387379,1022.2049
1741110387389,1022.2077
1741110387426,1022.20386
1741110387466,1022.1995
1741110387490,1022.2051
1741110387526,1022.20483
1741110387567,1022.19336
1741110387592,1022.1911
1741110387626,1022.2019
1741110387666,1022.20654
1741110387687,1022.2086
1741110387726,1022.2014
1741110387765,1022.2024
1741110387786,1022.20856
1741110387833,1022.2041
1741110387865,1022.19476
1741110387886,1022.2103
1741110387929,1022.2257
1741110387966,1022.2423
1741110387985,1022.2579
1741110388031,1022.24927
1741110388068,1022.24097
1741110388085,1022.2425
1741110388127,1022.23206
1741110388170,1022.22675
1741110388186,1022.2107
1741110388229,1022.2005
1741110388269,1022.192
1741110388289,1022.1925
1741110388325,1022.18677
1741110388366,1022.1868
1741110388385,1022.20337
1741110388424,1022.2149
1741110388470,1022.2225
1741110388486,1022.2193
1741110388525,1022.20337
1741110388565,1022.19324
1741110388584,1022.17755
1741110388630,1022.1798
1741110388664,1022.1891
1741110388684,1022.19165
1741110388727,1022.1869
1741110388766,1022.1905
1741110388787,1022.19867
1741110388826,1022.2095
1741110388865,1022.2145
1741110388885,1022.2077
1741110388924,1022.18677
1741110388964,1022.196
1741110388983,1022.2289
1741110389027,1022.21906
1741110389066,1022.22925
1741110389086,1022.2382
1741110389126,1022.2393
1741110389164,1022.23267
1741110389185,1022.22974
1741110389227,1022.2175
1741110389272,1022.20764
1741110389288,1022.20667
1741110389326,1022.1996
1741110389367,1022.20245
1741110389386,1022.1935
1741110389424,1022.18494
1741110389465,1022.1919
1741110389495,1022.2075
1741110389523,1022.2066
1741110389566,1022.21075
1741110389584,1022.2142
1741110389624,1022.18835
1741110389666,1022.1791
1741110389686,1022.1768
1741110389730,1022.1797
1741110389765,1022.18774
1741110389785,1022.1909
1741110389843,1022.1882
1741110389864,1022.194
1741110389886,1022.1926
1741110389924,1022.1909
1741110389965,1022.1944
1741110389984,1022.18884
1741110390024,1022.18066
1741110390067,1022.2003
1741110390086,1022.1971
1741110390123,1022.2096
1741110390173,1022.2213
1741110390186,1022.22314
1741110390226,1022.23846
1741110390264,1022.2279
1741110390286,1022.2142
1741110390324,1022.204
1741110390363,1022.1942
1741110390385,1022.1876
1741110390423,1022.19135
1741110390466,1022.19147
1741110390486,1022.18555
1741110390526,1022.2034
1741110390564,1022.2046
1741110390585,1022.21063
1741110390629,1022.20575
1741110390664,1022.1836
1741110390686,1022.173
1741110390728,1022.1642
1741110390764,1022.1667
1741110390787,1022.1759
1741110390826,1022.1947
1741110390865,1022.2019
1741110390891,1022.2025
1741110390925,1022.1991
1741110390962,1022.1931
1741110390984,1022.2029
1741110391024,1022.1934
1741110391063,1022.1846
1741110391083,1022.1912
1741110391125,1022.2123
1741110391165,1022.2054
1741110391183,1022.2235
1741110391229,1022.2259
1741110391263,1022.2367
1741110391286,1022.23584
1741110391326,1022.2177
1741110391370,1022.2109
1741110391383,1022.2035
1741110391426,1022.18646
1741110391465,1022.1829
1741110391488,1022.18066
1741110391524,1022.17633
1741110391566,1022.1787
1741110391582,1022.18713
1741110391624,1022.1979
1741110391664,1022.2028
1741110391683,1022.2106
1741110391724,1022.20386
1741110391763,1022.1959
1741110391784,1022.1749
1741110391829,1022.1754
1741110391863,1022.1908
1741110391884,1022.19214
1741110391926,1022.20056
1741110391964,1022.19385
1741110391989,1022.2042
1741110392024,1022.20667
1741110392064,1022.1917
1741110392083,1022.18384
1741110392131,1022.2058
1741110392171,1022.2089
1741110392186,1022.20215
1741110392223,1022.214
1741110392262,1022.2251
1741110392284,1022.23486
1741110392322,1022.23505
1741110392368,1022.228
1741110392382,1022.22363
1741110392423,1022.2097
1741110392470,1022.20447
1741110392482,1022.19653
1741110392523,1022.1895
1741110392566,1022.1776
1741110392586,1022.1743
1741110392625,1022.1904
1741110392667,1022.19464
1741110392682,1022.2002
1741110392723,1022.1949
1741110392763,1022.1915
1741110392802,1022.1941
1741110392824,1022.17865
1741110392866,1022.1764
1741110392902,1022.17773
1741110392923,1022.18713
1741110392964,1022.18665
1741110393003,1022.1824
1741110393033,1022.1864
1741110393062,1022.1972
1741110393103,1022.1943
1741110393126,1022.1876
1741110393164,1022.19604
1741110393205,1022.21765
1741110393229,1022.2095
1741110393263,1022.2306
1741110393302,1022.227
1741110393324,1022.2193
1741110393361,1022.2349
1741110393402,1022.23895
1741110393423,1022.22974
1741110393462,1022.22565
1741110393503,1022.20667
1741110393527,1022.1968
1741110393563,1022.1934
1741110393608,1022.1784
1741110393621,1022.17236
1741110393665,1022.171
1741110393711,1022.1836
1741110393725,1022.1873
1741110393762,1022.193
1741110393809,1022.1891
1741110393823,1022.196
1741110393862,1022.1838
1741110393903,1022.1846
1741110393923,1022.17175
1741110393962,1022.17896
1741110394003,1022.1895
1741110394028,1022.1931
1741110394063,1022.1911
1741110394103,1022.1975
1741110394125,1022.18713
1741110394168,1022.19855
1741110394202,1022.1762
1741110394222,1022.1709
1741110394270,1022.193
1741110394304,1022.18634
1741110394325,1022.1981
1741110394361,1022.21466
1741110394403,1022.22565
1741110394422,1022.2267
1741110394463,1022.22076
1741110394502,1022.2141
1741110394525,1022.2018
1741110394566,1022.1946
1741110394601,1022.187
1741110394622,1022.1839
1741110394662,1022.1807
1741110394702,1022.1708
1741110394722,1022.1703
1741110394770,1022.173
1741110394802,1022.1764
1741110394825,1022.17773
1741110394861,1022.1908
1741110394907,1022.18787
1741110394921,1022.17645
1741110394969,1022.16565
1741110395004,1022.16406
1741110395021,1022.1757
1741110395065,1022.18384
1741110395105,1022.1802
1741110395121,1022.1751
1741110395166,1022.1842
1741110395202,1022.17554
1741110395234,1022.1844
1741110395271,1022.1886
1741110395302,1022.184
1741110395332,1022.18945
1741110395365,1022.19055
1741110395404,1022.20953
1741110395432,1022.2056
1741110395462,1022.22314
1741110395501,1022.23315
1741110395520,1022.2358
1741110395563,1022.2188
1741110395605,1022.2118
1741110395620,1022.2056
1741110395664,1022.1997
1741110395701,1022.1961
1741110395721,1022.18585
1741110395768,1022.177
1741110395801,1022.16547
1741110395823,1022.17664
1741110395868,1022.1797
1741110395906,1022.1894
1741110395920,1022.19476
1741110395968,1022.194
1741110396001,1022.1858
1741110396026,1022.17944
1741110396062,1022.18054
1741110396102,1022.1891
1741110396124,1022.1914
1741110396162,1022.1982
1741110396202,1022.1921
1741110396220,1022.1958
1741110396263,1022.19366
1741110396301,1022.19763
1741110396324,1022.1901
1741110396365,1022.17706
1741110396404,1022.1918
1741110396422,1022.19824
1741110396465,1022.20654
1741110396506,1022.2313
1741110396525,1022.23975
1741110396561,1022.23773
1741110396601,1022.2395
1741110396629,1022.2322
1741110396662,1022.2278
1741110396702,1022.2134
1741110396720,1022.2077
1741110396760,1022.2084
1741110396804,1022.196
1741110396820,1022.19543
1741110396868,1022.21265
1741110396901,1022.21185
1741110396929,1022.2147
1741110396960,1022.21344
1741110397003,1022.2167
1741110397019,1022.204
1741110397062,1022.1918
1741110397103,1022.18726
1741110397121,1022.2019
1741110397162,1022.20636
1741110397203,1022.20776
1741110397219,1022.20355
1741110397261,1022.21313
1741110397300,1022.216
1741110397320,1022.192
1741110397361,1022.1759
1741110397404,1022.19086
1741110397420,1022.2099
1741110397463,1022.2167
1741110397500,1022.22766
1741110397520,1022.2281
1741110397565,1022.2296
1741110397604,1022.2302
1741110397629,1022.228
1741110397661,1022.2148
1741110397701,1022.2218
1741110397721,1022.211
1741110397760,1022.20337
1741110397811,1022.19476
1741110397819,1022.19196
1741110397859,1022.1863
1741110397900,1022.1892
1741110397919,1022.1988
1741110397961,1022.1881
1741110397999,1022.1876
1741110398020,1022.1916
1741110398059,1022.1891
1741110398100,1022.18463
1741110398119,1022.1739
1741110398159,1022.1728
1741110398199,1022.18317
1741110398219,1022.18835
1741110398259,1022.17676
1741110398300,1022.1716
1741110398321,1022.17194
1741110398359,1022.1726
1741110398399,1022.18146
1741110398418,1022.1724
1741110398459,1022.1753
1741110398501,1022.18835
1741110398519,1022.19354
1741110398560,1022.20245
1741110398600,1022.2094
1741110398620,1022.21326
1741110398660,1022.21185
1741110398702,1022.21375
1741110398723,1022.2019
1741110398760,1022.20056
1741110398801,1022.1974
1741110398822,1022.1902
1741110398859,1022.18066
1741110398902,1022.17865
1741110398919,1022.1887
1741110398962,1022.1823
1741110398999,1022.1785
1741110399020,1022.1662
1741110399062,1022.17725
1741110399100,1022.19763
1741110399121,1022.19617
1741110399162,1022.19116
1741110399200,1022.18835
1741110399219,1022.16974
1741110399262,1022.1634
1741110399298,1022.17346
1741110399320,1022.1658
1741110399370,1022.17004
1741110399400,1022.15906
1741110399421,1022.1677
1741110399461,1022.1804
1741110399500,1022.18195
1741110399523,1022.16736
1741110399559,1022.17474
1741110399600,1022.1975
1741110399626,1022.181
1741110399664,1022.18396
1741110399699,1022.1898
1741110399720,1022.20593
1741110399760,1022.20984
1741110399799,1022.2117
1741110399819,1022.20435
1741110399866,1022.19147
1741110399909,1022.20404
1741110399918,1022.1991
1741110399963,1022.1842
1741110400000,1022.18506
1741110400018,1022.1765
1741110400065,1022.17084
1741110400098,1022.16895
1741110400125,1022.172
1741110400161,1022.16174
1741110400199,1022.1699
1741110400220,1022.1793
1741110400261,1022.1834
1741110400300,1022.1813
1741110400330,1022.16943
1741110400361,1022.16284
1741110400401,1022.1727
1741110400419,1022.17267
1741110400459,1022.1703
1741110400498,1022.1592
1741110400519,1022.1661
1741110400563,1022.1748
1741110400597,1022.172
1741110400622,1022.15234
1741110400660,1022.1494
1741110400699,1022.1717
1741110400718,1022.1839
1741110400760,1022.18054
1741110400797,1022.187
1741110400818,1022.20166
1741110400861,1022.2175
1741110400901,1022.21216
1741110400930,1022.2049
1741110400964,1022.19495
1741110401009,1022.1813
1741110401018,1022.1659
1741110401057,1022.1565
1741110401098,1022.1599
1741110401126,1022.17175
1741110401158,1022.1688
1741110401200,1022.16
1741110401223,1022.16583
1741110401262,1022.18896
1741110401298,1022.1984
1741110401323,1022.20496
1741110401359,1022.181
1741110401399,1022.17773
1741110401418,1022.1679
1741110401460,1022.1488
1741110401498,1022.1523
1741110401518,1022.1603
1741110401567,1022.17175
1741110401599,1022.187
1741110401618,1022.17267
1741110401659,1022.17426
1741110401699,1022.1843
1741110401721,1022.18616
1741110401759,1022.1677
1741110401798,1022.1559
1741110401817,1022.1621
1741110401858,1022.1578
1741110401906,1022.16095
1741110401917,1022.17865
1741110401966,1022.1769
1741110402004,1022.189
1741110402023,1022.1926
1741110402057,1022.2002
1741110402102,1022.1987
1741110402119,1022.20123
1741110402157,1022.1957
1741110402201,1022.1805
1741110402217,1022.14124
1741110402264,1022.1522
1741110402308,1022.1571
1741110402316,1022.1644
1741110402357,1022.1855
1741110402404,1022.1998
1741110402422,1022.2067
1741110402459,1022.2239
1741110402498,1022.2427
1741110402518,1022.2637
1741110402557,1022.2616
1741110402610,1022.2303
1741110402627,1022.20984
1741110402667,1022.21704
1741110402698,1022.2073
1741110402719,1022.18195
1741110402761,1022.25085
1741110402797,1022.2333
1741110402823,1022.2551
1741110402856,1022.26636
1741110402898,1022.2393
1741110402925,1022.208
1741110402956,1022.1229
1741110403001,1022.0405
1741110403018,1022.07
1741110403062,1022.1111
1741110403096,1022.13696
1741110403117,1022.1521
1741110403168,1022.15076
1741110403197,1022.1493
1741110403224,1022.1591
1741110403269,1022.1684
1741110403298,1022.17725
1741110403319,1022.18024
1741110403361,1022.17834
1741110403398,1022.1842
1741110403418,1022.1877
1741110403458,1022.1859
1741110403496,1022.17706
1741110403516,1022.16565
1741110403558,1022.1637
1741110403598,1022.16406
1741110403618,1022.1808
1741110403660,1022.17847
1741110403696,1022.1848
1741110403728,1022.174
1741110403756,1022.172
1741110403797,1022.16595
1741110403817,1022.16516
1741110403859,1022.171
1741110403896,1022.1796
1741110403918,1022.1764
1741110403955,1022.16766
1741110403995,1022.16327
1741110404015,1022.1655
1741110404057,1022.1531
1741110404095,1022.15106
1741110404115,1022.1433
1741110404155,1022.13995
1741110404194,1022.14264
1741110404215,1022.17084
1741110404256,1022.16943
1741110404294,1022.1604
1741110404314,1022.17084
1741110404354,1022.1618
1741110404394,1022.15466
1741110404414,1022.1502
1741110404454,1022.1466
1741110404495,1022.1404
1741110404514,1022.14685
1741110404554,1022.14197
1741110404594,1022.1366
1741110404615,1022.15735
1741110404654,1022.1605
1741110404695,1022.17065
1741110404714,1022.15936
1741110404754,1022.15955
1741110404794,1022.14557
1741110404815,1022.14075
1741110404854,1022.14417
1741110404897,1022.1537
1741110404914,1022.15106
1741110404954,1022.15344
1741110405011,1022.1495
1741110405033,1022.14844
1741110405058,1022.1571
1741110405107,1022.1468
1741110405129,1022.14703
1741110405155,1022.1473
1741110405194,1022.14557
1741110405214,1022.13513
1741110405255,1022.1414
1741110405294,1022.135
1741110405316,1022.1355
1741110405355,1022.12933
1741110405394,1022.13293
1741110405414,1022.13367
1741110405454,1022.1301
1741110405494,1022.1394
1741110405514,1022.13806
1741110405556,1022.13055
1741110405594,1022.1262
1741110405614,1022.13116
1741110405654,1022.1322
1741110405695,1022.1343
1741110405717,1022.1312
1741110405755,1022.12946
1741110405795,1022.1384
1741110405815,1022.1296
1741110405855,1022.11804
1741110405894,1022.11975
1741110405914,1022.1207
1741110405954,1022.13293
