1740500360988,1007.56885
1740500361166,1007.6118
1740500361352,1007.916
1740500361540,1007.8379
1740500361701,1007.84717
1740500361883,1007.87695
1740500362057,1007.7998
1740500362238,1007.8076
1740500362413,1007.8872
1740500362601,1007.9287
1740500362819,1007.9309
1740500362945,1007.6887
1740500363124,1008.0171
1740500363302,1007.9856
1740500363480,1007.7666
1740500363657,1007.9197
1740500363840,1007.89966
1740500364015,1007.99927
1740500364192,1007.89014
1740500364370,1008.0559
1740500364547,1007.94946
1740500364726,1008.0176
1740500364902,1008.0415
1740500365087,1007.83545
1740500365259,1007.6709
1740500365437,1008.011
1740500365624,1007.8684
1740500365793,1007.92065
1740500365972,1007.8633
1740500366149,1007.9209
1740500366327,1007.99023
1740500366506,1007.9507
1740500366683,1007.82837
1740500366886,1007.9109
1740500367038,1007.54736
1740500367221,1007.6926
1740500367393,1007.74805
1740500367572,1007.6282
1740500367750,1007.874
1740500367927,1007.8616
1740500368117,1008.0161
1740500368283,1007.8589
1740500368470,1007.68286
1740500368647,1007.54565
1740500368816,1007.55444
1740500368994,1007.60913
1740500369172,1007.551
1740500369352,1007.55054
1740500369530,1007.8777
1740500369707,1007.7141
1740500369884,1007.9419
1740500370063,1007.92456
1740500370241,1007.8638
1740500370420,1007.7959
1740500370596,1007.82983
1740500370775,1007.8364
1740500370954,1007.7344
1740500371132,1007.81616
1740500371311,1007.94604
1740500371485,1007.74414
1740500371666,1007.95264
1740500371842,1007.8672
1740500372021,1007.96265
1740500372197,1007.9219
1740500372380,1007.8821
1740500372555,1007.87573
1740500372732,1007.84717
1740500372910,1007.8989
1740500373089,1007.85547
1740500373270,1007.8262
1740500373444,1007.739
1740500373622,1007.85547
1740500373798,1007.8362
1740500373977,1007.9656
1740500374156,1007.9265
1740500374346,1008.0171
1740500374510,1007.9641
1740500374692,1007.84985
1740500374867,1007.9126
1740500375045,1008.0386
1740500375223,1007.8716
1740500375401,1007.9492
1740500375579,1007.8989
1740500375757,1007.9612
1740500375935,1008.0029
1740500376113,1007.8479
1740500376291,1007.87646
1740500376472,1007.8342
1740500376650,1007.7771
1740500376825,1007.8074
1740500377002,1007.906
1740500377179,1007.97363
1740500377358,1007.71216
1740500377536,1007.76636
1740500377712,1007.7964
1740500377891,1007.69775
1740500378070,1007.86255
1740500378263,1007.9575
1740500378426,1007.69824
1740500378604,1007.85376
1740500378780,1007.8999
1740500378959,1007.87354
1740500379139,1007.69995
1740500379317,1008.0029
1740500379493,1007.98
1740500379669,1007.7363
1740500379848,1007.8772
1740500380026,1007.86694
1740500380205,1007.65234
1740500380383,1007.8623
1740500380561,1007.86206
1740500380739,1007.64355
1740500380918,1007.87256
1740500381094,1007.87695
1740500381272,1007.7566
1740500381450,1007.74927
1740500381628,1007.8384
1740500381806,1007.7588
1740500381984,1007.68335
1740500382173,1007.8242
1740500382340,1007.70557
1740500382521,1007.7593
1740500382697,1007.7781
1740500382904,1007.82983
1740500383050,1007.69775
1740500383230,1007.7988
1740500383408,1007.8467
1740500383586,1007.7146
1740500383763,1007.6831
1740500383940,1007.85815
1740500384118,1007.7263
1740500384297,1007.37915
1740500384476,1007.5613
1740500384652,1007.7871
1740500384830,1007.7312
1740500385009,1007.8501
1740500385187,1007.9021
1740500385365,1007.82153
1740500385542,1007.7825
1740500385720,1007.9175
1740500385899,1007.844
1740500386077,1007.7627
1740500386254,1007.81274
1740500386432,1007.7363
1740500386610,1007.59546
1740500386788,1007.82983
1740500386966,1007.8076
1740500387143,1007.67993
1740500387322,1007.8967
1740500387503,1007.81274
1740500387679,1007.772
1740500387857,1007.8291
1740500388033,1007.89136
1740500388225,1007.94775
1740500388389,1007.7886
1740500388567,1007.95337
1740500388745,1007.9209
1740500388923,1007.71606
1740500389106,1007.6653
1740500389282,1007.8313
1740500389458,1007.74585
1740500389635,1007.8401
1740500389812,1007.77075
1740500389990,1007.8994
1740500390168,1007.7383
1740500390346,1007.83276
1740500390524,1007.88745
1740500390702,1007.86475
1740500390880,1007.88403
1740500391061,1007.9768
1740500391237,1008.01025
1740500391414,1007.7942
1740500391592,1007.9795
1740500391770,1008.0005
1740500391948,1007.896
1740500392126,1007.8318
1740500392303,1007.8142
1740500392481,1007.9094
1740500392659,1007.83203
1740500392840,1007.93726
1740500393016,1007.8391
1740500393193,1007.7908
1740500393371,1007.843
1740500393549,1007.948
1740500393727,1007.8911
1740500393905,1007.68896
1740500394102,1007.9026
1740500394261,1007.7351
1740500394442,1007.8032
1740500394615,1007.9109
1740500394793,1007.8718
1740500394971,1007.7942
1740500395149,1007.73267
1740500395327,1007.8545
1740500395506,1007.9675
1740500395684,1007.75
1740500395862,1007.8113
1740500396043,1007.9094
1740500396220,1007.8345
1740500396397,1007.8318
1740500396574,1007.9248
1740500396751,1007.96533
1740500396929,1008.0427
1740500397107,1008.0156
1740500397285,1007.98584
1740500397463,1008.0615
1740500397640,1007.96045
1740500397818,1008.1323
1740500398000,1008.1179
1740500398175,1008.0476
1740500398354,1008.04297
1740500398531,1008.06616
1740500398708,1008.0896
1740500398886,1008.2097
1740500399064,1008.115
1740500399241,1008.1133
1740500399419,1008.0659
1740500399599,1008.05835
1740500399776,1008.1404
1740500399953,1008.1199
1740500400130,1008.1194
1740500400309,1007.8269
1740500400486,1007.75024
1740500400670,1007.8059
1740500400842,1007.7959
1740500401019,1007.82056
1740500401198,1007.91675
1740500401376,1008.1968
1740500401555,1008.1575
1740500401734,1008.1387
1740500401910,1008.18384
1740500402092,1008.0327
1740500402268,1008.0381
1740500402444,1008.09814
1740500402621,1007.7595
1740500402811,1007.7468
1740500402976,1007.74097
1740500403154,1008.04614
1740500403349,1007.78174
1740500403510,1007.7698
1740500403689,1007.73486
1740500403885,1008.0764
1740500404043,1007.81714
1740500404222,1007.8367
1740500404401,1007.8247
1740500404578,1007.8479
1740500404760,1008.0845
1740500404938,1008.17017
