1451928749920,0.027696876,-0.058589544,0.034088463
1451928749921,0.007456851,-0.10226539,0.0
1451928749921,0.0,-0.11611383,-0.00958738
1451928749921,-0.008522116,-0.12250541,-0.0127831735
1451928749927,-0.015978966,-0.12676647,-0.017044231
1451928749931,-0.02130529,-0.13209279,-0.02130529
1451928749936,-0.027696876,-0.13954964,-0.023435818
1451928749940,-0.029827405,-0.14487597,-0.027696876
1451928749947,-0.035153728,-0.1438107,-0.037284255
1451928749951,-0.039414786,-0.13315806,-0.0479369
1451928749955,-0.043675844,-0.11611383,-0.05539375
1451928749961,-0.051132694,-0.10013486,-0.058589544
1451928749967,-0.05539375,-0.084155895,-0.05965481
1451928749971,-0.05752428,-0.06924219,-0.056459017
1451928749976,-0.054328486,-0.05219796,-0.05539375
1451928749981,-0.05006743,-0.035153728,-0.056459017
1451928749986,-0.04474111,-0.020240024,-0.056459017
1451928749990,-0.041545313,-0.0063915867,-0.053263225
1451928749996,-0.036218993,0.0063915867,-0.049002163
1451928750001,-0.035153728,0.015978966,-0.04261058
1451928750005,-0.036218993,0.020240024,-0.039414786
1451928750011,-0.041545313,0.024501082,-0.035153728
1451928750014,-0.046871636,0.026631612,-0.029827405
1451928750020,-0.051132694,0.025566347,-0.024501082
1451928750025,-0.054328486,0.02130529,-0.01917476
1451928750031,-0.053263225,0.014913702,-0.015978966
1451928750036,-0.049002163,0.014913702,-0.015978966
1451928750040,-0.039414786,0.015978966,-0.018109497
1451928750047,-0.02876214,0.008522116,-0.017044231
1451928750051,-0.020240024,-0.004261058,-0.014913702
1451928750055,-0.00958738,-0.02130529,-0.013848438
1451928750061,0.0010652645,-0.037284255,-0.013848438
1451928750065,0.00958738,-0.0479369,-0.015978966
1451928750070,0.014913702,-0.056459017,-0.01917476
1451928750075,0.01917476,-0.06924219,-0.023435818
1451928750080,0.01917476,-0.07989483,-0.023435818
1451928750085,0.017044231,-0.09161274,-0.027696876
1451928750089,0.010652645,-0.101200126,-0.03195793
1451928750095,0.004261058,-0.10439592,-0.03195793
1451928750100,-0.004261058,-0.10226539,-0.03195793
1451928750105,-0.010652645,-0.098004326,-0.03195793
1451928750110,-0.018109497,-0.09267801,-0.03089267
1451928750115,-0.022370555,-0.084155895,-0.026631612
1451928750120,-0.025566347,-0.07669904,-0.02130529
1451928750125,-0.025566347,-0.0628506,-0.015978966
1451928750129,-0.023435818,-0.04580637,-0.014913702
1451928750135,-0.020240024,-0.025566347,-0.013848438
1451928750140,-0.013848438,-0.0063915867,-0.014913702
1451928750145,-0.010652645,0.007456851,-0.014913702
1451928750151,-0.004261058,0.018109497,-0.013848438
1451928750153,0.002130529,0.022370555,-0.017044231
1451928750158,0.010652645,0.017044231,-0.01917476
1451928750163,0.020240024,0.0031957934,-0.022370555
1451928750168,0.02876214,-0.010652645,-0.024501082
1451928750173,0.036218993,-0.01917476,-0.024501082
1451928750178,0.04261058,-0.017044231,-0.027696876
1451928750183,0.0479369,-0.011717909,-0.029827405
1451928750187,0.0479369,0.0031957934,-0.036218993
1451928750193,0.041545313,0.00958738,-0.037284255
1451928750197,0.03195793,0.013848438,-0.035153728
1451928750207,0.020240024,0.014913702,-0.029827405
1451928750207,0.008522116,0.010652645,-0.026631612
1451928750212,-0.004261058,0.004261058,-0.025566347
1451928750217,-0.013848438,-0.004261058,-0.03195793
1451928750223,-0.02130529,-0.018109497,-0.035153728
1451928750227,-0.024501082,-0.037284255,-0.03834952
1451928750232,-0.02876214,-0.05539375,-0.039414786
1451928750239,-0.03089267,-0.07669904,-0.04261058
1451928750244,-0.034088463,-0.10333065,-0.04474111
1451928750248,-0.041545313,-0.128897,-0.05219796
1451928750258,-0.0479369,-0.14594123,-0.05752428
1451928750258,-0.05539375,-0.1555286,-0.06391586
1451928750263,-0.066046394,-0.15765914,-0.06924219
1451928750268,-0.0777643,-0.15659387,-0.070307456
1451928750274,-0.08841695,-0.1555286,-0.06711166
1451928750278,-0.098004326,-0.15233281,-0.060720075
1451928750284,-0.101200126,-0.1470065,-0.05006743
1451928750288,-0.099069595,-0.13954964,-0.04261058
1451928750294,-0.09054748,-0.12996227,-0.034088463
1451928750298,-0.080960095,-0.12144015,-0.025566347
1451928750304,-0.068176925,-0.10972224,-0.01917476
1451928750308,-0.05965481,-0.10013486,-0.011717909
1451928750312,-0.05219796,-0.09267801,-0.0031957934
1451928750318,-0.051132694,-0.08948222,0.0053263223
1451928750324,-0.054328486,-0.08948222,0.0127831735
1451928750329,-0.06391586,-0.09374327,0.022370555
1451928750332,-0.07350325,-0.098004326,0.03089267
1451928750343,-0.08522116,-0.10333065,0.034088463
1451928750343,-0.0958738,-0.11504856,0.037284255
1451928750347,-0.10759171,-0.128897,0.037284255
1451928750352,-0.11611383,-0.14487597,0.039414786
1451928750362,-0.12144015,-0.15659387,0.037284255
1451928750363,-0.11930962,-0.16724652,0.034088463
1451928750367,-0.11717909,-0.17044231,0.034088463
1451928750373,-0.10972224,-0.16405073,0.035153728
1451928750377,-0.0958738,-0.15339808,0.03195793
1451928750382,-0.080960095,-0.13741912,0.029827405
1451928750387,-0.06711166,-0.12357068,0.026631612
1451928750394,-0.056459017,-0.10759171,0.025566347
1451928750396,-0.049002163,-0.09374327,0.024501082
1451928750408,-0.04580637,-0.0777643,0.023435818
1451928750409,-0.04580637,-0.066046394,0.020240024
1451928750411,-0.0479369,-0.056459017,0.017044231
1451928750417,-0.05219796,-0.046871636,0.013848438
1451928750427,-0.058589544,-0.043675844,0.011717909
1451928750427,-0.06391586,-0.041545313,0.008522116
1451928750435,-0.066046394,-0.041545313,0.008522116
1451928750441,-0.066046394,-0.041545313,0.008522116
1451928750442,-0.068176925,-0.040480047,0.0063915867
1451928750446,-0.070307456,-0.04261058,0.0031957934
1451928750460,-0.068176925,-0.04474111,0.0010652645
1451928750461,-0.06391586,-0.046871636,0.002130529
1451928750461,-0.05752428,-0.046871636,0.0031957934
1451928750465,-0.0479369,-0.046871636,0.0031957934
1451928750470,-0.034088463,-0.04474111,0.0
1451928750475,-0.018109497,-0.040480047,-0.0010652645
1451928750480,0.0010652645,-0.027696876,-0.0053263223
1451928750484,0.014913702,-0.015978966,-0.008522116
1451928750489,0.024501082,-0.004261058,-0.00958738
1451928750495,0.029827405,0.002130529,-0.013848438
1451928750500,0.026631612,0.0063915867,-0.020240024
1451928750505,0.017044231,0.008522116,-0.026631612
1451928750509,0.0,0.0127831735,-0.02876214
1451928750514,-0.020240024,0.0127831735,-0.034088463
1451928750519,-0.039414786,0.0127831735,-0.03195793
1451928750529,-0.054328486,0.010652645,-0.02876214
1451928750536,-0.066046394,0.007456851,-0.027696876
1451928750536,-0.07350325,0.002130529,-0.026631612
1451928750540,-0.07563378,-0.007456851,-0.026631612
1451928750545,-0.07669904,-0.018109497,-0.029827405
1451928750550,-0.07669904,-0.025566347,-0.033023197
1451928750555,-0.07669904,-0.029827405,-0.036218993
1451928750560,-0.07563378,-0.02876214,-0.036218993
1451928750564,-0.07137272,-0.022370555,-0.034088463
1451928750571,-0.066046394,-0.017044231,-0.03089267
1451928750574,-0.05752428,-0.0127831735,-0.027696876
1451928750580,-0.05006743,-0.0063915867,-0.025566347
1451928750585,-0.040480047,0.0010652645,-0.02130529
1451928750591,-0.03195793,0.007456851,-0.014913702
1451928750594,-0.025566347,0.015978966,-0.008522116
1451928750599,-0.017044231,0.025566347,-0.0063915867
1451928750604,-0.010652645,0.035153728,-0.0010652645
1451928750613,-0.004261058,0.04261058,0.0010652645
1451928750614,0.0,0.049002163,0.002130529
1451928750619,0.0031957934,0.05219796,0.004261058
1451928750625,0.004261058,0.049002163,0.0031957934
1451928750628,0.0063915867,0.046871636,0.0031957934
1451928750634,0.004261058,0.040480047,0.0010652645
1451928750639,-0.0010652645,0.029827405,-0.002130529
1451928750644,-0.004261058,0.01917476,-0.0053263223
1451928750650,-0.0063915867,0.00958738,-0.004261058
1451928750653,-0.0053263223,0.0,0.0031957934
1451928750659,-0.0010652645,0.0,0.011717909
1451928750664,0.008522116,0.0063915867,0.015978966
1451928750668,0.023435818,0.01917476,0.018109497
1451928750674,0.03834952,0.03195793,0.01917476
1451928750679,0.049002163,0.04261058,0.020240024
1451928750683,0.05752428,0.046871636,0.022370555
1451928750688,0.06391586,0.037284255,0.024501082
1451928750693,0.070307456,0.014913702,0.024501082
1451928750698,0.07243799,-0.0053263223,0.024501082
1451928750703,0.070307456,-0.022370555,0.022370555
1451928750709,0.06178534,-0.035153728,0.018109497
1451928750712,0.051132694,-0.0479369,0.010652645
1451928750718,0.039414786,-0.06711166,0.0063915867
1451928750723,0.024501082,-0.08841695,0.002130529
1451928750728,0.00958738,-0.10652645,-0.007456851
1451928750733,-0.0031957934,-0.11930962,-0.017044231
1451928750738,-0.013848438,-0.12357068,-0.025566347
1451928750742,-0.023435818,-0.11824436,-0.034088463
1451928750749,-0.029827405,-0.10546118,-0.040480047
1451928750752,-0.03195793,-0.08735169,-0.04580637
1451928750758,-0.03089267,-0.068176925,-0.0479369
1451928750762,-0.029827405,-0.051132694,-0.049002163
1451928750767,-0.025566347,-0.029827405,-0.05006743
1451928750772,-0.01917476,-0.008522116,-0.046871636
1451928750778,-0.0127831735,0.017044231,-0.04474111
1451928750782,-0.0063915867,0.036218993,-0.039414786
1451928750789,0.002130529,0.051132694,-0.033023197
1451928750791,0.010652645,0.058589544,-0.026631612
1451928750797,0.01917476,0.0628506,-0.02130529
1451928750802,0.02876214,0.06178534,-0.017044231
1451928750807,0.035153728,0.0628506,-0.014913702
1451928750812,0.040480047,0.06391586,-0.014913702
1451928750817,0.04580637,0.0628506,-0.017044231
1451928750822,0.04580637,0.05752428,-0.02130529
1451928750826,0.04261058,0.05219796,-0.025566347
1451928750832,0.033023197,0.051132694,-0.037284255
1451928750837,0.01917476,0.054328486,-0.04580637
1451928750841,0.002130529,0.054328486,-0.051132694
1451928750848,-0.010652645,0.04580637,-0.05219796
1451928750851,-0.017044231,0.03089267,-0.046871636
1451928750857,-0.014913702,0.010652645,-0.043675844
1451928750861,-0.0063915867,-0.010652645,-0.039414786
1451928750868,0.004261058,-0.029827405,-0.036218993
1451928750870,0.01917476,-0.04580637,-0.03834952
1451928750876,0.034088463,-0.056459017,-0.03834952
1451928750881,0.04474111,-0.058589544,-0.03834952
1451928750886,0.05219796,-0.05752428,-0.037284255
1451928750891,0.056459017,-0.05539375,-0.037284255
1451928750896,0.053263225,-0.051132694,-0.036218993
1451928750901,0.04580637,-0.043675844,-0.036218993
1451928750906,0.034088463,-0.03195793,-0.03834952
1451928750911,0.02130529,-0.018109497,-0.039414786
1451928750919,0.0127831735,-0.0031957934,-0.03834952
1451928750920,0.004261058,0.010652645,-0.039414786
1451928750928,0.0010652645,0.018109497,-0.040480047
1451928750930,0.0,0.025566347,-0.040480047
1451928750938,0.0,0.027696876,-0.03834952
1451928750940,0.004261058,0.029827405,-0.03834952
1451928750945,0.008522116,0.026631612,-0.037284255
1451928750949,0.014913702,0.020240024,-0.03195793
1451928750956,0.01917476,0.010652645,-0.03195793
1451928750960,0.022370555,-0.002130529,-0.029827405
1451928750964,0.02130529,-0.014913702,-0.02876214
1451928750969,0.01917476,-0.022370555,-0.024501082
1451928750975,0.015978966,-0.026631612,-0.020240024
1451928750979,0.013848438,-0.02876214,-0.017044231
1451928750985,0.007456851,-0.03195793,-0.01917476
1451928750989,-0.0010652645,-0.036218993,-0.017044231
1451928750995,-0.007456851,-0.04580637,-0.015978966
1451928750999,-0.014913702,-0.05006743,-0.014913702
1451928751004,-0.01917476,-0.054328486,-0.014913702
1451928751009,-0.023435818,-0.05539375,-0.013848438
1451928751015,-0.025566347,-0.056459017,-0.014913702
1451928751019,-0.025566347,-0.058589544,-0.013848438
1451928751024,-0.023435818,-0.066046394,-0.018109497
1451928751030,-0.01917476,-0.070307456,-0.020240024
1451928751034,-0.015978966,-0.07456851,-0.022370555
1451928751038,-0.011717909,-0.07669904,-0.023435818
1451928751044,-0.007456851,-0.07456851,-0.023435818
1451928751050,-0.004261058,-0.068176925,-0.02130529
1451928751054,0.0,-0.05752428,-0.01917476
1451928751058,0.0063915867,-0.046871636,-0.017044231
1451928751064,0.017044231,-0.035153728,-0.015978966
1451928751072,0.026631612,-0.025566347,-0.013848438
1451928751073,0.036218993,-0.01917476,-0.011717909
1451928751079,0.041545313,-0.018109497,-0.010652645
1451928751084,0.0479369,-0.01917476,-0.00958738
1451928751089,0.05006743,-0.023435818,-0.00958738
1451928751095,0.05006743,-0.029827405,-0.010652645
1451928751099,0.0479369,-0.034088463,-0.011717909
1451928751104,0.043675844,-0.037284255,-0.0127831735
1451928751110,0.039414786,-0.033023197,-0.013848438
1451928751119,0.03834952,-0.022370555,-0.018109497
1451928751120,0.043675844,-0.010652645,-0.020240024
1451928751124,0.049002163,0.00958738,-0.025566347
1451928751130,0.05965481,0.034088463,-0.033023197
1451928751133,0.07563378,0.06391586,-0.03834952
1451928751138,0.0958738,0.099069595,-0.046871636
1451928751146,0.113983296,0.13528858,-0.056459017
1451928751148,0.12676647,0.16937704,-0.066046394
1451928751154,0.13315806,0.1949434,-0.07882957
1451928751158,0.12996227,0.20772657,-0.08841695
1451928751163,0.12250541,0.21411815,-0.098004326
1451928751168,0.10546118,0.20985709,-0.10546118
1451928751173,0.083090626,0.19600865,-0.11504856
1451928751179,0.053263225,0.17150758,-0.12463594
1451928751184,0.01917476,0.13954964,-0.13528858
1451928751187,-0.017044231,0.101200126,-0.1438107
1451928751197,-0.05006743,0.060720075,-0.15126756
1451928751197,-0.07669904,0.022370555,-0.15659387
1451928751207,-0.09374327,-0.007456851,-0.16298546
1451928751207,-0.10333065,-0.033023197,-0.16937704
1451928751213,-0.10546118,-0.05006743,-0.17150758
1451928751217,-0.10013486,-0.060720075,-0.17470337
1451928751222,-0.08948222,-0.0628506,-0.17576863
1451928751228,-0.07989483,-0.058589544,-0.16937704
1451928751232,-0.06924219,-0.039414786,-0.16298546
1451928751237,-0.054328486,-0.015978966,-0.15126756
1451928751242,-0.040480047,0.0053263223,-0.13209279
1451928751246,-0.027696876,0.023435818,-0.10865697
1451928751252,-0.017044231,0.039414786,-0.084155895
1451928751257,-0.011717909,0.05752428,-0.06178534
1451928751261,-0.0063915867,0.070307456,-0.03834952
1451928751268,-0.007456851,0.07563378,-0.017044231
1451928751271,-0.0063915867,0.07669904,0.0031957934
1451928751276,-0.008522116,0.07350325,0.024501082
1451928751281,-0.00958738,0.066046394,0.04261058
1451928751287,-0.010652645,0.051132694,0.056459017
1451928751292,-0.011717909,0.036218993,0.0628506
1451928751297,-0.008522116,0.017044231,0.06924219
1451928751301,-0.004261058,-0.0010652645,0.07137272
1451928751306,-0.004261058,-0.01917476,0.07350325
1451928751311,-0.0010652645,-0.036218993,0.07456851
1451928751316,0.0031957934,-0.051132694,0.07669904
1451928751321,0.0031957934,-0.051132694,0.07669904
1451928751326,0.0053263223,-0.06178534,0.0777643
1451928751332,0.007456851,-0.06711166,0.07989483
1451928751334,0.00958738,-0.07137272,0.080960095
1451928751340,0.007456851,-0.07137272,0.080960095
1451928751346,0.0053263223,-0.068176925,0.07989483
1451928751351,0.0010652645,-0.06391586,0.07456851
1451928751356,-0.0031957934,-0.058589544,0.068176925
1451928751360,-0.010652645,-0.053263225,0.06178534
1451928751365,-0.01917476,-0.049002163,0.054328486
1451928751370,-0.02876214,-0.043675844,0.0479369
1451928751375,-0.036218993,-0.03834952,0.040480047
1451928751380,-0.04261058,-0.034088463,0.034088463
1451928751385,-0.04580637,-0.03195793,0.029827405
1451928751390,-0.04580637,-0.029827405,0.027696876
1451928751396,-0.04261058,-0.026631612,0.025566347
1451928751400,-0.033023197,-0.024501082,0.025566347
1451928751405,-0.02130529,-0.015978966,0.027696876
1451928751410,-0.010652645,-0.004261058,0.03195793
1451928751415,0.002130529,0.0063915867,0.036218993
1451928751421,0.011717909,0.013848438,0.040480047
1451928751425,0.017044231,0.020240024,0.043675844
1451928751430,0.018109497,0.020240024,0.049002163
1451928751436,0.014913702,0.022370555,0.054328486
1451928751439,0.0063915867,0.014913702,0.05965481
1451928751446,-0.0053263223,0.0063915867,0.060720075
1451928751453,-0.020240024,-0.0053263223,0.06391586
1451928751455,-0.034088463,-0.020240024,0.06498113
1451928751459,-0.04474111,-0.037284255,0.066046394
1451928751465,-0.05219796,-0.05219796,0.06711166
1451928751470,-0.054328486,-0.06391586,0.06711166
1451928751473,-0.051132694,-0.07350325,0.068176925
1451928751478,-0.04474111,-0.07882957,0.06924219
1451928751484,-0.036218993,-0.08522116,0.068176925
1451928751488,-0.024501082,-0.083090626,0.068176925
1451928751494,-0.0127831735,-0.07989483,0.068176925
1451928751498,-0.004261058,-0.07350325,0.06924219
1451928751503,0.0010652645,-0.06498113,0.06924219
1451928751508,0.004261058,-0.05219796,0.07243799
1451928751513,0.004261058,-0.039414786,0.07563378
1451928751518,0.002130529,-0.026631612,0.07563378
1451928751523,0.0,-0.014913702,0.07456851
1451928751529,-0.0031957934,-0.0063915867,0.07137272
1451928751533,-0.0053263223,-0.0010652645,0.070307456
1451928751538,-0.007456851,0.0031957934,0.07137272
1451928751543,-0.008522116,0.007456851,0.070307456
1451928751549,-0.007456851,0.011717909,0.07137272
1451928751553,-0.004261058,0.014913702,0.07350325
1451928751558,0.0,0.020240024,0.07669904
1451928751563,0.004261058,0.024501082,0.082025364
1451928751571,0.0053263223,0.026631612,0.08522116
1451928751572,0.007456851,0.02130529,0.08628642
1451928751578,0.008522116,0.015978966,0.084155895
1451928751585,0.007456851,0.007456851,0.080960095
1451928751588,0.004261058,-0.0010652645,0.0777643
1451928751593,-0.002130529,-0.008522116,0.07456851
1451928751599,-0.008522116,-0.013848438,0.07137272
1451928751603,-0.011717909,-0.020240024,0.070307456
1451928751613,-0.015978966,-0.027696876,0.066046394
1451928751614,-0.02130529,-0.037284255,0.060720075
1451928751619,-0.024501082,-0.043675844,0.05752428
1451928751624,-0.026631612,-0.04261058,0.05539375
1451928751629,-0.025566347,-0.036218993,0.058589544
1451928751634,-0.022370555,-0.026631612,0.06178534
1451928751638,-0.01917476,-0.02130529,0.06711166
1451928751644,-0.018109497,-0.018109497,0.07350325
1451928751653,-0.01917476,-0.018109497,0.07563378
1451928751654,-0.022370555,-0.018109497,0.07669904
1451928751659,-0.026631612,-0.020240024,0.07669904
1451928751663,-0.03195793,-0.025566347,0.07456851
1451928751668,-0.037284255,-0.03195793,0.07350325
1451928751673,-0.041545313,-0.04261058,0.07137272
1451928751678,-0.04580637,-0.05752428,0.06498113
1451928751683,-0.049002163,-0.070307456,0.05965481
1451928751688,-0.05219796,-0.07563378,0.054328486
1451928751693,-0.053263225,-0.0628506,0.04580637
1451928751698,-0.053263225,-0.04580637,0.037284255
1451928751703,-0.053263225,-0.03195793,0.035153728
1451928751708,-0.05006743,-0.022370555,0.037284255
1451928751712,-0.04580637,-0.01917476,0.041545313
1451928751717,-0.037284255,-0.014913702,0.04580637
1451928751722,-0.025566347,-0.00958738,0.0479369
1451928751728,-0.013848438,-0.0063915867,0.049002163
1451928751732,-0.0031957934,-0.0010652645,0.0479369
1451928751771,0.008522116,0.0031957934,0.049002163
1451928751771,0.035153728,0.0127831735,0.04580637
1451928751771,0.035153728,0.0127831735,0.04580637
1451928751771,0.035153728,0.0127831735,0.04580637
1451928751772,0.035153728,0.0127831735,0.04580637
1451928751772,0.041545313,0.018109497,0.041545313
1451928751772,0.040480047,0.024501082,0.037284255
1451928751772,0.036218993,0.03089267,0.03195793
1451928751773,0.029827405,0.03195793,0.02876214
1451928751785,0.02130529,0.029827405,0.024501082
1451928751785,0.011717909,0.025566347,0.01917476
1451928751785,0.0031957934,0.018109497,0.014913702
1451928751796,-0.0063915867,0.008522116,0.0127831735
1451928751796,-0.013848438,-0.0031957934,0.008522116
1451928751829,-0.017044231,-0.015978966,0.0031957934
1451928751831,-0.017044231,-0.03089267,0.002130529
1451928751831,-0.00958738,-0.046871636,0.0010652645
1451928751831,0.0,-0.05539375,-0.0010652645
1451928751831,0.011717909,-0.060720075,-0.0053263223
1451928751832,0.026631612,-0.05965481,-0.007456851
1451928751833,0.037284255,-0.05539375,-0.011717909
1451928751833,0.046871636,-0.05006743,-0.015978966
1451928751842,0.051132694,-0.04474111,-0.022370555
1451928751845,0.05006743,-0.035153728,-0.026631612
1451928751852,0.04580637,-0.025566347,-0.03195793
1451928751853,0.037284255,-0.0127831735,-0.037284255
1451928751858,0.027696876,-0.0010652645,-0.041545313
1451928751864,0.017044231,0.008522116,-0.04580637
1451928751868,0.008522116,0.014913702,-0.05219796
1451928751873,0.0,0.02130529,-0.056459017
1451928751878,-0.0053263223,0.025566347,-0.05965481
1451928751883,-0.008522116,0.033023197,-0.0628506
1451928751888,-0.00958738,0.041545313,-0.06391586
1451928751892,-0.00958738,0.043675844,-0.06391586
1451928751904,-0.0063915867,0.04580637,-0.0628506
1451928751905,-0.004261058,0.0479369,-0.066046394
1451928751909,-0.004261058,0.05006743,-0.06391586
1451928751914,-0.004261058,0.05752428,-0.068176925
1451928751921,-0.008522116,0.07137272,-0.07350325
1451928751924,-0.015978966,0.08522116,-0.07456851
1451928751929,-0.023435818,0.08628642,-0.07243799
1451928751935,-0.03089267,0.07882957,-0.06711166
1451928751960,-0.036218993,0.058589544,-0.05965481
1451928751969,-0.033023197,0.03834952,-0.05539375
1451928751970,-0.024501082,0.015978966,-0.05219796
1451928751971,-0.013848438,-0.002130529,-0.05219796
1451928751972,-0.002130529,-0.018109497,-0.051132694
1451928751973,0.011717909,-0.034088463,-0.05006743
1451928751974,0.024501082,-0.043675844,-0.049002163
1451928751974,0.03195793,-0.05006743,-0.04580637
1451928751977,0.035153728,-0.049002163,-0.040480047
1451928751982,0.034088463,-0.04580637,-0.03834952
1451928751987,0.027696876,-0.03834952,-0.035153728
1451928751992,0.01917476,-0.029827405,-0.035153728
1451928751998,0.010652645,-0.026631612,-0.037284255
1451928752002,0.0010652645,-0.026631612,-0.035153728
1451928752007,-0.008522116,-0.02876214,-0.036218993
1451928752011,-0.0127831735,-0.03195793,-0.035153728
1451928752016,-0.014913702,-0.036218993,-0.037284255
1451928752022,-0.011717909,-0.040480047,-0.039414786
1451928752027,-0.0053263223,-0.04474111,-0.04261058
1451928752032,0.0010652645,-0.049002163,-0.04580637
1451928752037,0.008522116,-0.04580637,-0.05006743
1451928752042,0.015978966,-0.040480047,-0.051132694
1451928752050,0.025566347,-0.029827405,-0.053263225
1451928752051,0.033023197,-0.017044231,-0.05539375
1451928752057,0.035153728,-0.002130529,-0.05539375
1451928752062,0.035153728,0.013848438,-0.05752428
1451928752067,0.026631612,0.024501082,-0.05965481
1451928752071,0.014913702,0.035153728,-0.06178534
1451928752077,0.0010652645,0.040480047,-0.066046394
1451928752086,-0.013848438,0.04261058,-0.068176925
1451928752087,-0.026631612,0.040480047,-0.070307456
1451928752091,-0.037284255,0.033023197,-0.070307456
1451928752096,-0.041545313,0.022370555,-0.070307456
1451928752101,-0.039414786,0.008522116,-0.070307456
1451928752106,-0.034088463,-0.002130529,-0.07137272
1451928752111,-0.024501082,-0.0127831735,-0.070307456
1451928752117,-0.011717909,-0.020240024,-0.06711166
1451928752121,0.0010652645,-0.025566347,-0.066046394
1451928752126,0.0127831735,-0.026631612,-0.0628506
1451928752133,0.022370555,-0.026631612,-0.06178534
1451928752135,0.026631612,-0.02876214,-0.06178534
1451928752141,0.023435818,-0.027696876,-0.0628506
1451928752146,0.013848438,-0.026631612,-0.068176925
1451928752150,0.0010652645,-0.024501082,-0.06924219
1451928752156,-0.0127831735,-0.01917476,-0.07243799
1451928752160,-0.029827405,-0.017044231,-0.07882957
1451928752167,-0.04474111,-0.013848438,-0.08522116
1451928752170,-0.05752428,-0.0127831735,-0.08948222
1451928752175,-0.068176925,-0.014913702,-0.09054748
1451928752181,-0.06924219,-0.022370555,-0.09267801
1451928752187,-0.066046394,-0.03089267,-0.09161274
1451928752190,-0.05752428,-0.03834952,-0.08735169
1451928752195,-0.04580637,-0.04580637,-0.083090626
1451928752200,-0.029827405,-0.049002163,-0.0777643
1451928752206,-0.013848438,-0.05006743,-0.07137272
1451928752210,0.004261058,-0.046871636,-0.06711166
1451928752217,0.004261058,-0.046871636,-0.06711166
1451928752219,0.022370555,-0.039414786,-0.05965481
1451928752225,0.036218993,-0.02876214,-0.054328486
1451928752234,0.04474111,-0.015978966,-0.05006743
1451928752234,0.051132694,-0.0063915867,-0.043675844
1451928752239,0.053263225,0.0063915867,-0.040480047
1451928752245,0.05006743,0.014913702,-0.039414786
1451928752250,0.041545313,0.018109497,-0.04261058
1451928752255,0.029827405,0.018109497,-0.04261058
1451928752259,0.020240024,0.017044231,-0.04474111
1451928752264,0.00958738,0.013848438,-0.0479369
1451928752269,0.0,0.0063915867,-0.05006743
1451928752274,-0.0053263223,-0.002130529,-0.054328486
1451928752283,-0.008522116,-0.015978966,-0.056459017
1451928752283,-0.011717909,-0.03089267,-0.060720075
1451928752289,-0.008522116,-0.04580637,-0.06498113
1451928752294,-0.0031957934,-0.05539375,-0.066046394
1451928752300,0.004261058,-0.0628506,-0.06924219
1451928752304,0.0127831735,-0.06498113,-0.07137272
1451928752309,0.02130529,-0.06178534,-0.07137272
1451928752316,0.029827405,-0.049002163,-0.06924219
1451928752318,0.035153728,-0.034088463,-0.068176925
1451928752324,0.037284255,-0.018109497,-0.06924219
1451928752338,0.037284255,0.0,-0.06924219
1451928752339,0.035153728,0.014913702,-0.070307456
1451928752339,0.027696876,0.024501082,-0.070307456
1451928752352,0.017044231,0.027696876,-0.07137272
1451928752353,0.004261058,0.023435818,-0.07456851
1451928752354,-0.00958738,0.015978966,-0.07669904
1451928752360,-0.022370555,0.004261058,-0.07669904
1451928752364,-0.03195793,-0.00958738,-0.07882957
1451928752367,-0.040480047,-0.027696876,-0.07989483
1451928752372,-0.04580637,-0.049002163,-0.07989483
1451928752377,-0.049002163,-0.066046394,-0.07989483
1451928752384,-0.049002163,-0.07882957,-0.07882957
1451928752387,-0.04580637,-0.082025364,-0.07669904
1451928752393,-0.040480047,-0.080960095,-0.07350325
1451928752398,-0.035153728,-0.07350325,-0.06924219
1451928752403,-0.033023197,-0.06391586,-0.0628506
1451928752407,-0.029827405,-0.05539375,-0.056459017
1451928752412,-0.026631612,-0.04474111,-0.05006743
1451928752417,-0.025566347,-0.033023197,-0.04580637
1451928752422,-0.023435818,-0.02130529,-0.037284255
1451928752428,-0.01917476,-0.00958738,-0.02876214
1451928752439,-0.014913702,0.002130529,-0.020240024
1451928752440,-0.00958738,0.008522116,-0.013848438
1451928752443,-0.004261058,0.011717909,-0.010652645
1451928752448,0.0010652645,0.014913702,-0.0063915867
1451928752452,0.002130529,0.014913702,-0.0063915867
1451928752457,0.0053263223,0.0127831735,-0.0053263223
1451928752462,0.0063915867,0.008522116,-0.0010652645
1451928752466,0.0053263223,0.004261058,0.0
1451928752472,0.004261058,0.0010652645,-0.0010652645
1451928752476,0.0010652645,-0.0053263223,0.0
1451928752482,-0.0031957934,-0.00958738,0.0010652645
1451928752486,-0.007456851,-0.0127831735,-0.0010652645
1451928752491,-0.010652645,-0.020240024,-0.002130529
1451928752498,-0.0127831735,-0.026631612,-0.002130529
1451928752503,-0.015978966,-0.03195793,-0.0063915867
1451928752508,-0.020240024,-0.037284255,-0.007456851
1451928752512,-0.01917476,-0.03834952,-0.010652645
1451928752519,-0.018109497,-0.04261058,-0.014913702
1451928752523,-0.018109497,-0.04474111,-0.01917476
1451928752527,-0.022370555,-0.0479369,-0.023435818
1451928752533,-0.027696876,-0.053263225,-0.027696876
1451928752538,-0.033023197,-0.05752428,-0.03089267
1451928752542,-0.03834952,-0.05752428,-0.03089267
1451928752548,-0.04261058,-0.05539375,-0.03195793
1451928752552,-0.04474111,-0.046871636,-0.029827405
1451928752557,-0.04474111,-0.035153728,-0.025566347
1451928752568,-0.03834952,-0.022370555,-0.02130529
1451928752569,-0.029827405,-0.007456851,-0.015978966
1451928752572,-0.01917476,0.0053263223,-0.0127831735
1451928752576,-0.007456851,0.0127831735,-0.008522116
1451928752582,0.002130529,0.01917476,-0.0053263223
1451928752587,0.008522116,0.01917476,0.0
1451928752591,0.0127831735,0.018109497,0.002130529
1451928752597,0.015978966,0.014913702,0.0053263223
1451928752602,0.017044231,0.008522116,0.007456851
1451928752607,0.017044231,0.0010652645,0.007456851
1451928752611,0.017044231,-0.008522116,0.00958738
1451928752617,0.018109497,-0.018109497,0.008522116
1451928752622,0.01917476,-0.023435818,0.0063915867
1451928752627,0.022370555,-0.025566347,0.004261058
1451928752632,0.025566347,-0.020240024,0.002130529
1451928752637,0.03089267,-0.011717909,0.0010652645
1451928752641,0.035153728,0.002130529,-0.0031957934
1451928752647,0.03089267,0.010652645,-0.0053263223
1451928752651,0.025566347,0.01917476,-0.010652645
1451928752656,0.014913702,0.023435818,-0.017044231
1451928752661,0.002130529,0.018109497,-0.02130529
1451928752667,-0.014913702,0.011717909,-0.025566347
1451928752671,-0.033023197,-0.0010652645,-0.027696876
1451928752676,-0.051132694,-0.014913702,-0.02876214
1451928752682,-0.06391586,-0.03089267,-0.027696876
1451928752686,-0.07137272,-0.046871636,-0.025566347
1451928752691,-0.070307456,-0.06178534,-0.02130529
1451928752695,-0.060720075,-0.07456851,-0.014913702
1451928752701,-0.04474111,-0.07989483,-0.008522116
1451928752706,-0.023435818,-0.07882957,-0.002130529
1451928752711,-0.0010652645,-0.07456851,0.004261058
1451928752717,0.02130529,-0.0628506,0.0127831735
1451928752720,0.03834952,-0.0479369,0.017044231
1451928752727,0.0479369,-0.033023197,0.023435818
1451928752730,0.046871636,-0.017044231,0.029827405
1451928752735,0.041545313,-0.0031957934,0.037284255
1451928752740,0.029827405,0.0063915867,0.04474111
1451928752745,0.014913702,0.015978966,0.0479369
1451928752750,0.002130529,0.020240024,0.05006743
1451928752755,-0.010652645,0.01917476,0.0479369
1451928752760,-0.022370555,0.0127831735,0.04474111
1451928752765,-0.029827405,0.0010652645,0.040480047
1451928752769,-0.033023197,-0.010652645,0.035153728
1451928752777,-0.03195793,-0.026631612,0.033023197
1451928752779,-0.026631612,-0.04261058,0.027696876
1451928752785,-0.02130529,-0.05539375,0.024501082
1451928752789,-0.017044231,-0.066046394,0.022370555
1451928752795,-0.010652645,-0.07137272,0.022370555
1451928752799,-0.0053263223,-0.07456851,0.022370555
1451928752804,0.0010652645,-0.07563378,0.024501082
1451928752809,0.007456851,-0.070307456,0.02876214
1451928752814,0.014913702,-0.05965481,0.03195793
1451928752820,0.01917476,-0.04474111,0.034088463
1451928752824,0.024501082,-0.027696876,0.035153728
1451928752830,0.026631612,-0.010652645,0.034088463
1451928752834,0.026631612,0.0031957934,0.03195793
1451928752840,0.024501082,0.017044231,0.02876214
1451928752844,0.023435818,0.026631612,0.025566347
1451928752850,0.01917476,0.03089267,0.025566347
1451928752854,0.014913702,0.03089267,0.023435818
1451928752863,0.010652645,0.027696876,0.023435818
1451928752864,0.007456851,0.015978966,0.024501082
1451928752868,0.0063915867,0.0031957934,0.026631612
1451928752874,0.0063915867,-0.011717909,0.024501082
1451928752878,0.0053263223,-0.027696876,0.023435818
1451928752883,0.007456851,-0.043675844,0.022370555
1451928752889,0.008522116,-0.05752428,0.024501082
1451928752895,0.013848438,-0.06498113,0.026631612
1451928752898,0.020240024,-0.06711166,0.03089267
1451928752905,0.026631612,-0.06391586,0.033023197
1451928752908,0.03089267,-0.05965481,0.035153728
1451928752913,0.035153728,-0.051132694,0.03834952
1451928752918,0.03834952,-0.03834952,0.039414786
1451928752923,0.03834952,-0.02130529,0.039414786
1451928752929,0.034088463,-0.0063915867,0.041545313
1451928752939,0.03089267,0.007456851,0.04474111
1451928752942,0.025566347,0.015978966,0.046871636
1451928752943,0.02130529,0.022370555,0.05006743
1451928752948,0.01917476,0.026631612,0.051132694
1451928752955,0.01917476,0.02876214,0.053263225
1451928752956,0.018109497,0.023435818,0.054328486
1451928752972,0.017044231,0.017044231,0.056459017
1451928752974,0.018109497,0.004261058,0.058589544
1451928752975,0.018109497,-0.010652645,0.05752428
1451928752977,0.018109497,-0.023435818,0.056459017
1451928752981,0.017044231,-0.035153728,0.05539375
1451928752986,0.018109497,-0.043675844,0.054328486
1451928752991,0.01917476,-0.0479369,0.054328486
1451928752996,0.018109497,-0.05006743,0.05006743
1451928753001,0.017044231,-0.054328486,0.04580637
1451928753006,0.0127831735,-0.05219796,0.04261058
1451928753011,0.007456851,-0.04580637,0.039414786
1451928753017,0.0,-0.039414786,0.034088463
1451928753022,-0.007456851,-0.034088463,0.033023197
1451928753031,-0.0127831735,-0.026631612,0.029827405
1451928753032,-0.017044231,-0.02130529,0.024501082
1451928753038,-0.022370555,-0.015978966,0.020240024
1451928753042,-0.026631612,-0.014913702,0.017044231
1451928753048,-0.029827405,-0.018109497,0.0127831735
1451928753051,-0.029827405,-0.02130529,0.011717909
1451928753058,-0.03195793,-0.025566347,0.008522116
1451928753061,-0.029827405,-0.03195793,0.007456851
1451928753068,-0.02876214,-0.034088463,0.00958738
1451928753072,-0.024501082,-0.034088463,0.014913702
1451928753079,-0.020240024,-0.029827405,0.014913702
1451928753080,-0.017044231,-0.023435818,0.017044231
1451928753086,-0.013848438,-0.015978966,0.017044231
1451928753091,-0.011717909,-0.0063915867,0.020240024
1451928753097,-0.0127831735,0.002130529,0.020240024
1451928753100,-0.015978966,0.0053263223,0.01917476
1451928753108,-0.02130529,0.0031957934,0.020240024
1451928753110,-0.02876214,-0.002130529,0.018109497
1451928753116,-0.037284255,-0.010652645,0.013848438
1451928753121,-0.037284255,-0.010652645,0.013848438
1451928753126,-0.0479369,-0.023435818,0.010652645
1451928753130,-0.05539375,-0.037284255,0.0063915867
1451928753138,-0.06498113,-0.05752428,0.004261058
1451928753139,-0.068176925,-0.07882957,0.004261058
1451928753148,-0.06711166,-0.0958738,0.0031957934
1451928753149,-0.05965481,-0.10759171,0.0063915867
1451928753158,-0.051132694,-0.111852765,0.010652645
1451928753158,-0.035153728,-0.10439592,0.017044231
1451928753165,-0.015978966,-0.09054748,0.022370555
1451928753170,0.0010652645,-0.07456851,0.02876214
1451928753176,0.011717909,-0.056459017,0.035153728
1451928753179,0.015978966,-0.039414786,0.03834952
1451928753185,0.0127831735,-0.029827405,0.040480047
1451928753191,0.0,-0.02876214,0.040480047
1451928753195,-0.020240024,-0.033023197,0.04261058
1451928753201,-0.040480047,-0.041545313,0.04580637
1451928753204,-0.05965481,-0.05752428,0.049002163
1451928753209,-0.070307456,-0.07563378,0.05219796
1451928753215,-0.07456851,-0.0958738,0.054328486
1451928753219,-0.07456851,-0.11504856,0.05539375
1451928753224,-0.06391586,-0.12783173,0.058589544
1451928753229,-0.05006743,-0.13848437,0.06178534
1451928753236,-0.024501082,-0.13954964,0.06178534
1451928753238,0.0,-0.14168017,0.060720075
1451928753245,0.015978966,-0.14487597,0.05752428
1451928753253,0.018109497,-0.15126756,0.05539375
1451928753254,0.013848438,-0.1587244,0.053263225
1451928753259,0.004261058,-0.16298546,0.053263225
1451928753265,-0.008522116,-0.16085494,0.056459017
1451928753269,-0.015978966,-0.15126756,0.05965481
1451928753278,-0.017044231,-0.14061491,0.0628506
1451928753279,-0.010652645,-0.1257012,0.06391586
1451928753284,-0.0010652645,-0.111852765,0.05752428
1451928753290,0.013848438,-0.10652645,0.046871636
1451928753294,0.025566347,-0.10865697,0.034088463
1451928753299,0.034088463,-0.112918034,0.020240024
1451928753304,0.035153728,-0.112918034,0.0063915867
1451928753310,0.034088463,-0.10972224,-0.0053263223
1451928753313,0.026631612,-0.101200126,-0.0127831735
1451928753321,0.017044231,-0.09161274,-0.017044231
1451928753322,0.008522116,-0.08522116,-0.02130529
1451928753328,0.0031957934,-0.08735169,-0.02876214
1451928753334,-0.0010652645,-0.09054748,-0.040480047
1451928753338,-0.007456851,-0.09054748,-0.053263225
1451928753343,-0.010652645,-0.084155895,-0.070307456
1451928753348,-0.0127831735,-0.066046394,-0.08522116
1451928753354,-0.0127831735,-0.04580637,-0.099069595
1451928753358,-0.0127831735,-0.026631612,-0.1107875
1451928753363,-0.014913702,-0.0053263223,-0.12037488
1451928753368,-0.017044231,0.014913702,-0.12676647
1451928753372,-0.020240024,0.033023197,-0.13422333
1451928753377,-0.022370555,0.049002163,-0.13635385
1451928753382,-0.024501082,0.06178534,-0.13635385
1451928753387,-0.027696876,0.06924219,-0.13422333
1451928753392,-0.03195793,0.07243799,-0.13102753
1451928753396,-0.033023197,0.07137272,-0.12783173
1451928753401,-0.033023197,0.06711166,-0.12250541
1451928753406,-0.035153728,0.06391586,-0.11824436
1451928753411,-0.034088463,0.060720075,-0.112918034
1451928753416,-0.03195793,0.05752428,-0.10439592
1451928753421,-0.02876214,0.05965481,-0.096939065
1451928753432,-0.025566347,0.05752428,-0.08735169
1451928753433,-0.018109497,0.054328486,-0.0777643
1451928753437,-0.010652645,0.054328486,-0.070307456
1451928753441,-0.0031957934,0.05219796,-0.0628506
1451928753448,0.002130529,0.046871636,-0.053263225
1451928753450,0.004261058,0.040480047,-0.04580637
1451928753455,0.0053263223,0.03089267,-0.037284255
1451928753460,0.0053263223,0.02130529,-0.03195793
1451928753465,0.0031957934,0.008522116,-0.025566347
1451928753470,-0.0010652645,0.002130529,-0.020240024
1451928753475,-0.0053263223,-0.008522116,-0.011717909
1451928753480,-0.008522116,-0.02130529,-0.0053263223
1451928753486,-0.008522116,-0.033023197,0.0010652645
1451928753490,-0.007456851,-0.041545313,0.004261058
1451928753495,-0.004261058,-0.04261058,0.00958738
1451928753500,0.002130529,-0.04474111,0.0127831735
1451928753505,0.010652645,-0.040480047,0.013848438
1451928753510,0.020240024,-0.034088463,0.013848438
1451928753515,0.027696876,-0.02876214,0.011717909
1451928753519,0.034088463,-0.02130529,0.007456851
1451928753525,0.036218993,-0.013848438,0.0031957934
1451928753530,0.039414786,-0.004261058,0.0
1451928753537,0.03834952,0.0,-0.007456851
1451928753539,0.037284255,0.0031957934,-0.013848438
1451928753545,0.033023197,0.007456851,-0.015978966
1451928753550,0.026631612,0.011717909,-0.020240024
1451928753555,0.02130529,0.015978966,-0.02130529
1451928753561,0.0127831735,0.014913702,-0.022370555
1451928753564,0.007456851,0.0127831735,-0.025566347
1451928753570,0.0031957934,0.008522116,-0.024501082
1451928753574,0.0,0.004261058,-0.025566347
1451928753581,-0.0031957934,0.0,-0.025566347
1451928753585,-0.0031957934,-0.004261058,-0.026631612
1451928753590,-0.002130529,-0.013848438,-0.02876214
1451928753594,0.0010652645,-0.020240024,-0.024501082
1451928753604,0.0063915867,-0.02130529,-0.024501082
1451928753604,0.013848438,-0.020240024,-0.023435818
1451928753609,0.02130529,-0.015978966,-0.022370555
1451928753615,0.02876214,-0.0127831735,-0.020240024
1451928753619,0.036218993,-0.011717909,-0.023435818
1451928753624,0.040480047,-0.008522116,-0.023435818
1451928753629,0.039414786,-0.0063915867,-0.026631612
1451928753636,0.036218993,-0.004261058,-0.026631612
1451928753639,0.03195793,-0.0010652645,-0.02876214
1451928753644,0.02876214,0.004261058,-0.02876214
1451928753651,0.025566347,0.0127831735,-0.02876214
1451928753654,0.024501082,0.017044231,-0.03089267
1451928753659,0.02130529,0.02130529,-0.03195793
1451928753664,0.017044231,0.022370555,-0.035153728
1451928753670,0.014913702,0.026631612,-0.03834952
1451928753674,0.013848438,0.029827405,-0.04261058
1451928753679,0.0127831735,0.033023197,-0.04474111
1451928753685,0.010652645,0.03195793,-0.04474111
1451928753690,0.008522116,0.029827405,-0.043675844
1451928753694,0.0053263223,0.022370555,-0.043675844
1451928753699,-0.0010652645,0.011717909,-0.04261058
1451928753704,-0.007456851,0.0010652645,-0.04580637
1451928753709,-0.015978966,-0.011717909,-0.046871636
1451928753714,-0.024501082,-0.020240024,-0.049002163
1451928753719,-0.029827405,-0.023435818,-0.05006743
1451928753725,-0.03195793,-0.025566347,-0.05006743
1451928753729,-0.033023197,-0.026631612,-0.049002163
1451928753736,-0.029827405,-0.024501082,-0.0479369
1451928753737,-0.022370555,-0.022370555,-0.046871636
1451928753744,-0.0127831735,-0.018109497,-0.043675844
1451928753749,-0.004261058,-0.00958738,-0.039414786
1451928753753,0.0063915867,-0.002130529,-0.036218993
1451928753758,0.014913702,0.007456851,-0.03195793
1451928753787,0.01917476,0.018109497,-0.026631612
1451928753787,0.023435818,0.025566347,-0.02130529
1451928753787,0.022370555,0.035153728,-0.0127831735
1451928753787,0.022370555,0.039414786,-0.007456851
1451928753788,0.02130529,0.043675844,-0.004261058
1451928753788,0.020240024,0.043675844,-0.0010652645
1451928753797,0.017044231,0.04261058,0.0010652645
1451928753797,0.0127831735,0.041545313,-0.0010652645
1451928753809,0.011717909,0.03834952,-0.0010652645
1451928753810,0.00958738,0.036218993,-0.002130529
1451928753810,0.007456851,0.029827405,-0.004261058
1451928753841,0.008522116,0.020240024,-0.00958738
1451928753842,0.010652645,0.011717909,-0.011717909
1451928753842,0.011717909,0.002130529,-0.014913702
1451928753842,0.00958738,-0.00958738,-0.022370555
1451928753842,0.0063915867,-0.01917476,-0.02876214
1451928753842,0.002130529,-0.025566347,-0.033023197
1451928753845,-0.004261058,-0.02876214,-0.036218993
1451928753850,-0.008522116,-0.033023197,-0.03834952
1451928753855,-0.013848438,-0.036218993,-0.039414786
1451928753860,-0.017044231,-0.037284255,-0.03834952
1451928753865,-0.01917476,-0.035153728,-0.039414786
1451928753869,-0.020240024,-0.02876214,-0.03834952
1451928753875,-0.018109497,-0.02130529,-0.03834952
1451928753880,-0.013848438,-0.011717909,-0.03834952
1451928753885,-0.011717909,-0.0010652645,-0.040480047
1451928753890,-0.00958738,0.007456851,-0.041545313
1451928753895,-0.0053263223,0.0127831735,-0.043675844
1451928753900,-0.002130529,0.018109497,-0.0479369
1451928753905,0.0031957934,0.022370555,-0.05006743
1451928753910,0.0053263223,0.024501082,-0.051132694
1451928753915,0.008522116,0.024501082,-0.051132694
1451928753920,0.00958738,0.022370555,-0.049002163
1451928753925,0.011717909,0.018109497,-0.04580637
1451928753930,0.0127831735,0.011717909,-0.04261058
1451928753935,0.0127831735,0.0063915867,-0.03834952
1451928753940,0.017044231,0.0,-0.034088463
1451928753953,0.018109497,-0.007456851,-0.029827405
1451928753954,0.023435818,-0.0127831735,-0.027696876
1451928753954,0.025566347,-0.015978966,-0.027696876
1451928753961,0.026631612,-0.015978966,-0.027696876
1451928753964,0.026631612,-0.015978966,-0.03089267
1451928753969,0.025566347,-0.014913702,-0.035153728
1451928753974,0.022370555,-0.011717909,-0.037284255
1451928753979,0.017044231,-0.007456851,-0.043675844
1451928753985,0.010652645,-0.004261058,-0.04474111
1451928753989,0.004261058,-0.0031957934,-0.046871636
1451928753994,-0.0031957934,0.002130529,-0.04474111
1451928753999,-0.008522116,0.0010652645,-0.046871636
1451928754004,-0.010652645,0.0010652645,-0.043675844
1451928754009,-0.00958738,0.002130529,-0.040480047
1451928754014,-0.00958738,0.002130529,-0.040480047
1451928754019,-0.0063915867,0.002130529,-0.037284255
1451928754024,0.002130529,0.004261058,-0.036218993
1451928754029,0.010652645,0.007456851,-0.03195793
1451928754034,0.02130529,0.007456851,-0.03195793
1451928754041,0.029827405,0.004261058,-0.02876214
1451928754044,0.035153728,0.004261058,-0.029827405
1451928754048,0.036218993,0.0053263223,-0.033023197
1451928754054,0.034088463,0.008522116,-0.03834952
1451928754059,0.03089267,0.011717909,-0.040480047
1451928754064,0.024501082,0.010652645,-0.04261058
1451928754068,0.015978966,0.008522116,-0.04261058
1451928754072,0.0063915867,0.0053263223,-0.041545313
1451928754078,0.0,0.004261058,-0.039414786
1451928754083,-0.004261058,0.0031957934,-0.036218993
1451928754088,-0.0031957934,0.0031957934,-0.03089267
1451928754094,0.002130529,0.0053263223,-0.027696876
1451928754098,0.0063915867,0.007456851,-0.023435818
1451928754104,0.0127831735,0.00958738,-0.02130529
1451928754108,0.02130529,0.011717909,-0.022370555
1451928754114,0.027696876,0.017044231,-0.022370555
1451928754118,0.03089267,0.02130529,-0.020240024
1451928754124,0.034088463,0.023435818,-0.020240024
1451928754128,0.035153728,0.027696876,-0.02130529
1451928754133,0.03195793,0.027696876,-0.024501082
1451928754139,0.023435818,0.023435818,-0.02876214
1451928754143,0.013848438,0.017044231,-0.033023197
1451928754148,0.0031957934,0.010652645,-0.037284255
1451928754152,-0.0031957934,0.0063915867,-0.039414786
1451928754158,-0.010652645,0.002130529,-0.039414786
1451928754163,-0.011717909,0.0,-0.03834952
1451928754168,-0.00958738,-0.0063915867,-0.034088463
1451928754173,-0.0010652645,-0.00958738,-0.029827405
1451928754177,0.00958738,-0.010652645,-0.026631612
1451928754183,0.01917476,-0.010652645,-0.023435818
1451928754192,0.026631612,-0.010652645,-0.02130529
1451928754193,0.03195793,-0.00958738,-0.020240024
1451928754197,0.033023197,-0.00958738,-0.018109497
1451928754202,0.034088463,-0.0053263223,-0.018109497
1451928754208,0.02876214,-0.0053263223,-0.020240024
1451928754212,0.022370555,-0.0063915867,-0.024501082
1451928754217,0.011717909,-0.011717909,-0.03195793
1451928754223,0.0,-0.017044231,-0.03834952
1451928754226,-0.011717909,-0.023435818,-0.043675844
1451928754232,-0.022370555,-0.029827405,-0.051132694
1451928754246,-0.03089267,-0.036218993,-0.053263225
1451928754247,-0.033023197,-0.041545313,-0.05539375
1451928754248,-0.033023197,-0.04474111,-0.05752428
1451928754253,-0.03089267,-0.041545313,-0.05752428
1451928754258,-0.024501082,-0.036218993,-0.05752428
1451928754263,-0.014913702,-0.024501082,-0.056459017
1451928754267,-0.004261058,-0.008522116,-0.053263225
1451928754277,0.0053263223,0.004261058,-0.05219796
1451928754278,0.015978966,0.015978966,-0.05006743
1451928754283,0.022370555,0.025566347,-0.0479369
1451928754288,0.024501082,0.02876214,-0.0479369
1451928754293,0.025566347,0.03195793,-0.046871636
1451928754296,0.022370555,0.027696876,-0.046871636
1451928754303,0.014913702,0.023435818,-0.04580637
1451928754307,0.008522116,0.01917476,-0.04580637
1451928754312,0.0031957934,0.017044231,-0.04261058
1451928754317,0.0010652645,0.011717909,-0.041545313
1451928754322,0.002130529,0.0,-0.039414786
1451928754328,0.0031957934,-0.010652645,-0.037284255
1451928754331,0.004261058,-0.02130529,-0.033023197
1451928754337,0.0063915867,-0.03195793,-0.034088463
1451928754349,0.00958738,-0.037284255,-0.033023197
1451928754365,0.007456851,-0.040480047,-0.03195793
1451928754366,0.0063915867,-0.043675844,-0.033023197
1451928754367,0.0053263223,-0.04580637,-0.035153728
1451928754367,0.0031957934,-0.0479369,-0.034088463
1451928754376,0.0010652645,-0.046871636,-0.036218993
1451928754376,0.0,-0.04474111,-0.039414786
1451928754376,0.0,-0.037284255,-0.041545313
1451928754379,0.0,-0.02876214,-0.04580637
1451928754384,-0.0010652645,-0.018109497,-0.049002163
1451928754389,0.0010652645,-0.0063915867,-0.05219796
1451928754394,0.002130529,0.004261058,-0.054328486
1451928754399,0.002130529,0.010652645,-0.05539375
1451928754404,0.0,0.018109497,-0.056459017
1451928754409,-0.002130529,0.01917476,-0.05752428
1451928754414,-0.0053263223,0.017044231,-0.05752428
1451928754419,-0.0063915867,0.013848438,-0.05752428
1451928754424,-0.0063915867,0.004261058,-0.054328486
1451928754429,-0.007456851,-0.0053263223,-0.056459017
1451928754434,-0.007456851,-0.013848438,-0.05539375
1451928754439,-0.008522116,-0.027696876,-0.053263225
1451928754444,-0.007456851,-0.035153728,-0.051132694
1451928754448,-0.0031957934,-0.039414786,-0.049002163
1451928754459,0.0031957934,-0.037284255,-0.0479369
1451928754460,0.007456851,-0.036218993,-0.04580637
1451928754464,0.011717909,-0.03089267,-0.046871636
1451928754469,0.014913702,-0.027696876,-0.05006743
1451928754474,0.014913702,-0.023435818,-0.051132694
1451928754479,0.013848438,-0.013848438,-0.05006743
1451928754484,0.010652645,-0.0063915867,-0.0479369
1451928754488,0.0063915867,0.0010652645,-0.046871636
1451928754494,0.002130529,0.011717909,-0.043675844
1451928754498,-0.0010652645,0.015978966,-0.041545313
1451928754503,-0.002130529,0.018109497,-0.039414786
1451928754508,-0.0010652645,0.018109497,-0.037284255
1451928754513,0.0,0.015978966,-0.039414786
1451928754518,0.004261058,0.015978966,-0.039414786
1451928754523,0.00958738,0.0127831735,-0.03834952
1451928754528,0.014913702,0.0063915867,-0.040480047
1451928754532,0.020240024,-0.0010652645,-0.039414786
1451928754538,0.020240024,-0.0063915867,-0.037284255
1451928754542,0.020240024,-0.015978966,-0.03834952
1451928754548,0.018109497,-0.024501082,-0.03834952
1451928754552,0.014913702,-0.02876214,-0.03834952
1451928754557,0.011717909,-0.035153728,-0.040480047
1451928754562,0.008522116,-0.035153728,-0.03834952
1451928754569,0.0010652645,-0.037284255,-0.03834952
1451928754572,-0.0010652645,-0.036218993,-0.03834952
1451928754578,-0.004261058,-0.033023197,-0.037284255
1451928754582,-0.004261058,-0.02876214,-0.03834952
1451928754588,-0.002130529,-0.017044231,-0.037284255
1451928754593,0.0,-0.0063915867,-0.03834952
1451928754598,0.0063915867,0.0063915867,-0.03834952
1451928754602,0.013848438,0.01917476,-0.039414786
1451928754608,0.020240024,0.033023197,-0.037284255
1451928754612,0.023435818,0.043675844,-0.036218993
1451928754617,0.029827405,0.05006743,-0.03195793
1451928754622,0.034088463,0.053263225,-0.02876214
1451928754629,0.036218993,0.054328486,-0.022370555
1451928754631,0.036218993,0.05752428,-0.017044231
1451928754637,0.036218993,0.054328486,-0.0127831735
1451928754642,0.034088463,0.0479369,-0.010652645
1451928754647,0.03089267,0.039414786,-0.010652645
1451928754652,0.026631612,0.029827405,-0.010652645
1451928754662,0.02130529,0.014913702,-0.0127831735
1451928754662,0.017044231,0.004261058,-0.0127831735
1451928754667,0.013848438,-0.0031957934,-0.013848438
1451928754674,0.010652645,-0.013848438,-0.015978966
1451928754675,0.00958738,-0.01917476,-0.017044231
1451928754681,0.007456851,-0.023435818,-0.020240024
1451928754688,0.007456851,-0.024501082,-0.022370555
1451928754691,0.0063915867,-0.02130529,-0.024501082
1451928754696,0.0010652645,-0.015978966,-0.023435818
1451928754701,-0.004261058,-0.0053263223,-0.023435818
1451928754706,-0.007456851,0.0031957934,-0.025566347
1451928754711,-0.0127831735,0.008522116,-0.026631612
1451928754716,-0.01917476,0.013848438,-0.027696876
1451928754721,-0.027696876,0.014913702,-0.02876214
1451928754726,-0.035153728,0.013848438,-0.03089267
1451928754731,-0.039414786,0.00958738,-0.033023197
1451928754736,-0.043675844,0.0,-0.03195793
1451928754741,-0.04474111,-0.00958738,-0.02876214
1451928754746,-0.04474111,-0.02130529,-0.027696876
1451928754751,-0.04261058,-0.036218993,-0.026631612
1451928754756,-0.037284255,-0.04474111,-0.026631612
1451928754760,-0.02876214,-0.049002163,-0.022370555
1451928754766,-0.023435818,-0.051132694,-0.020240024
1451928754771,-0.017044231,-0.051132694,-0.017044231
1451928754776,-0.011717909,-0.04580637,-0.015978966
1451928754780,-0.007456851,-0.036218993,-0.00958738
1451928754786,-0.004261058,-0.022370555,-0.0063915867
1451928754792,-0.0010652645,-0.008522116,-0.002130529
1451928754794,0.0010652645,0.0063915867,0.0031957934
1451928754801,0.002130529,0.01917476,0.0063915867
1451928754805,0.0053263223,0.03089267,0.0063915867
1451928754810,0.007456851,0.04261058,0.008522116
1451928754832,0.011717909,0.05006743,0.00958738
1451928754843,0.014913702,0.053263225,0.010652645
1451928754844,0.017044231,0.051132694,0.010652645
1451928754844,0.018109497,0.04580637,0.010652645
1451928754844,0.01917476,0.034088463,0.00958738
1451928754844,0.018109497,0.01917476,0.008522116
1451928754845,0.018109497,0.0010652645,0.0053263223
1451928754850,0.014913702,-0.0127831735,0.0031957934
1451928754858,0.014913702,-0.024501082,0.0
1451928754859,0.0127831735,-0.035153728,-0.002130529
1451928754864,0.0127831735,-0.040480047,-0.0053263223
1451928754868,0.010652645,-0.04261058,-0.00958738
1451928754873,0.00958738,-0.039414786,-0.013848438
1451928754878,0.010652645,-0.03089267,-0.01917476
1451928754883,0.00958738,-0.01917476,-0.026631612
1451928754888,0.007456851,-0.0010652645,-0.033023197
1451928754893,0.0053263223,0.014913702,-0.037284255
1451928754897,0.004261058,0.02876214,-0.041545313
1451928754902,-0.0031957934,0.037284255,-0.04580637
1451928754910,-0.010652645,0.03834952,-0.05006743
1451928754912,-0.017044231,0.036218993,-0.054328486
1451928754917,-0.017044231,0.036218993,-0.054328486
1451928754922,-0.023435818,0.027696876,-0.05539375
1451928754927,-0.02876214,0.013848438,-0.056459017
1451928754932,-0.03195793,0.0010652645,-0.05219796
1451928754937,-0.03195793,-0.00958738,-0.049002163
1451928754942,-0.029827405,-0.025566347,-0.041545313
1451928754947,-0.023435818,-0.033023197,-0.034088463
1451928754953,-0.013848438,-0.03834952,-0.02876214
1451928754957,-0.004261058,-0.039414786,-0.020240024
1451928754962,0.00958738,-0.033023197,-0.0127831735
1451928754967,0.02130529,-0.024501082,-0.004261058
1451928754972,0.029827405,-0.0127831735,0.0
1451928754977,0.03834952,-0.004261058,0.0063915867
1451928754982,0.041545313,0.008522116,0.013848438
1451928754986,0.040480047,0.018109497,0.02130529
1451928754992,0.036218993,0.026631612,0.026631612
1451928754996,0.03089267,0.03195793,0.029827405
1451928755001,0.026631612,0.03195793,0.034088463
1451928755006,0.02130529,0.029827405,0.03834952
1451928755011,0.014913702,0.023435818,0.040480047
1451928755017,0.011717909,0.0127831735,0.03834952
1451928755022,0.007456851,0.002130529,0.036218993
1451928755028,0.004261058,-0.008522116,0.03195793
1451928755032,0.0010652645,-0.022370555,0.02876214
1451928755037,0.0010652645,-0.033023197,0.023435818
1451928755041,0.0,-0.033023197,0.015978966
1451928755046,-0.0010652645,-0.036218993,0.0127831735
1451928755051,0.0,-0.039414786,0.010652645
1451928755056,-0.004261058,-0.04261058,0.007456851
1451928755061,-0.00958738,-0.0479369,0.0063915867
1451928755066,-0.014913702,-0.049002163,0.0063915867
1451928755071,-0.020240024,-0.04580637,0.007456851
1451928755076,-0.027696876,-0.043675844,0.008522116
1451928755081,-0.03195793,-0.041545313,0.015978966
1451928755086,-0.035153728,-0.037284255,0.02130529
1451928755090,-0.034088463,-0.034088463,0.026631612
1451928755095,-0.03195793,-0.03089267,0.029827405
1451928755100,-0.024501082,-0.022370555,0.03195793
1451928755105,-0.013848438,-0.013848438,0.036218993
1451928755110,-0.002130529,-0.004261058,0.03834952
1451928755115,0.0053263223,0.0053263223,0.041545313
1451928755120,0.014913702,0.015978966,0.043675844
1451928755125,0.02130529,0.027696876,0.043675844
1451928755133,0.027696876,0.039414786,0.046871636
1451928755135,0.03089267,0.04580637,0.05219796
1451928755140,0.03195793,0.04580637,0.05219796
1451928755145,0.03195793,0.04474111,0.051132694
1451928755150,0.025566347,0.039414786,0.05219796
1451928755155,0.02130529,0.02876214,0.053263225
1451928755160,0.018109497,0.015978966,0.056459017
1451928755168,0.013848438,0.0063915867,0.053263225
1451928755170,0.011717909,-0.002130529,0.053263225
1451928755175,0.013848438,-0.0063915867,0.05006743
1451928755180,0.017044231,-0.00958738,0.049002163
1451928755186,0.02130529,-0.0127831735,0.046871636
1451928755191,0.026631612,-0.010652645,0.046871636
1451928755195,0.033023197,-0.0063915867,0.049002163
1451928755200,0.037284255,-0.002130529,0.049002163
1451928755206,0.041545313,0.0063915867,0.049002163
1451928755210,0.040480047,0.010652645,0.05006743
1451928755214,0.037284255,0.00958738,0.0479369
1451928755220,0.03195793,0.0010652645,0.043675844
1451928755224,0.01917476,-0.0063915867,0.041545313
1451928755229,0.007456851,-0.014913702,0.036218993
1451928755234,-0.004261058,-0.027696876,0.03195793
1451928755239,-0.013848438,-0.040480047,0.029827405
1451928755245,-0.020240024,-0.054328486,0.026631612
1451928755251,-0.024501082,-0.068176925,0.024501082
1451928755255,-0.024501082,-0.07350325,0.024501082
1451928755259,-0.017044231,-0.07243799,0.025566347
1451928755265,-0.008522116,-0.0628506,0.029827405
1451928755274,0.0053263223,-0.05219796,0.033023197
1451928755275,0.01917476,-0.03834952,0.036218993
1451928755280,0.03089267,-0.024501082,0.039414786
1451928755284,0.040480047,-0.00958738,0.041545313
1451928755292,0.0479369,0.0063915867,0.043675844
1451928755294,0.05006743,0.018109497,0.043675844
1451928755299,0.046871636,0.025566347,0.04261058
1451928755305,0.04474111,0.03195793,0.04474111
1451928755309,0.041545313,0.040480047,0.049002163
1451928755315,0.03834952,0.043675844,0.0479369
1451928755319,0.035153728,0.043675844,0.04580637
1451928755325,0.033023197,0.039414786,0.04474111
1451928755330,0.03089267,0.03089267,0.041545313
1451928755334,0.025566347,0.02130529,0.039414786
1451928755339,0.020240024,0.007456851,0.036218993
1451928755345,0.018109497,-0.004261058,0.034088463
1451928755349,0.014913702,-0.01917476,0.03195793
1451928755355,0.010652645,-0.033023197,0.03195793
1451928755359,0.0063915867,-0.0479369,0.029827405
1451928755364,0.004261058,-0.05965481,0.02876214
1451928755372,0.002130529,-0.070307456,0.026631612
1451928755373,0.0010652645,-0.0777643,0.026631612
1451928755383,0.0031957934,-0.0777643,0.025566347
1451928755383,0.00958738,-0.06924219,0.025566347
1451928755389,0.017044231,-0.05539375,0.023435818
1451928755394,0.025566347,-0.041545313,0.02130529
1451928755400,0.03195793,-0.023435818,0.01917476
1451928755403,0.035153728,-0.008522116,0.017044231
1451928755408,0.033023197,0.0010652645,0.014913702
1451928755414,0.02876214,0.011717909,0.0127831735
1451928755419,0.020240024,0.013848438,0.010652645
1451928755423,0.010652645,0.011717909,0.00958738
1451928755428,0.0,0.007456851,0.008522116
1451928755433,-0.011717909,-0.002130529,0.007456851
1451928755438,-0.020240024,-0.018109497,0.0053263223
1451928755443,-0.025566347,-0.03195793,0.0053263223
1451928755449,-0.026631612,-0.04261058,0.0063915867
1451928755465,-0.024501082,-0.05219796,0.007456851
1451928755467,-0.015978966,-0.05752428,0.00958738
1451928755468,-0.0063915867,-0.05965481,0.0127831735
1451928755469,0.0031957934,-0.05752428,0.018109497
1451928755471,0.013848438,-0.0479369,0.02130529
1451928755477,0.02130529,-0.035153728,0.02130529
1451928755484,0.025566347,-0.023435818,0.02130529
1451928755487,0.026631612,-0.0127831735,0.020240024
1451928755491,0.02130529,-0.0031957934,0.020240024
1451928755496,0.015978966,0.007456851,0.020240024
1451928755501,0.008522116,0.013848438,0.020240024
1451928755506,0.0031957934,0.017044231,0.018109497
1451928755512,-0.002130529,0.02130529,0.015978966
1451928755516,-0.0063915867,0.020240024,0.015978966
1451928755521,-0.007456851,0.010652645,0.015978966
1451928755526,-0.0063915867,0.002130529,0.015978966
1451928755531,-0.0031957934,-0.0063915867,0.017044231
1451928755536,0.0031957934,-0.015978966,0.01917476
1451928755541,0.008522116,-0.02130529,0.02130529
1451928755547,0.014913702,-0.027696876,0.025566347
1451928755551,0.02130529,-0.027696876,0.025566347
1451928755556,0.024501082,-0.027696876,0.026631612
1451928755561,0.024501082,-0.03195793,0.025566347
1451928755566,0.02130529,-0.033023197,0.026631612
1451928755571,0.014913702,-0.035153728,0.023435818
1451928755576,0.0063915867,-0.035153728,0.018109497
1451928755582,-0.0031957934,-0.037284255,0.014913702
1451928755585,-0.0127831735,-0.040480047,0.011717909
1451928755590,-0.02130529,-0.04474111,0.008522116
1451928755597,-0.027696876,-0.046871636,0.0063915867
1451928755601,-0.02876214,-0.0479369,0.004261058
1451928755607,-0.026631612,-0.049002163,0.004261058
1451928755611,-0.020240024,-0.0479369,0.002130529
1451928755616,-0.010652645,-0.041545313,0.0010652645
1451928755620,-0.004261058,-0.036218993,0.004261058
1451928755626,0.0031957934,-0.025566347,0.004261058
1451928755630,0.00958738,-0.018109497,0.0063915867
1451928755636,0.0127831735,-0.0063915867,0.0127831735
1451928755644,0.013848438,0.0063915867,0.015978966
1451928755646,0.010652645,0.014913702,0.01917476
1451928755650,0.0063915867,0.01917476,0.018109497
1451928755655,0.0010652645,0.014913702,0.017044231
1451928755662,-0.004261058,0.0127831735,0.018109497
1451928755665,-0.007456851,0.0063915867,0.018109497
1451928755670,-0.008522116,-0.0010652645,0.018109497
1451928755676,-0.004261058,-0.002130529,0.015978966
1451928755681,0.0010652645,-0.002130529,0.015978966
1451928755686,0.011717909,-0.002130529,0.017044231
1451928755690,0.02130529,0.0,0.015978966
1451928755695,0.029827405,-0.002130529,0.015978966
1451928755700,0.034088463,-0.0010652645,0.015978966
1451928755705,0.034088463,0.0010652645,0.013848438
1451928755710,0.026631612,0.0031957934,0.0127831735
1451928755715,0.018109497,0.0031957934,0.008522116
1451928755721,0.0053263223,-0.0010652645,0.004261058
1451928755725,-0.010652645,-0.011717909,0.0
1451928755730,-0.027696876,-0.023435818,-0.004261058
1451928755735,-0.03834952,-0.034088463,-0.008522116
1451928755740,-0.0479369,-0.04474111,-0.013848438
1451928755744,-0.054328486,-0.056459017,-0.017044231
1451928755749,-0.054328486,-0.06391586,-0.023435818
1451928755754,-0.0479369,-0.06711166,-0.026631612
1451928755761,-0.037284255,-0.06391586,-0.02876214
1451928755764,-0.022370555,-0.05539375,-0.026631612
1451928755769,-0.0063915867,-0.04580637,-0.024501082
1451928755774,0.010652645,-0.026631612,-0.022370555
1451928755779,0.024501082,-0.011717909,-0.020240024
1451928755785,0.035153728,0.0063915867,-0.013848438
1451928755789,0.04261058,0.025566347,-0.0127831735
1451928755794,0.046871636,0.04261058,-0.010652645
1451928755799,0.043675844,0.05539375,-0.008522116
1451928755824,0.039414786,0.060720075,-0.004261058
1451928755824,0.034088463,0.066046394,-0.004261058
1451928755825,0.034088463,0.066046394,-0.004261058
1451928755825,0.025566347,0.06391586,-0.0031957934
1451928755827,0.018109497,0.05539375,-0.0053263223
1451928755827,0.0127831735,0.039414786,-0.0053263223
1451928755848,0.00958738,0.02130529,-0.007456851
1451928755849,0.007456851,0.0,-0.00958738
1451928755849,0.0031957934,-0.020240024,-0.0127831735
1451928755850,0.002130529,-0.04474111,-0.013848438
1451928755866,0.0010652645,-0.06178534,-0.018109497
1451928755866,0.0010652645,-0.0777643,-0.023435818
1451928755866,0.0010652645,-0.082025364,-0.027696876
1451928755867,0.0,-0.084155895,-0.03089267
1451928755927,0.0,-0.07563378,-0.035153728
1451928755928,0.0,-0.060720075,-0.03834952
1451928755928,0.0,-0.040480047,-0.043675844
1451928755928,-0.0010652645,-0.017044231,-0.0479369
1451928755929,-0.002130529,0.007456851,-0.051132694
1451928755933,-0.004261058,0.033023197,-0.053263225
1451928755933,-0.008522116,0.05219796,-0.053263225
1451928755934,-0.011717909,0.066046394,-0.054328486
1451928755935,-0.01917476,0.06924219,-0.054328486
1451928755935,-0.023435818,0.06391586,-0.05219796
1451928755936,-0.026631612,0.05006743,-0.05006743
1451928755936,-0.027696876,0.029827405,-0.046871636
1451928755936,-0.027696876,0.004261058,-0.04261058
1451928755937,-0.026631612,-0.018109497,-0.03834952
1451928755951,-0.02130529,-0.04261058,-0.036218993
1451928755951,-0.017044231,-0.06711166,-0.033023197
1451928755952,-0.011717909,-0.083090626,-0.029827405
1451928755955,-0.0053263223,-0.09374327,-0.027696876
1451928755960,0.0010652645,-0.09374327,-0.024501082
1451928755965,0.004261058,-0.08735169,-0.020240024
1451928755971,0.011717909,-0.07456851,-0.017044231
1451928755975,0.015978966,-0.056459017,-0.018109497
1451928755980,0.014913702,-0.036218993,-0.020240024
1451928755986,0.010652645,-0.018109497,-0.024501082
1451928755990,0.0053263223,0.0010652645,-0.03195793
1451928755995,-0.0010652645,0.015978966,-0.037284255
1451928756001,-0.008522116,0.027696876,-0.04261058
1451928756005,-0.013848438,0.035153728,-0.049002163
1451928756010,-0.018109497,0.037284255,-0.05006743
1451928756017,-0.018109497,0.036218993,-0.05006743
1451928756020,-0.017044231,0.03195793,-0.051132694
1451928756026,-0.010652645,0.023435818,-0.05006743
1451928756034,-0.004261058,0.011717909,-0.049002163
1451928756034,0.004261058,-0.002130529,-0.04580637
1451928756040,0.013848438,-0.014913702,-0.04261058
1451928756045,0.02130529,-0.020240024,-0.03834952
1451928756051,0.02876214,-0.025566347,-0.03195793
1451928756056,0.03195793,-0.027696876,-0.029827405
1451928756060,0.034088463,-0.026631612,-0.029827405
1451928756065,0.03195793,-0.023435818,-0.029827405
1451928756070,0.027696876,-0.015978966,-0.033023197
1451928756075,0.024501082,-0.011717909,-0.037284255
1451928756079,0.011717909,-0.008522116,-0.039414786
1451928756090,0.0031957934,-0.00958738,-0.04474111
1451928756090,-0.0053263223,-0.00958738,-0.0479369
1451928756095,-0.00958738,-0.007456851,-0.05006743
1451928756100,-0.0127831735,-0.004261058,-0.051132694
1451928756104,-0.014913702,-0.004261058,-0.051132694
1451928756109,-0.011717909,-0.0053263223,-0.049002163
1451928756114,-0.004261058,-0.008522116,-0.0479369
1451928756119,0.004261058,-0.010652645,-0.04261058
1451928756124,0.010652645,-0.011717909,-0.040480047
1451928756129,0.017044231,-0.010652645,-0.037284255
1451928756134,0.023435818,-0.00958738,-0.03089267
1451928756139,0.024501082,-0.011717909,-0.029827405
1451928756144,0.020240024,-0.011717909,-0.02876214
1451928756151,0.013848438,-0.013848438,-0.03195793
1451928756155,0.00958738,-0.013848438,-0.033023197
1451928756159,0.0031957934,-0.014913702,-0.035153728
1451928756166,0.0010652645,-0.0127831735,-0.036218993
1451928756168,-0.0010652645,-0.00958738,-0.035153728
1451928756174,0.0031957934,-0.0031957934,-0.035153728
1451928756179,0.008522116,0.0,-0.035153728
1451928756184,0.014913702,0.0063915867,-0.033023197
1451928756189,0.023435818,0.0127831735,-0.033023197
1451928756195,0.02876214,0.022370555,-0.026631612
1451928756201,0.034088463,0.029827405,-0.025566347
1451928756202,0.036218993,0.035153728,-0.018109497
1451928756208,0.035153728,0.03834952,-0.013848438
1451928756216,0.029827405,0.036218993,-0.013848438
1451928756218,0.02130529,0.029827405,-0.013848438
1451928756223,0.011717909,0.018109497,-0.013848438
1451928756229,-0.0010652645,0.002130529,-0.015978966
1451928756234,-0.0127831735,-0.017044231,-0.018109497
1451928756239,-0.023435818,-0.035153728,-0.02130529
1451928756244,-0.03089267,-0.051132694,-0.022370555
1451928756248,-0.034088463,-0.06711166,-0.023435818
1451928756253,-0.033023197,-0.07882957,-0.023435818
1451928756258,-0.027696876,-0.080960095,-0.023435818
1451928756263,-0.020240024,-0.083090626,-0.023435818
1451928756269,-0.010652645,-0.0777643,-0.023435818
1451928756275,-0.0010652645,-0.066046394,-0.026631612
1451928756280,0.0063915867,-0.049002163,-0.026631612
1451928756283,0.011717909,-0.02876214,-0.025566347
1451928756288,0.014913702,-0.0063915867,-0.024501082
1451928756293,0.013848438,0.014913702,-0.023435818
1451928756298,0.011717909,0.027696876,-0.020240024
1451928756303,0.007456851,0.03834952,-0.01917476
1451928756308,0.0031957934,0.043675844,-0.02130529
1451928756313,-0.0010652645,0.04474111,-0.022370555
1451928756317,-0.0031957934,0.039414786,-0.024501082
1451928756323,-0.0053263223,0.03195793,-0.025566347
1451928756328,-0.002130529,0.02130529,-0.024501082
1451928756336,0.0010652645,0.0127831735,-0.024501082
1451928756336,0.004261058,0.0,-0.024501082
1451928756343,0.010652645,-0.013848438,-0.024501082
1451928756350,0.018109497,-0.02876214,-0.025566347
1451928756351,0.024501082,-0.03834952,-0.02876214
1451928756358,0.026631612,-0.043675844,-0.02876214
1451928756362,0.027696876,-0.04261058,-0.029827405
1451928756369,0.029827405,-0.036218993,-0.034088463
1451928756372,0.029827405,-0.027696876,-0.035153728
1451928756378,0.027696876,-0.015978966,-0.039414786
1451928756384,0.024501082,-0.0031957934,-0.04474111
1451928756386,0.020240024,0.010652645,-0.049002163
1451928756392,0.010652645,0.020240024,-0.053263225
1451928756397,0.0031957934,0.024501082,-0.05752428
1451928756402,-0.0053263223,0.024501082,-0.05965481
1451928756406,-0.0127831735,0.024501082,-0.060720075
1451928756412,-0.01917476,0.017044231,-0.060720075
1451928756417,-0.022370555,0.0063915867,-0.05965481
1451928756422,-0.02130529,-0.00958738,-0.05539375
1451928756426,-0.020240024,-0.026631612,-0.051132694
1451928756431,-0.013848438,-0.039414786,-0.046871636
1451928756436,-0.0053263223,-0.051132694,-0.043675844
1451928756441,0.004261058,-0.054328486,-0.039414786
1451928756446,0.014913702,-0.053263225,-0.036218993
1451928756451,0.025566347,-0.046871636,-0.034088463
1451928756456,0.03195793,-0.037284255,-0.029827405
1451928756461,0.034088463,-0.026631612,-0.026631612
1451928756466,0.034088463,-0.013848438,-0.026631612
1451928756474,0.03195793,-0.0010652645,-0.027696876
1451928756474,0.024501082,0.013848438,-0.026631612
1451928756481,0.014913702,0.023435818,-0.029827405
1451928756486,0.0053263223,0.029827405,-0.03089267
1451928756490,-0.0053263223,0.03089267,-0.029827405
1451928756495,-0.011717909,0.026631612,-0.02876214
1451928756500,-0.015978966,0.02130529,-0.026631612
1451928756505,-0.014913702,0.015978966,-0.025566347
1451928756510,-0.0127831735,0.0063915867,-0.020240024
1451928756515,-0.004261058,-0.007456851,-0.01917476
1451928756519,0.0053263223,-0.020240024,-0.017044231
1451928756524,0.013848438,-0.033023197,-0.017044231
1451928756530,0.018109497,-0.0479369,-0.01917476
1451928756534,0.01917476,-0.05539375,-0.02130529
1451928756539,0.015978966,-0.066046394,-0.02130529
1451928756544,0.00958738,-0.06711166,-0.022370555
1451928756549,0.002130529,-0.0628506,-0.024501082
1451928756555,-0.002130529,-0.054328486,-0.026631612
1451928756560,-0.00958738,-0.039414786,-0.029827405
1451928756565,-0.013848438,-0.025566347,-0.033023197
1451928756570,-0.017044231,-0.014913702,-0.03834952
1451928756575,-0.020240024,-0.002130529,-0.043675844
1451928756579,-0.02130529,0.010652645,-0.04474111
1451928756584,-0.02130529,0.02130529,-0.04261058
1451928756589,-0.017044231,0.029827405,-0.041545313
1451928756595,-0.0127831735,0.035153728,-0.037284255
1451928756600,-0.007456851,0.03834952,-0.029827405
1451928756605,0.002130529,0.039414786,-0.02130529
1451928756610,0.0127831735,0.03834952,-0.015978966
1451928756616,0.022370555,0.036218993,-0.0127831735
1451928756620,0.029827405,0.03195793,-0.007456851
1451928756624,0.033023197,0.025566347,-0.002130529
1451928756630,0.034088463,0.023435818,0.0
1451928756635,0.033023197,0.018109497,-0.002130529
1451928756640,0.02876214,0.0127831735,-0.004261058
1451928756646,0.020240024,0.010652645,-0.007456851
1451928756649,0.011717909,0.007456851,-0.011717909
1451928756657,0.002130529,0.0,-0.017044231
1451928756658,-0.007456851,-0.004261058,-0.01917476
1451928756666,-0.015978966,-0.008522116,-0.022370555
1451928756669,-0.02130529,-0.011717909,-0.022370555
1451928756676,-0.023435818,-0.015978966,-0.02130529
1451928756678,-0.024501082,-0.017044231,-0.01917476
1451928756684,-0.024501082,-0.02130529,-0.015978966
1451928756689,-0.024501082,-0.027696876,-0.011717909
1451928756707,-0.023435818,-0.03089267,-0.008522116
1451928756708,-0.024501082,-0.036218993,-0.0063915867
1451928756709,-0.026631612,-0.04261058,-0.007456851
1451928756709,-0.026631612,-0.04261058,-0.007456851
1451928756714,-0.03089267,-0.046871636,-0.00958738
1451928756719,-0.034088463,-0.049002163,-0.013848438
1451928756724,-0.037284255,-0.0479369,-0.018109497
1451928756729,-0.041545313,-0.0479369,-0.024501082
1451928756734,-0.04261058,-0.040480047,-0.02876214
1451928756738,-0.041545313,-0.035153728,-0.033023197
1451928756744,-0.035153728,-0.025566347,-0.034088463
1451928756748,-0.02876214,-0.014913702,-0.036218993
1451928756752,-0.01917476,-0.0010652645,-0.036218993
1451928756759,-0.008522116,0.008522116,-0.034088463
1451928756764,0.0,0.01917476,-0.029827405
1451928756771,0.008522116,0.033023197,-0.027696876
1451928756772,0.015978966,0.04261058,-0.022370555
1451928756778,0.022370555,0.049002163,-0.015978966
1451928756789,0.025566347,0.049002163,-0.010652645
1451928756791,0.027696876,0.0479369,-0.007456851
1451928756792,0.025566347,0.03834952,-0.0063915867
1451928756796,0.026631612,0.03195793,-0.004261058
1451928756802,0.025566347,0.020240024,-0.004261058
1451928756807,0.025566347,0.010652645,-0.0063915867
1451928756810,0.026631612,0.002130529,-0.008522116
1451928756821,0.025566347,-0.010652645,-0.010652645
1451928756821,0.022370555,-0.026631612,-0.014913702
1451928756825,0.01917476,-0.039414786,-0.018109497
1451928756830,0.015978966,-0.05219796,-0.02130529
1451928756835,0.0127831735,-0.06391586,-0.025566347
1451928756841,0.007456851,-0.07137272,-0.029827405
1451928756845,0.0031957934,-0.0777643,-0.034088463
1451928756850,-0.002130529,-0.080960095,-0.039414786
1451928756856,-0.004261058,-0.07669904,-0.04261058
1451928756862,-0.004261058,-0.07350325,-0.049002163
1451928756866,0.0,-0.06711166,-0.05539375
1451928756871,0.0063915867,-0.054328486,-0.05965481
1451928756877,0.013848438,-0.037284255,-0.06178534
1451928756881,0.022370555,-0.023435818,-0.066046394
1451928756886,0.027696876,-0.011717909,-0.07137272
1451928756891,0.03089267,-0.0031957934,-0.07456851
1451928756897,0.03195793,0.004261058,-0.07669904
1451928756901,0.03089267,0.011717909,-0.07456851
1451928756907,0.02876214,0.014913702,-0.07350325
1451928756912,0.024501082,0.018109497,-0.070307456
1451928756916,0.022370555,0.01917476,-0.06498113
1451928756921,0.022370555,0.018109497,-0.058589544
1451928756926,0.022370555,0.013848438,-0.05539375
1451928756931,0.024501082,0.00958738,-0.051132694
1451928756936,0.02876214,0.0053263223,-0.049002163
1451928756941,0.03089267,0.002130529,-0.046871636
1451928756946,0.036218993,-0.002130529,-0.04474111
1451928756951,0.041545313,-0.008522116,-0.04261058
1451928756960,0.041545313,-0.013848438,-0.039414786
1451928756961,0.040480047,-0.017044231,-0.039414786
1451928756975,0.03834952,-0.023435818,-0.037284255
1451928756975,0.034088463,-0.027696876,-0.034088463
1451928756975,0.02876214,-0.02876214,-0.03089267
1451928756978,0.024501082,-0.03089267,-0.02876214
1451928756985,0.02130529,-0.02876214,-0.026631612
1451928756989,0.018109497,-0.02130529,-0.025566347
1451928756994,0.014913702,-0.011717909,-0.01917476
1451928756998,0.014913702,-0.0063915867,-0.018109497
1451928757003,0.018109497,0.0,-0.017044231
1451928757008,0.01917476,0.004261058,-0.017044231
1451928757013,0.02130529,0.0063915867,-0.015978966
1451928757018,0.022370555,0.004261058,-0.014913702
1451928757023,0.022370555,0.0,-0.0127831735
1451928757028,0.022370555,-0.0053263223,-0.0127831735
1451928757032,0.024501082,-0.011717909,-0.010652645
1451928757039,0.023435818,-0.018109497,-0.008522116
1451928757044,0.022370555,-0.024501082,-0.0063915867
1451928757049,0.020240024,-0.029827405,-0.0063915867
1451928757054,0.017044231,-0.037284255,-0.007456851
1451928757059,0.0127831735,-0.037284255,-0.0127831735
1451928757064,0.008522116,-0.03195793,-0.014913702
1451928757069,0.0063915867,-0.026631612,-0.018109497
1451928757074,0.0053263223,-0.015978966,-0.018109497
1451928757079,0.0053263223,-0.007456851,-0.017044231
1451928757084,0.008522116,-0.0010652645,-0.015978966
1451928757088,0.015978966,0.013848438,-0.014913702
1451928757094,0.025566347,0.026631612,-0.014913702
1451928757099,0.036218993,0.039414786,-0.013848438
1451928757103,0.04580637,0.04474111,-0.0127831735
1451928757108,0.053263225,0.049002163,-0.00958738
1451928757118,0.054328486,0.043675844,-0.0053263223
1451928757119,0.056459017,0.034088463,0.0010652645
1451928757123,0.056459017,0.024501082,0.008522116
1451928757128,0.054328486,0.013848438,0.010652645
1451928757133,0.0479369,-0.0010652645,0.0127831735
1451928757141,0.04474111,-0.017044231,0.015978966
1451928757142,0.041545313,-0.03195793,0.018109497
1451928757148,0.040480047,-0.041545313,0.020240024
1451928757153,0.039414786,-0.043675844,0.02130529
1451928757159,0.041545313,-0.04580637,0.020240024
1451928757163,0.043675844,-0.046871636,0.023435818
1451928757168,0.046871636,-0.05219796,0.026631612
1451928757172,0.051132694,-0.053263225,0.027696876
1451928757179,0.05219796,-0.053263225,0.03195793
1451928757181,0.05539375,-0.053263225,0.03834952
1451928757187,0.05752428,-0.053263225,0.039414786
1451928757192,0.05752428,-0.0479369,0.039414786
1451928757197,0.05219796,-0.049002163,0.036218993
1451928757202,0.043675844,-0.05219796,0.027696876
1451928757207,0.036218993,-0.05539375,0.014913702
1451928757212,0.026631612,-0.07137272,-0.007456851
1451928757221,0.014913702,-0.099069595,-0.029827405
1451928757222,0.0063915867,-0.098004326,-0.04474111
1451928757227,0.004261058,-0.083090626,-0.05219796
1451928757231,0.008522116,-0.082025364,-0.054328486
1451928757238,0.00958738,-0.07989483,-0.05219796
1451928757241,0.007456851,-0.07350325,-0.058589544
1451928757247,0.0,-0.06391586,-0.0628506
1451928757251,-0.020240024,-0.05965481,-0.06391586
1451928757256,-0.043675844,-0.06178534,-0.06391586
1451928757261,-0.051132694,-0.06178534,-0.053263225
1451928757266,-0.046871636,-0.05539375,-0.036218993
1451928757271,-0.033023197,-0.037284255,-0.017044231
1451928757278,-0.00958738,-0.022370555,-0.0031957934
1451928757281,0.014913702,-0.004261058,0.0053263223
1451928757286,0.03834952,0.008522116,0.007456851
1451928757291,0.056459017,0.013848438,0.007456851
1451928757296,0.06924219,0.013848438,0.007456851
1451928757301,0.07350325,0.010652645,0.010652645
1451928757306,0.07350325,0.0063915867,0.013848438
1451928757311,0.06711166,0.002130529,0.014913702
1451928757316,0.056459017,0.0,0.00958738
1451928757325,0.040480047,-0.008522116,0.0010652645
1451928757326,0.025566347,-0.02130529,-0.008522116
1451928757330,0.015978966,-0.033023197,-0.018109497
1451928757335,0.008522116,-0.04474111,-0.027696876
1451928757346,0.0063915867,-0.054328486,-0.035153728
1451928757347,0.0063915867,-0.056459017,-0.041545313
1451928757350,0.0053263223,-0.05539375,-0.046871636
1451928757356,0.004261058,-0.05219796,-0.05219796
1451928757360,0.002130529,-0.046871636,-0.053263225
1451928757368,0.0,-0.03834952,-0.05219796
1451928757370,-0.0031957934,-0.029827405,-0.0479369
1451928757375,-0.0063915867,-0.02130529,-0.043675844
1451928757386,-0.0063915867,-0.014913702,-0.04474111
1451928757386,-0.007456851,-0.010652645,-0.043675844
1451928757390,-0.010652645,-0.010652645,-0.04261058
1451928757395,-0.013848438,-0.017044231,-0.04474111
1451928757400,-0.0127831735,-0.022370555,-0.043675844
1451928757405,-0.00958738,-0.027696876,-0.039414786
1451928757410,-0.00958738,-0.033023197,-0.03834952
1451928757415,-0.007456851,-0.035153728,-0.037284255
1451928757420,-0.008522116,-0.037284255,-0.034088463
1451928757425,-0.0063915867,-0.041545313,-0.029827405
1451928757431,-0.004261058,-0.04261058,-0.023435818
1451928757433,-0.002130529,-0.046871636,-0.017044231
1451928757439,0.0031957934,-0.0479369,-0.0127831735
1451928757445,0.0063915867,-0.0479369,-0.00958738
1451928757449,0.008522116,-0.04580637,-0.007456851
1451928757455,0.008522116,-0.039414786,-0.007456851
1451928757459,0.007456851,-0.03195793,-0.0053263223
1451928757464,0.0053263223,-0.024501082,-0.0031957934
1451928757469,0.0031957934,-0.013848438,0.0
1451928757474,0.0010652645,-0.0031957934,0.004261058
1451928757486,-0.0010652645,0.0053263223,0.0063915867
1451928757487,-0.002130529,0.007456851,0.007456851
1451928757494,0.002130529,0.011717909,0.010652645
1451928757495,0.007456851,0.00958738,0.013848438
1451928757499,0.011717909,0.00958738,0.014913702
1451928757504,0.017044231,0.00958738,0.017044231
1451928757509,0.018109497,0.004261058,0.020240024
1451928757514,0.020240024,0.0031957934,0.023435818
1451928757520,0.023435818,-0.0031957934,0.02876214
1451928757527,0.03195793,-0.004261058,0.03089267
1451928757528,0.03834952,-0.0053263223,0.03195793
1451928757533,0.04474111,-0.0031957934,0.029827405
1451928757538,0.041545313,-0.0053263223,0.026631612
1451928757543,0.035153728,-0.0127831735,0.025566347
1451928757548,0.026631612,-0.025566347,0.024501082
1451928757553,0.015978966,-0.036218993,0.022370555
1451928757558,0.007456851,-0.036218993,0.020240024
1451928757563,-0.0010652645,-0.034088463,0.018109497
1451928757569,-0.00958738,-0.029827405,0.01917476
1451928757574,-0.0127831735,-0.022370555,0.01917476
1451928757578,-0.011717909,-0.01917476,0.017044231
1451928757583,-0.010652645,-0.0127831735,0.017044231
1451928757588,-0.007456851,-0.0063915867,0.018109497
1451928757594,-0.0010652645,-0.004261058,0.02130529
1451928757598,0.007456851,-0.014913702,0.020240024
1451928757605,0.017044231,-0.033023197,0.01917476
1451928757607,0.017044231,-0.033023197,0.01917476
1451928757615,0.029827405,-0.017044231,0.022370555
1451928757618,0.04474111,0.0053263223,0.03089267
1451928757624,0.060720075,0.010652645,0.040480047
1451928757629,0.068176925,0.00958738,0.04261058
1451928757633,0.06711166,0.00958738,0.037284255
1451928757638,0.058589544,0.0063915867,0.03089267
1451928757644,0.04474111,0.0010652645,0.023435818
1451928757647,0.026631612,-0.004261058,0.018109497
1451928757652,0.008522116,-0.0063915867,0.018109497
1451928757657,-0.007456851,-0.0063915867,0.017044231
1451928757662,-0.017044231,-0.004261058,0.017044231
1451928757668,-0.02130529,-0.0031957934,0.011717909
1451928757672,-0.018109497,-0.0010652645,0.0063915867
1451928757678,-0.0127831735,0.0063915867,-0.002130529
1451928757682,-0.0053263223,0.011717909,-0.00958738
1451928757688,0.002130529,0.018109497,-0.015978966
1451928757692,0.0063915867,0.02130529,-0.023435818
1451928757700,0.004261058,0.022370555,-0.025566347
1451928757701,-0.004261058,0.015978966,-0.025566347
1451928757708,-0.014913702,0.002130529,-0.018109497
1451928757712,-0.024501082,-0.010652645,-0.011717909
1451928757717,-0.035153728,-0.022370555,-0.007456851
1451928757722,-0.043675844,-0.03834952,-0.004261058
1451928757726,-0.046871636,-0.05219796,-0.0010652645
1451928757737,-0.04474111,-0.06178534,0.0
1451928757738,-0.03834952,-0.06924219,0.0
1451928757740,-0.034088463,-0.070307456,-0.0010652645
1451928757748,-0.034088463,-0.07243799,-0.0010652645
1451928757751,-0.03195793,-0.07669904,-0.0053263223
1451928757757,-0.025566347,-0.080960095,-0.0063915867
1451928757762,-0.014913702,-0.082025364,-0.00958738
1451928757766,-0.0053263223,-0.070307456,-0.018109497
1451928757772,0.002130529,-0.051132694,-0.026631612
1451928757777,0.007456851,-0.03195793,-0.02876214
1451928757782,0.013848438,-0.011717909,-0.022370555
1451928757787,0.017044231,0.004261058,-0.011717909
1451928757791,0.015978966,0.011717909,-0.002130529
1451928757797,0.017044231,0.014913702,0.0010652645
1451928757801,0.014913702,0.020240024,-0.0010652645
1451928757806,0.00958738,0.015978966,-0.0031957934
1451928757811,0.0063915867,0.0063915867,-0.0031957934
1451928757816,0.0031957934,-0.008522116,0.0
1451928757821,0.002130529,-0.02130529,0.007456851
1451928757849,0.0010652645,-0.039414786,0.008522116
1451928757850,0.0053263223,-0.05539375,0.008522116
1451928757850,0.011717909,-0.07243799,0.0063915867
1451928757851,0.022370555,-0.08522116,0.0
1451928757854,0.03089267,-0.08735169,-0.007456851
1451928757855,0.035153728,-0.08522116,-0.013848438
1451928757855,0.034088463,-0.07563378,-0.020240024
1451928757875,0.026631612,-0.05752428,-0.01917476
1451928757876,0.02130529,-0.037284255,-0.017044231
1451928757877,0.017044231,-0.014913702,-0.0127831735
1451928757878,0.010652645,0.0031957934,-0.00958738
1451928757878,0.0053263223,0.020240024,-0.007456851
1451928757885,0.0,0.029827405,-0.00958738
1451928757890,-0.0053263223,0.034088463,-0.015978966
1451928757894,-0.0127831735,0.027696876,-0.02130529
1451928757900,-0.01917476,0.022370555,-0.025566347
1451928757905,-0.023435818,0.013848438,-0.02876214
1451928757911,-0.026631612,0.004261058,-0.026631612
1451928757913,-0.024501082,-0.00958738,-0.025566347
1451928757919,-0.020240024,-0.026631612,-0.027696876
1451928757929,-0.010652645,-0.035153728,-0.03089267
1451928757930,0.0,-0.034088463,-0.033023197
1451928757933,0.008522116,-0.029827405,-0.034088463
1451928757938,0.013848438,-0.025566347,-0.035153728
1451928757945,0.015978966,-0.024501082,-0.035153728
1451928757947,0.010652645,-0.02130529,-0.03089267
1451928757953,0.002130529,-0.018109497,-0.026631612
1451928757960,-0.008522116,-0.0127831735,-0.022370555
1451928757963,-0.014913702,-0.007456851,-0.015978966
1451928757968,-0.01917476,-0.0053263223,-0.00958738
1451928757977,-0.02130529,-0.004261058,-0.0063915867
1451928757978,-0.017044231,-0.004261058,-0.007456851
1451928757983,-0.0127831735,-0.0031957934,-0.0063915867
1451928757989,-0.007456851,-0.0053263223,-0.007456851
1451928757993,-0.0010652645,-0.010652645,-0.0063915867
1451928757998,0.0010652645,-0.01917476,-0.007456851
1451928758002,0.0,-0.026631612,-0.004261058
1451928758012,0.0010652645,-0.035153728,-0.002130529
1451928758013,0.0010652645,-0.037284255,-0.002130529
1451928758018,0.0010652645,-0.041545313,-0.0010652645
1451928758022,-0.0010652645,-0.043675844,-0.002130529
1451928758026,-0.0031957934,-0.04261058,-0.0031957934
1451928758032,-0.002130529,-0.03834952,-0.007456851
1451928758037,-0.002130529,-0.03089267,-0.008522116
1451928758043,-0.0010652645,-0.023435818,-0.0127831735
1451928758047,-0.0010652645,-0.02130529,-0.013848438
1451928758053,-0.0053263223,-0.022370555,-0.017044231
1451928758062,-0.010652645,-0.023435818,-0.020240024
1451928758063,-0.0127831735,-0.023435818,-0.022370555
1451928758067,-0.013848438,-0.022370555,-0.020240024
1451928758071,-0.0127831735,-0.022370555,-0.017044231
1451928758076,-0.008522116,-0.020240024,-0.0127831735
1451928758081,0.0,-0.018109497,-0.008522116
1451928758086,0.007456851,-0.013848438,-0.007456851
1451928758093,0.015978966,-0.010652645,-0.0031957934
1451928758096,0.023435818,-0.010652645,-0.002130529
1451928758101,0.02876214,-0.013848438,0.0
1451928758108,0.03195793,-0.013848438,0.0010652645
1451928758110,0.03195793,-0.0127831735,-0.0010652645
1451928758116,0.03089267,-0.015978966,-0.0031957934
1451928758121,0.026631612,-0.015978966,-0.0053263223
1451928758126,0.02130529,-0.01917476,-0.00958738
1451928758131,0.017044231,-0.020240024,-0.010652645
1451928758136,0.015978966,-0.025566347,-0.008522116
1451928758146,0.017044231,-0.025566347,-0.0063915867
1451928758146,0.020240024,-0.022370555,-0.0053263223
1451928758151,0.022370555,-0.015978966,-0.0063915867
1451928758160,0.026631612,-0.0063915867,-0.004261058
1451928758160,0.02876214,0.002130529,-0.004261058
1451928758166,0.027696876,0.010652645,-0.0053263223
1451928758170,0.023435818,0.017044231,-0.0053263223
1451928758176,0.017044231,0.014913702,-0.0063915867
1451928758180,0.008522116,0.00958738,-0.010652645
1451928758185,-0.0031957934,-0.002130529,-0.013848438
1451928758192,-0.011717909,-0.018109497,-0.017044231
1451928758195,-0.024501082,-0.037284255,-0.022370555
1451928758200,-0.033023197,-0.056459017,-0.022370555
1451928758208,-0.039414786,-0.07563378,-0.024501082
1451928758209,-0.040480047,-0.09054748,-0.02130529
1451928758215,-0.035153728,-0.0958738,-0.017044231
1451928758220,-0.027696876,-0.0958738,-0.011717909
1451928758226,-0.015978966,-0.09374327,-0.007456851
1451928758230,-0.002130529,-0.09267801,-0.0031957934
1451928758235,0.011717909,-0.08628642,0.0010652645
1451928758243,0.025566347,-0.07669904,0.0031957934
1451928758244,0.037284255,-0.06178534,0.0063915867
1451928758249,0.051132694,-0.04474111,0.008522116
1451928758259,0.0628506,-0.022370555,0.010652645
1451928758259,0.07137272,0.0,0.00958738
1451928758264,0.0777643,0.023435818,0.008522116
1451928758269,0.0777643,0.043675844,0.004261058
1451928758276,0.07350325,0.06391586,0.0031957934
1451928758279,0.06178534,0.080960095,0.002130529
1451928758284,0.04580637,0.08841695,0.0010652645
1451928758289,0.02876214,0.08841695,0.0
1451928758294,0.010652645,0.07882957,-0.0010652645
1451928758299,-0.004261058,0.060720075,-0.0010652645
1451928758308,-0.017044231,0.034088463,-0.0031957934
1451928758308,-0.025566347,0.0053263223,-0.007456851
1451928758314,-0.02876214,-0.026631612,-0.011717909
1451928758319,-0.02876214,-0.053263225,-0.014913702
1451928758325,-0.025566347,-0.083090626,-0.017044231
1451928758329,-0.020240024,-0.101200126,-0.01917476
1451928758334,-0.011717909,-0.10972224,-0.023435818
1451928758342,-0.0031957934,-0.10759171,-0.024501082
1451928758342,0.002130529,-0.096939065,-0.026631612
1451928758348,0.00958738,-0.07456851,-0.026631612
1451928758354,0.0127831735,-0.0479369,-0.027696876
1451928758357,0.014913702,-0.02130529,-0.029827405
1451928758363,0.011717909,0.0010652645,-0.029827405
1451928758376,0.0063915867,0.022370555,-0.034088463
1451928758376,-0.0010652645,0.03834952,-0.034088463
1451928758377,-0.011717909,0.053263225,-0.029827405
1451928758383,-0.018109497,0.058589544,-0.023435818
1451928758388,-0.022370555,0.05965481,-0.020240024
1451928758398,-0.020240024,0.058589544,-0.011717909
1451928758398,-0.014913702,0.056459017,-0.0063915867
1451928758403,-0.008522116,0.054328486,-0.004261058
1451928758414,0.0,0.05006743,-0.0031957934
1451928758415,0.004261058,0.04580637,-0.002130529
1451928758416,0.010652645,0.041545313,-0.0010652645
1451928758430,0.0127831735,0.037284255,0.0010652645
1451928758431,0.018109497,0.036218993,0.004261058
1451928758432,0.015978966,0.034088463,0.0053263223
1451928758437,0.00958738,0.03089267,0.0053263223
1451928758442,0.0031957934,0.029827405,0.0031957934
1451928758447,-0.004261058,0.02876214,0.002130529
1451928758452,-0.00958738,0.027696876,0.0031957934
1451928758456,-0.010652645,0.027696876,0.0031957934
1451928758462,-0.008522116,0.025566347,0.0053263223
1451928758466,-0.004261058,0.025566347,0.007456851
1451928758472,0.002130529,0.026631612,0.008522116
1451928758478,0.008522116,0.029827405,0.008522116
1451928758482,0.015978966,0.035153728,0.0063915867
1451928758488,0.022370555,0.04261058,0.010652645
1451928758492,0.025566347,0.05006743,0.015978966
1451928758497,0.025566347,0.05006743,0.015978966
1451928758501,0.03089267,0.051132694,0.020240024
1451928758506,0.033023197,0.053263225,0.022370555
1451928758511,0.036218993,0.05006743,0.024501082
1451928758516,0.035153728,0.046871636,0.022370555
1451928758521,0.035153728,0.043675844,0.018109497
1451928758526,0.037284255,0.043675844,0.013848438
1451928758531,0.04261058,0.04580637,0.007456851
1451928758537,0.04580637,0.053263225,0.0063915867
1451928758542,0.046871636,0.058589544,0.0053263223
1451928758547,0.04261058,0.066046394,0.0053263223
1451928758552,0.034088463,0.070307456,0.010652645
1451928758557,0.025566347,0.07350325,0.013848438
1451928758562,0.015978966,0.082025364,0.015978966
1451928758570,0.0053263223,0.099069595,0.022370555
1451928758572,-0.0053263223,0.12037488,0.02876214
1451928758577,-0.0127831735,0.1470065,0.039414786
1451928758581,-0.022370555,0.18748654,0.051132694
1451928758591,-0.03195793,0.23435818,0.0628506
1451928758592,-0.037284255,0.28336033,0.06711166
1451928758597,-0.036218993,0.3568636,0.06391586
1451928758601,-0.034088463,0.45380265,0.05219796
1451928758609,-0.022370555,0.55287224,0.029827405
1451928758610,-0.0031957934,0.64341974,-0.0031957934
1451928758617,0.020240024,0.72651035,-0.05006743
1451928758620,0.041545313,0.80533993,-0.10226539
1451928758625,0.06178534,0.8841695,-0.15765914
1451928758631,0.07563378,0.94275904,-0.21198763
1451928758635,0.09054748,0.97045594,-0.25885928
1451928758642,0.10865697,0.96406436,-0.28336033
1451928758645,0.15126756,0.7840346,-0.28336033
1451928758650,0.21411815,0.46978164,-0.25992453
1451928758655,0.23861924,0.28122982,-0.22796659
1451928758662,0.21092236,0.10865697,-0.17150758
1451928758665,0.14061491,-0.08841695,-0.094808534
1451928758670,0.053263225,-0.24394555,-0.018109497
1451928758682,-0.0127831735,-0.2972088,0.04474111
1451928758683,-0.03089267,-0.26525086,0.09374327
1451928758684,0.0,-0.18855181,0.11611383
1451928758689,0.070307456,-0.09374327,0.096939065
1451928758694,0.15659387,0.0031957934,0.036218993
1451928758699,0.23861924,0.08628642,-0.04474111
1451928758704,0.29614353,0.13848437,-0.11824436
1451928758709,0.32277513,0.15126756,-0.16724652
1451928758714,0.30466563,0.12144015,-0.18216023
1451928758718,0.2396845,0.07243799,-0.1736381
