1451927558001,1011.0449
1451927558179,1011.03
1451927558358,1011.21436
1451927558540,1011.2571
1451927558714,1011.2529
1451927558894,1011.2947
1451927559075,1011.27954
1451927559249,1011.2617
1451927559426,1011.34155
1451927559604,1011.2717
1451927559800,1011.2964
1451927559960,1011.2776
1451927560137,1011.0393
1451927560315,1011.2761
1451927560493,1011.2761
1451927560677,1011.33545
1451927560853,1011.1975
1451927561031,1011.20776
1451927561210,1011.35254
1451927561381,1011.281
1451927561561,1011.4131
1451927561738,1011.3203
1451927561916,1010.9934
1451927562094,1011.15576
1451927562271,1011.32764
1451927562451,1011.34814
1451927562628,1011.25854
1451927562807,1011.3594
1451927562984,1011.2947
1451927563164,1011.2639
1451927563342,1011.3804
1451927563516,1011.3596
1451927563700,1011.2993
1451927563905,1011.3635
1451927564050,1011.1028
1451927564230,1011.2864
1451927564406,1011.30054
1451927564589,1011.2544
1451927564762,1011.3518
1451927564941,1011.18677
1451927565119,1011.2405
1451927565296,1011.29395
1451927565475,1011.2378
1451927565655,1011.34595
1451927565849,1011.29956
1451927566007,1011.29614
1451927566187,1011.29834
1451927566365,1011.2446
1451927566542,1011.2593
1451927566724,1011.24585
1451927566901,1011.25073
1451927567075,1011.2412
1451927567254,1011.2202
1451927567431,1011.3015
1451927567609,1011.22437
1451927567787,1011.3008
1451927567966,1011.29565
1451927568144,1011.1987
1451927568322,1011.14404
1451927568505,1011.1387
1451927568678,1011.2092
1451927568856,1011.21533
1451927569037,1011.0708
1451927569211,1011.1196
1451927569393,1011.1387
1451927569566,1011.14404
1451927569750,1011.15015
1451927569923,1011.10425
1451927570100,1011.10547
1451927570278,1011.11865
1451927570457,1011.0708
1451927570634,1011.1094
1451927570811,1011.0654
1451927570990,1011.0486
1451927571168,1011.0969
1451927571345,1011.04785
1451927571524,1010.9934
1451927571701,1011.0945
1451927571879,1011.0654
1451927572057,1011.052
1451927572235,1011.0625
1451927572413,1011.0298
1451927572595,1011.0554
1451927572769,1011.0386
1451927572947,1011.11206
1451927573128,1011.0232
1451927573303,1011.0647
1451927573481,1011.0171
1451927573658,1011.0105
1451927573835,1011.02026
1451927574015,1010.8965
1451927574192,1011.0139
1451927574371,1011.03125
1451927574552,1011.01196
1451927574728,1011.0051
1451927574904,1011.0132
1451927575082,1011.0266
1451927575260,1010.9519
1451927575438,1010.9094
1451927575616,1010.968
1451927575797,1011.08105
1451927575971,1011.13354
1451927576153,1010.9475
1451927576328,1011.00195
1451927576506,1011.02856
1451927576688,1010.9446
1451927576861,1011.08496
1451927577042,1010.96924
1451927577217,1010.81616
1451927577395,1010.9922
1451927577574,1011.0498
1451927577754,1011.021
1451927577928,1011.03687
1451927578107,1011.041
1451927578286,1011.04126
1451927578462,1010.97095
1451927578654,1011.0049
1451927578819,1011.06396
1451927578997,1011.0569
1451927579179,1010.97925
1451927579352,1011.022
1451927579530,1010.9487
1451927579708,1010.9956
1451927579885,1010.9863
1451927580062,1010.9866
1451927580242,1010.7444
1451927580420,1010.7981
1451927580598,1010.96436
1451927580780,1011.0217
1451927580954,1011.0005
1451927581134,1010.9917
1451927581310,1011.03394
1451927581487,1011.0078
1451927581666,1010.9612
1451927581856,1010.9868
1451927582020,1010.92725
1451927582203,1010.98145
1451927582376,1010.8723
1451927582554,1011.0095
1451927582733,1011.0032
1451927582910,1011.0532
1451927583091,1011.032
1451927583267,1011.1201
1451927583445,1011.15894
1451927583622,1011.2085
1451927583802,1011.23584
1451927583978,1011.27783
1451927584157,1011.30566
1451927584334,1011.4458
1451927584516,1011.3479
1451927584690,1011.35986
1451927584878,1011.2666
1451927585047,1011.3303
1451927585225,1011.2964
1451927585405,1011.3718
1451927585582,1011.313
1451927585757,1011.2927
1451927585935,1011.2456
1451927586111,1011.2532
1451927586294,1011.2573
1451927586470,1011.15625
1451927586647,1011.1731
1451927586825,1011.1931
1451927587003,1011.11694
1451927587181,1011.14404
1451927587358,1011.11694
1451927587537,1011.14014
1451927587715,1011.0481
1451927587894,1011.053
1451927588073,1011.08105
1451927588250,1011.1172
1451927588424,1011.02734
1451927588605,1011.0176
1451927588782,1011.11646
1451927588960,1011.05884
1451927589137,1011.1206
1451927589315,1011.0205
1451927589497,1010.94604
1451927589678,1010.95874
1451927589849,1011.08936
1451927590029,1010.98584
1451927590206,1011.01904
1451927590383,1010.9944
1451927590566,1011.0603
1451927590743,1011.0166
1451927590935,1010.97095
1451927591095,1010.949
1451927591273,1011.0134
1451927591457,1010.9702
1451927591628,1010.7322
1451927591806,1010.76294
1451927591984,1010.9656
1451927592162,1010.98364
1451927592340,1010.9783
1451927592519,1010.9409
1451927592696,1010.93726
1451927592874,1010.98193
1451927593054,1011.0923
1451927593230,1010.90234
1451927593407,1011.0032
1451927593586,1011.0205
1451927593764,1010.969
1451927593959,1011.1194
1451927594119,1011.16187
1451927594297,1011.13574
1451927594474,1011.15186
1451927594657,1011.0139
1451927594832,1011.12354
1451927595011,1011.2036
1451927595189,1011.1792
1451927595366,1011.2158
1451927595544,1011.1682
1451927595720,1011.2366
1451927595898,1011.2783
1451927596076,1011.1887
1451927596255,1011.24316
1451927596433,1011.2737
1451927596609,1011.2427
1451927596791,1011.0759
1451927596965,1011.2888
1451927597144,1011.26416
1451927597323,1011.2969
1451927597499,1011.26807
1451927597677,1011.30225
1451927597860,1011.1382
1451927598034,1011.16846
1451927598211,1011.08984
1451927598389,1011.103
1451927598567,1011.1677
1451927598745,1011.0801
1451927598923,1011.2146
1451927599102,1011.13086
1451927599279,1011.05493
1451927599457,1011.1167
1451927599634,1011.10254
1451927599811,1011.0664
1451927599990,1011.1343
1451927600170,1011.11743
1451927600348,1010.99365
1451927600524,1011.1194
1451927600706,1011.09033
1451927600883,1011.04175
1451927601059,1011.3694
1451927601237,1011.3462
1451927601415,1011.3623
1451927601592,1011.39233
1451927601772,1011.41724
1451927601948,1011.3828
1451927602127,1011.3999
1451927602307,1011.3596
1451927602481,1011.2959
1451927602660,1011.3855
1451927602839,1011.36914
1451927603021,1011.36523
1451927603197,1011.40356
1451927603371,1011.4331
1451927603549,1011.4309
1451927603727,1011.3342
1451927603905,1011.37476
1451927604082,1011.37354
1451927604261,1011.4927
1451927604439,1011.3906
1451927604618,1011.36475
1451927604795,1011.4131
1451927604973,1011.4448
1451927605150,1011.3865
1451927605328,1011.3638
1451927605507,1011.397
1451927605684,1011.4033
1451927605862,1011.41113
1451927606047,1011.4094
1451927606221,1011.40796
1451927606396,1011.4995
1451927606574,1011.44727
1451927606752,1011.4375
1451927606930,1011.3462
1451927607107,1011.50415
1451927607286,1011.37305
1451927607466,1011.4199
1451927607640,1011.4502
1451927607819,1011.354
1451927607997,1011.4426
1451927608175,1011.4248
1451927608356,1011.4077
1451927608531,1011.416
1451927608709,1011.438
1451927608889,1011.42334
1451927609072,1011.43384
1451927609243,1011.43677
1451927609422,1011.3108
1451927609597,1011.426
1451927609777,1011.416
1451927609955,1011.5132
1451927610132,1011.4988
1451927610312,1011.4702
1451927610489,1011.40894
1451927610670,1011.3091
1451927610844,1011.45483
1451927611023,1011.43677
1451927611199,1011.3684
1451927611380,1011.40967
1451927611554,1011.4148
1451927611734,1011.35474
1451927611911,1011.4197
1451927612119,1011.4155
1451927612270,1011.46826
1451927612448,1011.4343
1451927612623,1011.40674
1451927612801,1011.4177
1451927612978,1011.4365
1451927613156,1011.4597
1451927613335,1011.3782
1451927613514,1011.38306
1451927613690,1011.448
1451927613869,1011.3999
1451927614047,1011.4807
1451927614226,1011.46655
1451927614403,1011.4375
1451927614583,1011.45264
1451927614758,1011.447
1451927614938,1011.3782
1451927615119,1011.4602
1451927615292,1011.40845
1451927615470,1011.39746
1451927615661,1011.3738
1451927615829,1011.48975
1451927616007,1011.43286
1451927616181,1011.427
1451927616362,1011.4553
1451927616541,1011.45654
1451927616715,1011.4419
1451927616893,1011.4392
1451927617074,1011.4458
1451927617249,1011.45825
1451927617430,1011.4348
1451927617608,1011.41406
1451927617782,1011.3589
1451927617960,1011.4109
1451927618139,1011.3906
1451927618317,1011.4197
1451927618495,1011.4634
1451927618672,1011.38306
1451927618851,1011.4021
1451927619030,1011.4404
1451927619210,1011.4695
1451927619385,1011.4304
1451927619566,1011.57446
1451927619739,1011.4033
1451927619921,1011.49
1451927620096,1011.448
1451927620273,1011.4546
1451927620452,1011.5005
1451927620633,1011.4956
1451927620810,1011.3801
1451927620987,1011.4158
1451927621164,1011.48047
1451927621345,1011.4685
1451927621520,1011.44507
1451927621704,1011.34717
1451927621879,1011.4226
1451927622054,1011.4807
1451927622233,1011.4497
1451927622412,1011.39185
1451927622589,1011.5547
1451927622765,1011.4656
1451927622942,1011.449
1451927623121,1011.45874
1451927623298,1011.48926
1451927623481,1011.4094
1451927623653,1011.4592
1451927623831,1011.4829
1451927624012,1011.30273
1451927624194,1011.4812
1451927624365,1011.46387
1451927624545,1011.4973
1451927624722,1011.4573
1451927624899,1011.48755
1451927625080,1011.4746
1451927625255,1011.48193
1451927625433,1011.4758
1451927625611,1011.427
1451927625789,1011.48706
1451927625968,1011.4282
1451927626145,1011.3867
1451927626322,1011.4995
1451927626500,1011.5066
1451927626679,1011.52783
1451927626860,1011.48193
1451927627034,1011.46924
1451927627232,1011.4949
1451927627390,1011.5176
1451927627568,1011.5054
1451927627747,1011.49146
1451927627938,1011.4729
1451927628102,1011.51953
1451927628279,1011.4365
1451927628457,1011.5239
1451927628636,1011.52466
1451927628814,1011.43677
1451927628995,1011.48
1451927629171,1011.52124
1451927629347,1011.5266
1451927629525,1011.44653
1451927629701,1011.38306
1451927629882,1011.27515
1451927630059,1011.4817
1451927630237,1011.489
1451927630417,1011.54443
1451927630593,1011.5078
1451927630771,1011.41797
1451927630949,1011.50073
1451927631126,1011.4712
1451927631304,1011.49316
1451927631482,1011.42114
1451927631661,1011.50806
1451927631837,1011.46387
1451927632019,1011.4326
1451927632197,1011.4822
1451927632371,1011.3982
1451927632552,1011.4917
1451927632729,1011.4988
1451927632906,1011.47437
1451927633084,1011.49243
1451927633277,1011.51
1451927633442,1011.44995
1451927633620,1011.4297
1451927633796,1011.4746
1451927633975,1011.4741
1451927634156,1011.4402
1451927634329,1011.4487
1451927634507,1011.3733
1451927634698,1011.4668
1451927634862,1011.4072
1451927635045,1011.5205
1451927635221,1011.4158
1451927635398,1011.4138
1451927635576,1011.4192
1451927635756,1011.4026
1451927635932,1011.4404
1451927636116,1011.4082
1451927636286,1011.3501
1451927636466,1011.45996
1451927636645,1011.41846
1451927636821,1011.4221
1451927636998,1011.478
1451927637181,1011.5032
1451927637355,1011.4309
1451927637532,1011.4426
1451927637711,1011.40967
1451927637891,1011.42065
1451927638067,1011.45435
1451927638244,1011.38086
1451927638422,1011.3906
1451927638605,1011.3723
1451927638777,1011.1763
1451927638955,1011.36426
1451927639138,1011.41235
1451927639328,1011.3628
1451927639488,1011.3423
1451927639666,1011.4094
1451927639844,1011.4133
1451927640028,1011.2378
1451927640203,1011.14844
1451927640380,1011.3916
1451927640558,1011.3318
1451927640741,1011.3645
1451927640914,1011.3801
1451927641091,1011.3259
1451927641269,1011.4197
1451927641449,1011.3518
1451927641629,1011.3074
1451927641805,1011.3701
1451927641981,1011.33813
1451927642159,1011.3801
1451927642341,1011.3894
1451927642516,1011.35767
1451927642692,1011.3081
1451927642872,1011.33813
1451927643048,1011.3972
1451927643226,1011.3159
1451927643404,1011.41113
1451927643584,1011.41016
1451927643760,1011.3257
1451927643937,1011.37427
1451927644120,1011.37915
1451927644296,1011.3179
1451927644472,1011.3291
1451927644649,1011.38403
1451927644827,1011.35254
1451927645006,1011.37134
1451927645182,1011.4033
1451927645360,1011.2991
1451927645538,1011.3552
1451927645718,1011.3906
1451927645893,1011.29663
1451927646072,1011.36475
1451927646249,1011.3584
1451927646427,1011.39136
1451927646606,1011.3159
1451927646784,1011.3535
1451927646962,1011.2715
1451927647140,1011.3318
1451927647327,1011.3052
1451927647496,1011.27515
1451927647673,1011.405
1451927647854,1011.34766
1451927648034,1011.2898
1451927648207,1011.334
1451927648391,1011.36865
1451927648562,1011.30273
1451927648740,1011.34106
1451927648926,1011.365
1451927649097,1011.2693
1451927649275,1011.3181
1451927649452,1011.40283
1451927649631,1011.36646
1451927649814,1011.3533
1451927649986,1011.41064
1451927650168,1011.405
1451927650344,1011.313
1451927650523,1011.3357
1451927650699,1011.3318
1451927650881,1011.34814
1451927651055,1011.29395
1451927651236,1011.4131
1451927651408,1011.45874
1451927651588,1011.37695
1451927651765,1011.42944
1451927651946,1011.3318
1451927652122,1011.2783
1451927652300,1011.32007
1451927652477,1011.34937
1451927652659,1011.3457
1451927652836,1011.3347
1451927653010,1011.3286
1451927653192,1011.4297
1451927653369,1011.344
1451927653549,1011.3169
1451927653721,1011.35156
1451927653901,1011.40576
1451927654078,1011.31445
1451927654261,1011.3135
1451927654438,1011.30444
1451927654613,1011.41455
1451927654791,1011.3313
1451927654967,1011.2749
1451927655146,1011.3999
1451927655324,1011.3628
1451927655501,1011.34375
1451927655682,1011.3323
1451927655858,1011.2959
1451927656038,1011.31714
1451927656217,1011.20337
1451927656395,1011.32056
1451927656572,1011.3308
1451927656749,1011.303
1451927656925,1011.3452
1451927657106,1011.3762
1451927657284,1011.32837
1451927657470,1011.3469
1451927657642,1011.2937
1451927657815,1011.2976
1451927657993,1011.4673
1451927658176,1011.3323
1451927658348,1011.23145
1451927658527,1011.3762
1451927658704,1011.3042
1451927658887,1011.3523
1451927659061,1011.3484
1451927659239,1011.28613
1451927659420,1011.17554
1451927659595,1011.3699
1451927659770,1011.35864
1451927659951,1011.35913
1451927660128,1011.3169
1451927660308,1011.30176
1451927660483,1011.33594
1451927660665,1011.3291
1451927660845,1011.31226
1451927661016,1011.35254
1451927661202,1011.3799
1451927661371,1011.1926
1451927661552,1011.3347
1451927661729,1011.35156
1451927661913,1011.2471
1451927662086,1011.3386
1451927662263,1011.32935
1451927662444,1011.24243
1451927662620,1011.32666
1451927662799,1011.2971
1451927662976,1011.33057
1451927663156,1011.3887
1451927663331,1011.3938
1451927663528,1011.35913
1451927663707,1011.3584
1451927663865,1011.301
1451927664046,1011.3733
1451927664221,1011.3633
1451927664398,1011.30566
1451927664576,1011.31055
1451927664753,1011.2803
1451927664931,1011.30347
1451927665109,1011.2759
1451927665290,1011.333
1451927665468,1011.2937
1451927665644,1011.2654
1451927665823,1011.31665
1451927666000,1011.36743
1451927666178,1011.33325
1451927666354,1011.33154
1451927666542,1011.3125
1451927666713,1011.23486
1451927666892,1011.28564
1451927667066,1011.3264
1451927667245,1011.32983
1451927667426,1011.3345
1451927667612,1011.3425
1451927667778,1011.24
1451927667956,1011.4177
1451927668136,1011.2988
1451927668311,1011.31323
1451927668489,1011.3015
1451927668667,1011.33984
1451927668845,1011.2744
1451927669026,1011.31445
1451927669203,1011.3435
1451927669379,1011.3147
1451927669567,1011.3645
1451927669749,1011.3423
1451927669916,1011.303
1451927670094,1011.2766
1451927670269,1011.2473
1451927670447,1011.28735
1451927670626,1011.2722
1451927670802,1011.28906
1451927670980,1011.28174
1451927671158,1011.2461
1451927671337,1011.23
1451927671517,1011.21533
1451927671692,1011.2893
1451927671869,1011.27124
1451927672048,1011.2407
1451927672226,1011.3679
1451927672405,1011.3076
1451927672582,1011.2261
1451927672761,1011.1897
1451927672938,1011.19995
1451927673117,1011.20435
1451927673297,1011.2092
1451927673472,1011.17847
1451927673649,1011.14307
1451927673830,1011.22485
1451927674005,1011.15454
1451927674185,1011.1848
1451927674366,1011.1753
1451927674545,1011.14453
1451927674716,1011.1638
1451927674897,1011.0747
1451927675075,1011.1416
1451927675253,1011.11304
1451927675428,1011.19604
1451927675615,1011.1074
1451927675788,1011.1272
1451927675966,1011.1819
1451927676139,1011.16187
1451927676327,1010.97266
1451927676494,1011.2927
1451927676674,1011.1411
1451927676854,1011.1511
1451927677031,1011.12036
1451927677208,1011.16675
1451927677386,1011.136
1451927677566,1011.1875
1451927677743,1011.26733
1451927677920,1011.1555
1451927678097,1011.2388
1451927678283,1011.2134
1451927678454,1011.16797
1451927678637,1011.18994
1451927678812,1011.2029
1451927678988,1011.1887
1451927679164,1011.1675
1451927679345,1011.15283
1451927679521,1011.15845
1451927679699,1011.19385
1451927679878,1011.1714
