1451928749914,-0.3465607,3.2154129,8.383896
1451928749919,-0.35434186,3.2465374,8.373122
1451928749920,-0.34955344,3.2758665,8.372523
1451928749923,-0.3716998,3.293823,8.347384
1451928749926,-0.3890578,3.3075895,8.376713
1451928749931,-0.39863458,3.3291376,8.42759
1451928749936,-0.40043023,3.3075895,8.485649
1451928749940,-0.37229836,3.280655,8.504205
1451928749946,-0.33159694,3.2728736,8.505402
1451928749951,-0.31304187,3.2387564,8.48984
1451928749955,-0.3453636,3.2231941,8.541314
1451928749961,-0.3657143,3.205836,8.556877
1451928749966,-0.40641573,3.1812954,8.590994
1451928749970,-0.39923313,3.1800983,8.57184
1451928749975,-0.37708676,3.2034419,8.573038
1451928749980,-0.40761283,3.198055,8.542512
1451928749986,-0.4225766,3.2130187,8.5473
1451928749990,-0.4321534,3.1878796,8.537724
1451928749995,-0.41359833,3.1896753,8.485649
1451928750000,-0.4177882,3.2196028,8.4826565
1451928750005,-0.39624038,3.2154129,8.423999
1451928750010,-0.3764882,3.2357635,8.422203
1451928750014,-0.40641573,3.2507274,8.422802
1451928750020,-0.4285621,3.2842462,8.407838
1451928750025,-0.439336,3.3129766,8.46051
1451928750030,-0.46148238,3.3243492,8.431181
1451928750035,-0.48841715,3.3207579,8.382699
1451928750039,-0.5201403,3.3237505,8.407239
1451928750046,-0.50637364,3.2992098,8.44016
1451928750050,-0.46686932,3.2890346,8.484452
1451928750054,-0.40821138,3.2968156,8.485051
1451928750060,-0.3842694,3.2728736,8.44375
1451928750065,-0.38067806,3.2800562,8.42759
1451928750070,-0.38307226,3.2770636,8.471284
1451928750075,-0.40102878,3.2692823,8.430583
1451928750080,-0.40521863,3.2770636,8.486847
1451928750085,-0.42437226,3.3033998,8.528147
1451928750089,-0.46327803,3.2878375,8.503007
1451928750094,-0.48482585,3.2998085,8.512584
1451928750100,-0.50757074,3.2968156,8.548497
1451928750104,-0.54408234,3.2998085,8.565855
1451928750110,-0.56802434,3.2962172,8.573636
1451928750114,-0.5823896,3.2890346,8.588001
1451928750119,-0.59017074,3.2920272,8.618527
1451928750124,-0.54408234,3.3081882,8.615535
1451928750129,-0.49081135,3.3315318,8.6257105
1451928750134,-0.43394905,3.3249476,8.632295
1451928750140,-0.41718966,3.333926,8.651448
1451928750144,-0.40940848,3.3363202,8.64666
1451928750150,-0.42916065,3.323152,8.651448
1451928750153,-0.41599256,3.311181,8.626907
1451928750158,-0.38486794,3.2902317,8.617331
1451928750163,-0.34596214,3.2674868,8.579023
1451928750168,-0.35434186,3.2615013,8.5383215
1451928750172,-0.3728969,3.2746694,8.492832
1451928750177,-0.3681085,3.2848446,8.435371
1451928750183,-0.3669114,3.281852,8.326435
1451928750187,-0.37349546,3.2800562,8.24204
1451928750192,-0.36990416,3.2632968,8.182184
1451928750197,-0.36391866,3.2333694,8.154053
1451928750202,-0.3669114,3.2423477,8.095993
1451928750207,-0.37708676,3.2662897,8.071452
1451928750212,-0.36750996,3.288436,8.053496
1451928750217,-0.36990416,3.3105824,8.057686
1451928750223,-0.38187516,3.3213563,8.090606
1451928750227,-0.39264908,3.3279405,8.119336
1451928750232,-0.38965634,3.317765,8.117541
1451928750238,-0.36631286,3.2860417,8.14268
1451928750243,-0.3537433,3.2740707,8.149862
1451928750247,-0.30526072,3.2626984,8.169016
1451928750252,-0.23163901,3.2184057,8.20433
1451928750259,-0.20051439,3.177704,8.194156
1451928750262,-0.19752164,3.1334114,8.201937
1451928750267,-0.20051439,3.1106665,8.277952
1451928750272,-0.23942018,3.105878,8.306085
1451928750277,-0.23822308,3.093907,8.354567
1451928750282,-0.2148796,3.0879216,8.37372
1451928750287,-0.21188685,3.0699651,8.406641
1451928750292,-0.22744916,3.0556,8.396465
1451928750297,-0.24121583,3.0550013,8.362348
1451928750302,-0.25139117,3.063381,8.38629
1451928750307,-0.2681506,3.0909145,8.380304
1451928750311,-0.29867667,3.1082723,8.3551655
1451928750317,-0.30705637,3.0897174,8.31207
1451928750322,-0.28431144,3.1094694,8.269572
1451928750328,-0.24660277,3.108871,8.282741
1451928750331,-0.23403321,3.0891187,8.301894
1451928750341,-0.2160767,3.0885203,8.3390045
1451928750342,-0.2112883,3.0693667,8.407239
1451928750346,-0.19632454,3.0544028,8.450933
1451928750351,-0.19991584,3.1040826,8.505402
1451928750356,-0.20949265,3.1310172,8.593987
1451928750361,-0.19273324,3.1429882,8.647857
1451928750366,-0.18495208,3.1202433,8.677784
1451928750372,-0.16879122,3.132813,8.687361
1451928750376,-0.16998832,3.127426,8.702325
1451928750381,-0.14724341,3.120842,8.72088
1451928750386,-0.14844051,3.1250317,8.704121
1451928750393,-0.1436521,3.1052797,8.67539
1451928750395,-0.15083471,3.117849,8.635287
1451928750402,-0.15801731,3.1561563,8.635885
1451928750407,-0.14903906,3.1717186,8.611345
1451928750410,-0.15981296,3.1783028,8.586804
1451928750415,-0.18495208,3.2004492,8.623915
1451928750425,-0.15741876,3.1998506,8.570643
1451928750426,-0.17118542,3.1789012,8.550891
1451928750431,-0.15981296,3.1789012,8.608353
1451928750447,-0.16400282,3.1723173,8.607155
1451928750447,-0.17417817,3.1842883,8.620922
1451928750450,-0.17238252,3.1932666,8.668207
1451928750451,-0.18375498,3.1896753,8.690353
1451928750462,-0.20051439,3.2213984,8.688558
1451928750463,-0.20949265,3.2010477,8.714894
1451928750464,-0.21308395,3.2225955,8.694544
1451928750469,-0.22565351,3.2040405,8.669404
1451928750474,-0.19572599,3.165733,8.640076
1451928750480,-0.18136078,3.1489737,8.552089
1451928750484,-0.18555063,3.1429882,8.496424
1451928750489,-0.18734628,3.1226375,8.465299
1451928750494,-0.17776948,3.1244333,8.359355
1451928750500,-0.17058687,3.1202433,8.304289
1451928750504,-0.18076223,3.1238346,8.268375
1451928750509,-0.18076223,3.1238346,8.268375
1451928750513,-0.18016368,3.1232362,8.243835
1451928750519,-0.19153613,3.1148565,8.309675
1451928750525,-0.21308395,3.1268275,8.352771
1451928750533,-0.21906945,3.1244333,8.378509
1451928750535,-0.2172738,3.1106665,8.468291
1451928750540,-0.22505496,3.0986955,8.500613
1451928750544,-0.22984336,3.1184478,8.542512
1451928750549,-0.2088941,3.1310172,8.544308
1451928750554,-0.23642741,3.0986955,8.558074
1451928750559,-0.24839842,3.0813377,8.578424
1451928750563,-0.26635495,3.095703,8.603564
1451928750570,-0.26635495,3.064578,8.630499
1451928750574,-0.26156655,3.0460231,8.654441
1451928750580,-0.24720132,3.0430303,8.646061
1451928750583,-0.25438392,3.0418332,8.612542
1451928750590,-0.26156655,3.0663738,8.591593
1451928750593,-0.24181437,3.056797,8.540716
1451928750598,-0.23343466,3.0657754,8.517372
1451928750603,-0.26156655,3.0651767,8.436568
1451928750610,-0.27712885,3.067571,8.413225
1451928750614,-0.27952304,3.0735564,8.421604
1451928750618,-0.23642741,3.0843303,8.393473
1451928750624,-0.20590134,3.072958,8.371326
1451928750628,-0.15263036,3.0579941,8.354567
1451928750633,-0.13108255,3.0442274,8.372523
1451928750638,-0.12808979,3.052607,8.409035
1451928750643,-0.11671733,3.0591912,8.444349
1451928750649,-0.12749124,3.0963013,8.480861
1451928750653,-0.13826515,3.1453824,8.456919
1451928750658,-0.15622166,3.1932666,8.483255
1451928750662,-0.10235212,3.1914709,8.492233
1451928750667,-0.065242,3.1543608,8.470087
1451928750672,-0.05207389,3.1238346,8.405443
1451928750678,-0.045489833,3.1190462,8.398261
1451928750682,-0.077811554,3.1214404,8.437167
1451928750687,-0.073621705,3.1543608,8.458116
1451928750692,-0.050876785,3.1489737,8.39467
1451928750697,-0.035913024,3.1519666,8.300098
1451928750702,-0.060453594,3.1914709,8.233061
1451928750708,-0.0724246,3.2243912,8.2354555
1451928750712,-0.092775315,3.2273839,8.346786
1451928750717,-0.095768064,3.2184057,8.395268
1451928750722,-0.08798691,3.2028434,8.4826565
1451928750727,-0.077811554,3.1908724,8.533533
1451928750732,-0.050278235,3.181894,8.516175
1451928750737,-0.04309563,3.153762,8.582016
1451928750741,-0.037708677,3.1322143,8.643068
1451928750748,-0.06404489,3.0986955,8.720282
1451928750751,-0.074818805,3.0921116,8.7609825
1451928750758,-0.0676362,3.0615854,8.789114
1451928750761,-0.08678981,3.020884,8.777742
1451928750766,-0.1328782,3.004723,8.771756
1451928750771,-0.13706805,3.0262709,8.729858
1451928750777,-0.14903906,3.0334535,8.678981
1451928750781,-0.16579847,3.0250738,8.675988
1451928750788,-0.1604115,3.0304608,8.695741
1451928750791,-0.18315643,3.0334535,8.627506
1451928750796,-0.22804771,3.0657754,8.579621
1451928750801,-0.23762453,3.0771477,8.508993
1451928750806,-0.2765303,3.104681,8.471284
1451928750811,-0.23942018,3.080739,8.494628
1451928750816,-0.18495208,3.0579941,8.4664955
1451928750821,-0.1400608,3.0442274,8.406042
1451928750826,-0.11791443,2.9993362,8.398261
1451928750831,-0.12689269,3.0017304,8.358158
1451928750836,-0.11671733,3.0232782,8.372523
1451928750841,-0.1436521,3.0442274,8.407239
1451928750847,-0.16460137,3.0693667,8.43178
1451928750850,-0.17956513,3.0639796,8.473679
1451928750856,-0.16879122,3.0310593,8.541913
1451928750860,-0.18914193,2.9981391,8.5473
1451928750867,-0.19632454,2.9885623,8.565256
1451928750871,-0.20709845,2.991555,8.542512
1451928750875,-0.23822308,3.003526,8.529344
1451928750880,-0.27353755,3.015497,8.520366
1451928750886,-0.26276365,2.9909565,8.48146
1451928750890,-0.2705448,2.9993362,8.470686
1451928750895,-0.24600422,3.007716,8.451532
1451928750900,-0.2148796,3.015497,8.393473
1451928750905,-0.19692309,3.008913,8.358757
1451928750910,-0.20829555,3.0095115,8.347982
1451928750916,-0.2160767,3.0184898,8.368334
1451928750920,-0.20829555,3.0322564,8.356362
1451928750927,-0.1933318,3.020884,8.374918
1451928750929,-0.2220622,3.0334535,8.364742
1451928750937,-0.22146365,3.0340521,8.355764
1451928750940,-0.23343466,3.0460231,8.325238
1451928750944,-0.23463176,3.0466216,8.292317
1451928750949,-0.24001873,3.0615854,8.24563
1451928750955,-0.25139117,3.0460231,8.249222
1451928750959,-0.25737667,3.0603883,8.248025
1451928750964,-0.260968,3.0657754,8.191162
1451928750968,-0.25797522,3.09271,8.167819
1451928750974,-0.25258827,3.0974984,8.189367
1451928750979,-0.23762453,3.0885203,8.186973
1451928750984,-0.22984336,3.0747535,8.234857
1451928750988,-0.22325931,3.084929,8.267777
1451928750994,-0.22325931,3.0831332,8.302493
1451928750998,-0.22864626,3.1004913,8.325836
1451928751003,-0.219668,3.1052797,8.37372
1451928751008,-0.19812019,3.1226375,8.42759
1451928751014,-0.19871874,3.1106665,8.465898
1451928751018,-0.19572599,3.0951042,8.522759
1451928751023,-0.18255788,3.0885203,8.59279
1451928751029,-0.18076223,3.084929,8.581417
1451928751034,-0.18674773,3.0933087,8.612542
1451928751038,-0.2184709,3.0873232,8.671799
1451928751043,-0.207697,3.0903158,8.6574335
1451928751049,-0.20829555,3.0998926,8.6574335
1451928751053,-0.20829555,3.0951042,8.689755
1451928751058,-0.18435353,3.063381,8.746018
1451928751063,-0.16819267,3.0663738,8.743026
1451928751071,-0.15801731,3.05141,8.718486
1451928751074,-0.15861586,3.0705638,8.7053175
1451928751078,-0.15023616,3.095703,8.7370405
1451928751082,-0.12449849,3.128623,8.750807
1451928751088,-0.09935937,3.1549592,8.757391
1451928751094,-0.06344634,3.1860838,8.767567
1451928751098,-0.038307227,3.1878796,8.781932
1451928751103,0.014963761,3.2064347,8.796896
1451928751109,0.038307227,3.1639376,8.822035
1451928751115,0.046686932,3.1322143,8.841787
1451928751118,0.0676362,3.1130607,8.807071
1451928751123,0.10534488,3.098097,8.776545
1451928751129,0.12030864,3.0951042,8.742428
1451928751135,0.13587095,3.0591912,8.669404
1451928751137,0.14963761,3.043629,8.544906
1451928751144,0.12569559,3.0370448,8.39886
1451928751147,0.079008654,3.05141,8.247426
1451928751152,-0.008379706,3.0867245,8.102577
1451928751157,-0.062249243,3.1352072,7.949348
1451928751162,-0.08379706,3.1627405,7.840412
1451928751167,-0.10594343,3.1651347,7.7428484
1451928751172,-0.12988544,3.157952,7.667431
1451928751177,-0.15502456,3.1322143,7.656657
1451928751182,-0.17417817,3.1465795,7.700351
1451928751188,-0.2124854,3.1591492,7.792528
1451928751193,-0.24720132,3.2208,7.9182234
1451928751198,-0.29508537,3.2124202,8.065467
1451928751203,-0.31364042,3.2034419,8.224083
1451928751206,-0.37469256,3.1902738,8.422802
1451928751212,-0.43394905,3.1741128,8.567052
1451928751216,-0.49559975,3.1429882,8.680777
1451928751221,-0.5626374,3.1555579,8.728661
1451928751227,-0.587178,3.1280246,8.714295
1451928751231,-0.62249243,3.1010897,8.801085
1451928751236,-0.6356605,3.028665,8.815451
1451928751241,-0.6476316,2.9933507,8.837597
1451928751246,-0.6314707,2.9580362,8.801085
1451928751251,-0.6344634,2.9269116,8.780136
1451928751256,-0.6278794,2.930503,8.726865
1451928751261,-0.6147113,2.9921536,8.693346
1451928751266,-0.6356605,3.0184898,8.641871
1451928751271,-0.6123171,3.0699651,8.591593
1451928751275,-0.5907693,3.128623,8.546701
1451928751280,-0.5602432,3.1783028,8.565855
1451928751286,-0.5446809,3.1854854,8.537724
1451928751291,-0.4961983,3.2094274,8.546701
1451928751296,-0.46387658,3.21661,8.55987
1451928751300,-0.43993455,3.2399535,8.527548
1451928751305,-0.40222588,3.2315738,8.500613
1451928751310,-0.38606504,3.2507274,8.5622635
1451928751315,-0.34596214,3.2363622,8.540117
1451928751320,-0.3238158,3.2399535,8.558673
1451928751325,-0.30526072,3.2585084,8.570643
1451928751331,-0.30645782,3.2615013,8.569447
1451928751335,-0.28491,3.2561142,8.576031
1451928751339,-0.2765303,3.2722752,8.526351
1451928751345,-0.2753332,3.3051953,8.566454
1451928751350,-0.24899697,3.3063924,8.549096
1451928751355,-0.2669535,3.304597,8.516175
1451928751359,-0.27353755,3.293823,8.546103
1451928751364,-0.2681506,3.3159695,8.533533
1451928751369,-0.2777274,3.3028011,8.565855
1451928751374,-0.2717419,3.2752678,8.632893
1451928751379,-0.2896984,3.2626984,8.68796
1451928751384,-0.33039984,3.259107,8.734647
1451928751389,-0.3633201,3.2543187,8.714295
1451928751395,-0.3728969,3.2303767,8.711902
1451928751399,-0.3728969,3.2303767,8.711902
1451928751404,-0.4189853,3.1896753,8.6299
1451928751409,-0.4321534,3.1812954,8.639477
1451928751414,-0.4381389,3.1555579,8.55987
1451928751420,-0.43754035,3.1471782,8.517372
1451928751424,-0.45310268,3.1352072,8.43178
1451928751429,-0.43754035,3.1376014,8.359954
1451928751435,-0.427365,3.115455,8.282143
1451928751438,-0.43035775,3.115455,8.252214
1451928751445,-0.41718966,3.128623,8.259995
1451928751449,-0.39683893,3.1376014,8.283937
1451928751455,-0.4189853,3.1741128,8.376115
1451928751458,-0.4177882,3.2004492,8.450933
1451928751464,-0.41479546,3.2070332,8.508394
1451928751469,-0.39264908,3.198055,8.567052
1451928751472,-0.37588966,3.181894,8.642469
1451928751478,-0.36152446,3.1411927,8.695142
1451928751483,-0.3513491,3.1352072,8.752005
1451928751488,-0.3657143,3.1022868,8.813655
1451928751492,-0.3441665,3.0998926,8.803479
1451928751497,-0.33279404,3.086126,8.802282
1451928751502,-0.30047232,3.1004913,8.824429
1451928751507,-0.29508537,3.0873232,8.81964
1451928751512,-0.29807812,3.1016884,8.79929
1451928751517,-0.2705448,3.1118636,8.804677
1451928751522,-0.2801216,3.098097,8.804078
1451928751528,-0.26635495,3.1028855,8.794501
1451928751532,-0.25318682,3.0951042,8.790312
1451928751537,-0.2693477,3.0951042,8.771756
1451928751542,-0.28191724,3.1232362,8.787319
1451928751548,-0.27473465,3.1262288,8.749012
1451928751552,-0.2837129,3.1124623,8.709507
1451928751558,-0.30107087,3.1507695,8.659827
1451928751562,-0.2753332,3.1495724,8.629301
1451928751569,-0.26276365,3.140594,8.589797
1451928751572,-0.25498247,3.1854854,8.565256
1451928751577,-0.25139117,3.1986535,8.520366
1451928751582,-0.24181437,3.2208,8.489241
1451928751587,-0.19572599,3.240552,8.49343
1451928751592,-0.18076223,3.2387564,8.506598
1451928751598,-0.16938977,3.2064347,8.499416
1451928751602,-0.16579847,3.2070332,8.53054
1451928751610,-0.15023616,3.192668,8.547898
1451928751612,-0.16220717,3.1519666,8.567052
1451928751617,-0.17238252,3.1304188,8.569447
1451928751622,-0.20470424,3.1112652,8.55987
1451928751628,-0.20590134,3.1130607,8.5538845
1451928751632,-0.19153613,3.110068,8.543709
1451928751637,-0.17956513,3.1028855,8.557475
1451928751642,-0.18674773,3.1028855,8.613739
1451928751650,-0.18435353,3.1130607,8.598776
1451928751652,-0.15502456,3.153762,8.565855
1451928751657,-0.16938977,3.176507,8.558074
1451928751662,-0.15502456,3.2070332,8.59279
1451928751667,-0.15861586,3.2052376,8.579621
1451928751672,-0.1448492,3.2136173,8.632893
1451928751677,-0.11192893,3.2136173,8.690952
1451928751682,-0.08738836,3.1950622,8.81605
1451928751687,-0.09876082,3.168726,8.889072
1451928751691,-0.091578215,3.1771057,8.911818
1451928751697,-0.078410104,3.1399956,8.96449
1451928751701,-0.06404489,3.1399956,9.053075
1451928751707,-0.06284779,3.1531637,9.142858
1451928751711,-0.05925649,3.1477766,9.120711
1451928751716,-0.046088383,3.139397,9.096769
1451928751721,-0.06404489,3.1280246,9.084799
1451928751726,-0.061650693,3.1639376,9.056666
1451928751731,-0.095768064,3.1860838,9.005191
1451928751768,-0.078410104,3.1812954,8.983045
1451928751769,-0.059855044,3.1956608,8.822035
1451928751769,-0.059855044,3.1956608,8.822035
1451928751769,-0.059855044,3.1956608,8.822035
1451928751770,-0.059855044,3.1956608,8.822035
1451928751770,-0.045489833,3.163339,8.743625
1451928751770,-0.049679685,3.1705215,8.644265
1451928751770,-0.047884032,3.1585505,8.5862055
1451928751770,-0.035314474,3.1621418,8.560468
1451928751784,-0.044891283,3.177704,8.526949
1451928751784,-0.04070143,3.1962593,8.492832
1451928751784,-0.03172317,3.177704,8.513782
1451928751795,-0.019752163,3.1824925,8.554482
1451928751796,0.0053869537,3.1812954,8.615535
1451928751827,-0.012569559,3.1836896,8.683171
1451928751828,-0.026934769,3.193865,8.724471
1451928751828,-0.010175358,3.1591492,8.771756
1451928751828,-0.006584055,3.1543608,8.780136
1451928751829,0.022146367,3.1411927,8.822035
1451928751829,0.01316811,3.1280246,8.828619
1451928751829,0.01436521,3.1292217,8.847773
1451928751833,0.008978256,3.104681,8.870518
1451928751841,0.014963761,3.0843303,8.838794
1451928751843,0.0035913025,3.09271,8.743026
1451928751851,-0.016759412,3.1040826,8.74123
1451928751853,-0.050278235,3.1334114,8.70831
1451928751858,-0.0724246,3.1250317,8.748413
1451928751862,-0.090381116,3.1280246,8.74542
1451928751868,-0.11192893,3.1244333,8.704121
1451928751872,-0.13347675,3.1244333,8.684967
1451928751877,-0.15622166,3.1142578,8.668806
1451928751882,-0.14844051,3.0891187,8.645462
1451928751887,-0.15382746,3.086126,8.6496525
1451928751892,-0.15981296,3.0723593,8.659827
1451928751902,-0.16938977,3.0669725,8.66701
1451928751903,-0.18375498,3.083732,8.662222
1451928751908,-0.16460137,3.083732,8.654441
1451928751913,-0.17597382,3.0891187,8.598776
1451928751920,-0.22445641,3.1226375,8.590396
1451928751923,-0.22325931,3.0969,8.604162
1451928751928,-0.20051439,3.0879216,8.648455
1451928751936,-0.18794483,3.1196449,8.674192
1451928751954,-0.19512744,3.120842,8.671799
1451928751955,-0.2220622,3.1148565,8.693346
1451928751957,-0.22266077,3.1052797,8.664018
1451928751958,-0.25198972,3.1160536,8.725668
1451928751959,-0.27234045,3.1160536,8.735245
1451928751974,-0.27832595,3.1106665,8.722675
1451928751974,-0.27593175,3.1094694,8.760384
1451928751975,-0.2693477,3.1142578,8.726865
1451928751977,-0.25917232,3.1028855,8.681973
1451928751982,-0.22685061,3.108871,8.670602
1451928751987,-0.20709845,3.1112652,8.6712
1451928751991,-0.20410569,3.1196449,8.661623
1451928751998,-0.207697,3.1070752,8.735245
1451928752002,-0.18854338,3.1280246,8.781333
1451928752007,-0.14784196,3.144784,8.878299
1451928752011,-0.16101007,3.1441853,8.917803
1451928752016,-0.14784196,3.153762,9.01417
1451928752021,-0.12749124,3.1555579,9.0476885
1451928752026,-0.11971009,3.1609447,9.103952
1451928752032,-0.12868834,3.1759086,9.106346
1451928752036,-0.1376666,3.1669302,9.071032
1451928752041,-0.15981296,3.1812954,9.087193
1451928752049,-0.17657238,3.1866825,9.044696
1451928752051,-0.18674773,3.1609447,8.9519205
1451928752056,-0.16101007,3.1310172,8.902241
1451928752061,-0.14065935,3.13401,8.845378
1451928752066,-0.15083471,3.1495724,8.775348
1451928752071,-0.15442601,3.164536,8.748413
1451928752076,-0.15442601,3.1794999,8.713099
1451928752084,-0.15861586,3.2231941,8.734048
1451928752085,-0.15682021,3.2261868,8.737639
1451928752090,-0.16699557,3.2172086,8.769362
1451928752095,-0.15442601,3.2279825,8.798093
1451928752100,-0.14664486,3.2028434,8.838196
1451928752105,-0.14664486,3.1914709,8.832211
1451928752111,-0.13826515,3.1771057,8.868123
1451928752117,-0.14544775,3.1723173,8.868123
1451928752120,-0.14065935,3.1723173,8.862736
1451928752125,-0.15741876,3.177704,8.847773
1451928752132,-0.15682021,3.1860838,8.822633
1451928752135,-0.1352724,3.2082303,8.768764
1451928752140,-0.1388637,3.2489316,8.710106
1451928752145,-0.1328782,3.2662897,8.661623
1451928752150,-0.13227965,3.2908301,8.675988
1451928752155,-0.13706805,3.292626,8.72088
1451928752160,-0.14544775,3.2848446,8.752603
1451928752166,-0.15322891,3.2962172,8.789114
1451928752169,-0.17118542,3.2788591,8.858546
1451928752174,-0.17717093,3.2638955,8.957307
1451928752181,-0.19632454,3.247136,9.020754
1451928752186,-0.2208651,3.2411506,9.093178
1451928752189,-0.21188685,3.2411506,9.123704
1451928752194,-0.24001873,3.2112231,9.193136
1451928752199,-0.23582886,3.2267854,9.218275
1451928752205,-0.25617957,3.2345665,9.238626
1451928752209,-0.27353755,3.2375593,9.242816
1451928752217,-0.2873042,3.2321723,9.2069025
1451928752219,-0.26755205,3.2303767,9.1512375
1451928752224,-0.25737667,3.229778,9.081805
1451928752231,-0.22266077,3.2052376,8.9842415
1451928752235,-0.2100912,3.2208,8.91481
1451928752239,-0.24540567,3.2208,8.816648
1451928752244,-0.24061728,3.2381577,8.741829
1451928752250,-0.21188685,3.245939,8.706514
1451928752254,-0.207697,3.2483332,8.664018
1451928752259,-0.18974048,3.2626984,8.668806
1451928752264,-0.18375498,3.2680852,8.641871
1451928752269,-0.19692309,3.240552,8.659229
1451928752273,-0.18195933,3.2243912,8.72507
1451928752281,-0.17956513,3.2291796,8.765172
1451928752284,-0.18495208,3.198055,8.801684
1451928752288,-0.17776948,3.2160115,8.843582
1451928752293,-0.17776948,3.2160115,8.843582
1451928752299,-0.18614918,3.2040405,8.891466
1451928752303,-0.19752164,3.1830912,8.9124155
1451928752308,-0.2184709,3.1741128,8.883685
1451928752315,-0.20410569,3.1471782,8.851364
1451928752317,-0.22625206,3.1561563,8.789114
1451928752323,-0.23163901,3.132813,8.729858
1451928752328,-0.25857377,3.0921116,8.67958
1451928752333,-0.2621651,3.0831332,8.6496525
1451928752340,-0.2705448,3.0759506,8.571242
1451928752344,-0.2657564,3.072958,8.539519
1451928752354,-0.26635495,3.086126,8.4904375
1451928752355,-0.29448682,3.0945058,8.517372
1451928752358,-0.30705637,3.1184478,8.53054
1451928752363,-0.31603462,3.117849,8.5538845
1451928752367,-0.32142156,3.0998926,8.656835
1451928752372,-0.35553896,3.0945058,8.717288
1451928752377,-0.36391866,3.0789435,8.776545
1451928752382,-0.362123,3.0777464,8.799889
1451928752387,-0.35673606,3.0891187,8.911219
1451928752392,-0.3489549,3.0681696,8.953117
1451928752396,-0.38726214,3.0591912,8.977059
1451928752402,-0.40462008,3.0346506,9.051878
1451928752406,-0.3854665,3.0346506,9.072228
1451928752412,-0.39025488,3.0496144,9.078215
1451928752417,-0.3854665,3.0561984,9.091382
1451928752422,-0.38367084,3.0825348,9.059659
1451928752427,-0.39384618,3.103484,9.061455
1451928752432,-0.35314476,3.1262288,9.058462
1451928752441,-0.35194764,3.1387985,9.024344
1451928752442,-0.3393781,3.12982,9.003395
1451928752447,-0.3250129,3.13401,8.929175
1451928752451,-0.32441434,3.1310172,8.875904
1451928752456,-0.3250129,3.1591492,8.842984
1451928752462,-0.29388827,3.1609447,8.847773
1451928752466,-0.27593175,3.1789012,8.790312
1451928752471,-0.2621651,3.193865,8.7292595
1451928752476,-0.25139117,3.2279825,8.724471
1451928752481,-0.24061728,3.2393548,8.676587
1451928752486,-0.22445641,3.2315738,8.704121
1451928752491,-0.19632454,3.2441432,8.713697
1451928752496,-0.19393034,3.2387564,8.714894
1451928752502,-0.20709845,3.2465374,8.744822
1451928752506,-0.20590134,3.2626984,8.776545
1451928752511,-0.19871874,3.2585084,8.76637
1451928752517,-0.20350714,3.259107,8.790312
1451928752521,-0.20410569,3.2555158,8.819042
1451928752526,-0.20649989,3.2501287,8.849568
1451928752532,-0.24241292,3.2483332,8.913014
1451928752537,-0.26156655,3.2561142,8.952518
1451928752541,-0.2681506,3.2609026,9.002198
1451928752546,-0.25558102,3.2561142,9.060258
1451928752551,-0.25558102,3.233968,9.083601
1451928752556,-0.24839842,3.2315738,9.118318
1451928752566,-0.29149407,3.2052376,9.1512375
1451928752567,-0.2789245,3.1884782,9.150639
1451928752570,-0.25917232,3.1872811,9.141062
1451928752575,-0.27593175,3.1896753,9.089587
1451928752581,-0.28909984,3.2249897,9.051878
1451928752585,-0.30526072,3.2477345,9.0237465
1451928752590,-0.2705448,3.2507274,8.959103
1451928752596,-0.24660277,3.2501287,8.9279785
1451928752600,-0.21188685,3.2423477,8.899846
1451928752605,-0.18914193,3.2237926,8.896255
1451928752610,-0.16819267,3.204639,8.902241
1451928752616,-0.16160862,3.1998506,8.899248
1451928752621,-0.16998832,3.204639,8.872911
1451928752625,-0.16160862,3.21661,8.8567505
1451928752630,-0.17956513,3.205836,8.847174
1451928752636,-0.14963761,3.205836,8.796896
1451928752640,-0.17238252,3.196858,8.752603
1451928752645,-0.1933318,3.1812954,8.659229
1451928752650,-0.19512744,3.1860838,8.5778265
1451928752655,-0.21428105,3.2022448,8.522161
1451928752660,-0.20111294,3.1920695,8.543709
1451928752666,-0.23702596,3.2237926,8.542512
1451928752669,-0.23762453,3.2172086,8.575432
1451928752674,-0.25558102,3.2124202,8.669404
1451928752680,-0.2717419,3.1998506,8.763975
1451928752684,-0.2621651,3.1681273,8.896853
1451928752690,-0.24600422,3.1244333,9.00579
1451928752694,-0.2705448,3.0933087,9.111733
1451928752700,-0.29029694,3.0520086,9.162011
1451928752704,-0.30286652,3.0538042,9.20391
1451928752710,-0.30945057,3.0322564,9.171588
1451928752716,-0.29149407,3.0490158,9.129091
1451928752719,-0.30047232,3.040636,9.087791
1451928752726,-0.30166942,3.0484173,9.00579
1451928752729,-0.25558102,3.0561984,8.911219
1451928752734,-0.24480712,3.0783448,8.843582
1451928752739,-0.23942018,3.1004913,8.804078
1451928752744,-0.2100912,3.140594,8.782531
1451928752748,-0.17956513,3.157952,8.744822
1451928752754,-0.19692309,3.1723173,8.770559
1451928752759,-0.17717093,3.1992521,8.770559
1451928752764,-0.18016368,3.2393548,8.826224
1451928752768,-0.16639702,3.2585084,8.876503
1451928752775,-0.15322891,3.2411506,8.91062
1451928752778,-0.17477672,3.2477345,8.9602995
1451928752784,-0.16160862,3.2375593,8.978855
1451928752788,-0.17178397,3.2124202,8.989629
1451928752794,-0.18914193,3.2028434,9.063849
1451928752798,-0.18495208,3.196858,9.0842
1451928752803,-0.18136078,3.192668,9.138069
1451928752808,-0.15741876,3.1890767,9.165603
1451928752813,-0.15622166,3.1783028,9.114127
1451928752819,-0.16819267,3.177704,9.093178
1451928752822,-0.15083471,3.164536,9.0842
1451928752828,-0.14903906,3.1501708,9.074623
1451928752832,-0.14844051,3.1783028,9.041702
1451928752838,-0.1592144,3.2034419,8.958505
1451928752842,-0.15861586,3.2106245,8.930971
1451928752848,-0.19273324,3.2309752,8.90643
1451928752852,-0.20709845,3.2555158,8.845378
1451928752861,-0.22744916,3.2513258,8.851962
1451928752862,-0.22744916,3.2573113,8.825027
1451928752867,-0.24480712,3.2507274,8.833407
1451928752873,-0.23343466,3.2429461,8.839393
1451928752877,-0.20530279,3.2249897,8.849568
1451928752882,-0.21787235,3.198055,8.86932
1451928752888,-0.21188685,3.1824925,8.896255
1451928752893,-0.2136825,3.1711202,8.954913
1451928752897,-0.21787235,3.1669302,8.986636
1451928752903,-0.19991584,3.132813,9.024344
1451928752907,-0.19512744,3.1070752,9.018958
1451928752911,-0.18375498,3.095703,8.991425
1451928752917,-0.16220717,3.0783448,8.953716
1451928752921,-0.15562311,3.0771477,8.926781
1451928752927,-0.1592144,3.0735564,8.882488
1451928752934,-0.15203181,3.0585926,8.849568
1451928752937,-0.15083471,3.05141,8.831013
1451928752949,-0.1316811,3.0579941,8.834604
1451928752950,-0.1316811,3.0591912,8.771756
1451928752951,-0.1400608,3.0532057,8.739435
1451928752957,-0.12689269,3.0651767,8.695741
1451928752967,-0.09995792,3.071761,8.688558
1451928752968,-0.09995792,3.083732,8.665215
1451928752971,-0.10055647,3.079542,8.674791
1451928752976,-0.089782566,3.0819361,8.667608
1451928752980,-0.08439561,3.091513,8.664018
1451928752985,-0.06464344,3.0867245,8.671799
1451928752990,-0.049679685,3.083732,8.661025
1451928752996,-0.04189853,3.0711622,8.651448
1451928753000,-0.03172317,3.074155,8.675988
1451928753005,0.0017956513,3.0502129,8.7292595
1451928753010,-0.011971008,3.0591912,8.720282
1451928753016,0.015562311,3.0831332,8.725668
1451928753020,0.0053869537,3.1040826,8.746617
1451928753028,0.011372458,3.0753522,8.791509
1451928753030,0.020949265,3.0747535,8.809465
1451928753036,0.031124622,3.083732,8.805874
1451928753040,0.02813187,3.0627825,8.796896
1451928753046,0.044292733,3.0735564,8.834005
1451928753050,0.037110128,3.080739,8.842385
1451928753056,0.023343466,3.0891187,8.910022
1451928753060,0.010773907,3.0789435,8.928576
1451928753066,0.004189853,3.103484,8.920197
1451928753071,-0.011372458,3.0951042,8.933365
1451928753077,-0.017956512,3.1004913,8.893262
1451928753080,-0.020949265,3.1130607,8.872313
1451928753084,-0.0077811554,3.12982,8.865729
1451928753090,-0.03172317,3.1238346,8.810063
1451928753095,-0.030526072,3.1399956,8.728661
1451928753099,-0.026934769,3.1531637,8.680179
1451928753106,-0.01616086,3.1741128,8.652046
1451928753109,0.010175358,3.1932666,8.626308
1451928753115,0.007182605,3.1920695,8.622119
1451928753119,-5.985504E-4,3.1974564,8.659229
1451928753125,0.02633622,3.205836,8.696938
1451928753129,0.0077811554,3.1866825,8.809465
1451928753135,-0.0053869537,3.176507,8.905831
1451928753140,-0.038905777,3.169923,8.971074
1451928753146,-0.06584055,3.1675289,9.045294
1451928753150,-0.076015905,3.1627405,9.054871
1451928753155,-0.06943185,3.1352072,9.099164
1451928753159,-0.08439561,3.1381998,9.053075
1451928753164,-0.10654198,3.1262288,8.995016
1451928753169,-0.10295067,3.0885203,8.915408
1451928753174,-0.08619126,3.1118636,8.801085
1451928753178,-0.10414778,3.1304188,8.7125
1451928753184,-0.095768064,3.1848867,8.666411
1451928753189,-0.09935937,3.205836,8.598177
1451928753193,-0.12150574,3.2435448,8.599973
1451928753199,-0.12150574,3.2435448,8.599973
1451928753203,-0.10474633,3.2716765,8.602965
1451928753208,-0.092775315,3.2998085,8.663419
1451928753213,-0.10115502,3.2740707,8.731055
1451928753218,-0.0700304,3.2423477,8.770559
1451928753225,-0.0796072,3.2387564,8.827422
1451928753228,-0.034715924,3.2273839,8.818443
1451928753235,0.030526072,3.2118216,8.820838
1451928753239,0.09995792,3.1304188,8.823831
1451928753244,0.15741876,3.074155,8.859145
1451928753250,0.17178397,3.0490158,8.847773
1451928753256,0.18674773,3.0903158,8.8328085
1451928753258,0.18914193,3.1346085,8.884284
1451928753264,0.17717093,3.1729157,8.918402
1451928753268,0.17477672,3.2118216,8.942344
1451928753274,0.20111294,3.2004492,8.985439
1451928753277,0.23223756,3.153762,9.004593
1451928753282,0.2765303,3.0986955,9.059659
1451928753288,0.30286652,3.1052797,9.016563
1451928753292,0.32142156,3.0747535,9.057863
1451928753297,0.33279404,3.0801406,9.052477
1451928753302,0.3453636,3.1118636,9.007586
1451928753308,0.3788824,3.110068,9.001001
1451928753312,0.4201824,3.0992942,9.01417
1451928753318,0.39384618,3.0627825,9.044696
1451928753322,0.41958386,3.039439,9.087791
1451928753326,0.4165911,3.0220811,9.1512375
1451928753332,0.415394,2.9987376,9.157223
1451928753336,0.42317516,2.9700072,9.15423
1451928753342,0.39444473,2.980781,9.15423
1451928753347,0.35793316,2.9891608,9.138668
1451928753352,0.30226797,2.9897594,9.206305
1451928753356,0.2621651,2.9873652,9.198523
1451928753362,0.19931729,2.9759927,9.159617
1451928753366,0.1592144,2.9741971,9.147646
1451928753371,0.11731588,2.9813797,9.057863
1451928753376,0.05327099,2.9939492,9.056666
1451928753381,0.01616086,3.0053217,9.027337
1451928753386,-0.011971008,3.0119057,9.043498
1451928753391,-0.02873042,3.0023289,9.033921
1451928753395,-0.030526072,2.991555,9.039907
1451928753400,-0.044292733,2.9843724,9.006389
1451928753406,-0.05686229,2.9640217,8.961497
1451928753411,-0.08020575,2.9783869,8.962694
1451928753415,-0.10594343,2.995745,8.968679
1451928753420,-0.12330139,3.0214825,8.963293
1451928753426,-0.15263036,3.0561984,8.939949
1451928753431,-0.16759412,3.0561984,8.904634
1451928753436,-0.15263036,3.0603883,8.882488
1451928753441,-0.16639702,3.0603883,8.835801
1451928753446,-0.16160862,3.032855,8.833407
1451928753451,-0.14604631,3.064578,8.780735
1451928753455,-0.12569559,3.0663738,8.740033
1451928753459,-0.089782566,3.110068,8.695142
1451928753465,-0.08738836,3.151368,8.709507
1451928753469,-0.062249243,3.1531637,8.728661
1451928753474,-0.029927522,3.156755,8.84059
1451928753479,-0.0077811554,3.1723173,8.878299
1451928753485,0.011372458,3.1621418,8.925584
1451928753489,0.04129998,3.1615434,8.965088
1451928753494,0.078410104,3.169923,9.062652
1451928753499,0.10175357,3.163339,9.016563
1451928753504,0.12629414,3.1872811,9.040505
1451928753509,0.14664486,3.1974564,9.063251
1451928753514,0.14305355,3.1950622,9.0716305
1451928753519,0.14844051,3.2070332,9.044696
1451928753524,0.1448492,3.208829,9.016563
1451928753529,0.13706805,3.232771,9.009979
1451928753536,0.10474633,3.235165,8.982447
1451928753540,0.11432313,3.2333694,8.950125
1451928753544,0.092176765,3.2249897,8.913014
1451928753549,0.09816227,3.2010477,8.869919
1451928753554,0.095169514,3.1854854,8.854955
1451928753559,0.08020575,3.192668,8.852561
1451928753564,0.07062895,3.1735144,8.847174
1451928753569,0.05626374,3.1639376,8.839393
1451928753574,0.06344634,3.1441853,8.841787
1451928753580,0.048482586,3.1465795,8.862138
1451928753584,0.054468088,3.1477766,8.924985
1451928753588,0.05327099,3.1148565,8.941146
1451928753593,0.02813187,3.120842,8.974067
1451928753601,0.02932897,3.1112652,8.952518
1451928753605,0.014963761,3.1280246,8.942942
1451928753608,-0.0035913025,3.1160536,8.968679
1451928753613,0.029927522,3.1184478,8.966884
1451928753618,0.037708677,3.107674,8.966884
1451928753623,0.038307227,3.0819361,8.953716
1451928753628,0.02873042,3.0891187,8.916606
1451928753635,0.017956512,3.0903158,8.905233
1451928753638,0.032920275,3.110068,8.857349
1451928753643,0.030526072,3.1064768,8.813056
1451928753650,0.03232172,3.1010897,8.825027
1451928753653,0.04070143,3.0609868,8.818443
1451928753658,0.050876785,3.0478187,8.818443
1451928753663,0.047285482,3.0603883,8.768764
1451928753668,0.008379706,3.0621839,8.736442
1451928753673,-0.01616086,3.0693667,8.700529
1451928753678,-0.010175358,3.0753522,8.683171
1451928753683,-0.013766659,3.084929,8.706514
1451928753689,-0.046686932,3.091513,8.704121
1451928753693,-0.034715924,3.0699651,8.695142
1451928753698,-0.034715924,3.1028855,8.707113
1451928753703,-0.034117375,3.1190462,8.69993
1451928753708,-0.047285482,3.13401,8.759786
1451928753713,-0.044891283,3.1495724,8.820239
1451928753718,-0.035913024,3.1477766,8.86513
1451928753723,-0.020350715,3.1244333,8.954913
1451928753728,-0.05207389,3.0783448,9.01776
1451928753734,-0.045489833,3.0693667,9.075222
1451928753738,-0.025139118,3.0292637,9.106346
1451928753742,-0.020949265,3.0220811,9.131485
1451928753747,-0.033518825,2.9987376,9.149442
1451928753752,-0.030526072,3.0268695,9.12131
1451928753757,-0.04249708,3.0430303,9.088389
1451928753785,-0.02932897,3.0430303,9.023148
1451928753785,-0.02633622,3.0556,8.996213
1451928753786,-0.025139118,3.0711622,8.972271
1451928753786,-0.019752163,3.0759506,8.938153
1451928753786,-0.0023942017,3.093907,8.914211
1451928753786,0.01616086,3.0867245,8.857349
1451928753796,0.05267244,3.1022868,8.822633
1451928753797,0.08140286,3.1411927,8.815451
1451928753808,0.0796072,3.156755,8.763377
1451928753809,0.0676362,3.180697,8.752005
1451928753810,0.05566519,3.1884782,8.734647
1451928753840,0.061052144,3.1998506,8.731055
1451928753840,0.05805939,3.205836,8.728063
1451928753840,0.09935937,3.1914709,8.716091
1451928753841,0.08678981,3.168726,8.723274
1451928753841,0.10115502,3.1603463,8.710705
1451928753841,0.09876082,3.1609447,8.741829
1451928753845,0.065242,3.1585505,8.774749
1451928753850,0.08140286,3.1399956,8.826823
1451928753854,0.08080431,3.1238346,8.8777
1451928753860,0.06823475,3.127426,8.893861
1451928753864,0.05207389,3.1130607,8.920197
1451928753869,0.027533319,3.1334114,8.954314
1451928753874,0.02873042,3.1519666,8.9842415
1451928753880,0.025737667,3.157952,8.974067
1451928753885,0.02932897,3.1836896,8.998607
1451928753889,-0.017357962,3.1854854,8.995016
1451928753894,-0.01616086,3.1920695,8.994417
1451928753899,-0.053869538,3.1902738,8.968679
1451928753904,-0.045489833,3.1902738,8.921394
1451928753909,-0.05327099,3.180697,8.918402
1451928753914,-0.08259996,3.1675289,8.857349
1451928753919,-0.08259996,3.1555579,8.889671
1451928753924,-0.10414778,3.1639376,8.865729
1451928753929,-0.12928689,3.127426,8.887876
1451928753934,-0.11133038,3.1226375,8.850166
1451928753939,-0.09816227,3.0969,8.850166
1451928753951,-0.093972415,3.110068,8.860342
1451928753951,-0.076614454,3.1196449,8.8777
1451928753955,-0.073621705,3.1376014,8.849568
1451928753960,-0.08200141,3.1435869,8.835203
1451928753964,-0.08319851,3.1471782,8.823232
1451928753969,-0.088585466,3.140594,8.842385
1451928753973,-0.06404489,3.1471782,8.7951
1451928753978,-0.05626374,3.1268275,8.786121
1451928753984,-0.07182605,3.1214404,8.799889
1451928753989,-0.073621705,3.104681,8.823232
1451928753993,-0.06284779,3.1148565,8.883087
1451928753998,-0.079008654,3.1052797,8.941745
1451928754003,-0.09756372,3.1112652,8.97646
1451928754008,-0.10654198,3.1262288,8.969876
1451928754013,-0.108337626,3.1358056,8.965088
1451928754018,-0.11911154,3.127426,8.982447
1451928754024,-0.10295067,3.115455,9.023148
1451928754028,-0.08379706,3.1052797,9.010578
1451928754034,-0.08259996,3.1082723,8.99741
1451928754038,-0.05686229,3.1316159,8.931569
1451928754043,-0.035913024,3.1280246,8.88608
1451928754048,-0.039504327,3.1322143,8.875904
1451928754053,-0.034715924,3.1028855,8.848969
1451928754058,-0.054468088,3.0992942,8.852561
1451928754062,-0.051475335,3.1040826,8.882488
1451928754067,-0.061650693,3.1052797,8.920795
1451928754072,-0.078410104,3.1112652,8.945336
1451928754077,-0.06344634,3.105878,8.961497
1451928754082,-0.055066638,3.1022868,8.982447
1451928754088,-0.039504327,3.0921116,8.970475
1451928754093,-0.039504327,3.0921116,8.970475
1451928754097,-0.05327099,3.0933087,8.99741
1451928754103,-0.04189853,3.0909145,8.995016
1451928754107,-0.05805939,3.1010897,8.971074
1451928754112,-0.06344634,3.116652,8.959103
1451928754117,-0.05925649,3.1346085,8.905831
1451928754122,-0.025139118,3.1561563,8.8364
1451928754127,-0.032920275,3.181894,8.813056
1451928754132,-0.034117375,3.177704,8.790312
1451928754137,-0.018555064,3.1639376,8.766968
1451928754142,-0.024540568,3.176507,8.731653
1451928754147,-0.033518825,3.1621418,8.728661
1451928754152,-0.022146367,3.1663318,8.7771435
1451928754157,-0.031124622,3.1663318,8.811261
1451928754162,-0.04189853,3.1501708,8.84478
1451928754167,-0.033518825,3.1184478,8.871715
1451928754172,-0.038905777,3.1106665,8.889671
1451928754176,-0.034715924,3.0867245,8.915408
1451928754182,-0.046088383,3.0831332,8.870518
1451928754187,-0.049081136,3.1214404,8.880095
1451928754194,-0.037110128,3.1477766,8.822633
1451928754196,-0.02813187,3.165733,8.773552
1451928754202,-0.008379706,3.1866825,8.759786
1451928754207,0.010175358,3.1986535,8.717887
1451928754211,0.005985504,3.1890767,8.728661
1451928754216,0.013766659,3.1812954,8.732851
1451928754222,0.0047884034,3.210026,8.7538
1451928754227,0.033518825,3.2148144,8.774749
1451928754231,0.02873042,3.1950622,8.839393
1451928754237,0.02873042,3.1896753,8.925584
1451928754243,0.005985504,3.157952,8.977658
1451928754248,0.005985504,3.1387985,9.075222
1451928754251,-0.019153614,3.1316159,9.105747
1451928754256,-0.038307227,3.1280246,9.112331
1451928754262,-0.04129998,3.1118636,9.108142
1451928754266,-0.048482586,3.127426,9.1033535
1451928754273,-0.0700304,3.1124623,9.0794115
1451928754276,-0.08020575,3.0998926,9.030929
1451928754281,-0.0700304,3.1022868,8.982447
1451928754286,-0.09696517,3.1214404,8.925584
1451928754291,-0.0796072,3.1489737,8.860342
1451928754295,-0.08259996,3.180697,8.817246
1451928754301,-0.08798691,3.153762,8.7609825
1451928754305,-0.09995792,3.1495724,8.7609825
1451928754311,-0.10235212,3.1729157,8.720282
1451928754316,-0.10235212,3.145981,8.729858
1451928754321,-0.107140526,3.1268275,8.765771
1451928754325,-0.10295067,3.110068,8.778939
1451928754330,-0.092775315,3.0903158,8.756793
1451928754336,-0.079008654,3.1280246,8.798093
1451928754347,-0.0664391,3.1316159,8.761581
1451928754357,-0.04249708,3.1160536,8.798093
1451928754358,-0.01316811,3.1429882,8.859743
1451928754362,-0.01316811,3.1376014,8.8806925
1451928754363,-0.015562311,3.1256304,8.93576
1451928754364,-0.0011971008,3.1334114,8.926183
1451928754377,-0.01316811,3.1070752,8.97287
1451928754377,-5.985504E-4,3.1106665,8.989629
1451928754379,-0.0035913025,3.1148565,8.971074
1451928754383,-0.017956512,3.1196449,8.937555
1451928754388,-0.016759412,3.1172507,8.930971
1451928754393,-0.037110128,3.1489737,8.917204
1451928754398,-0.06344634,3.1483753,8.902241
1451928754403,-0.08798691,3.1519666,8.854357
1451928754409,-0.11312603,3.145981,8.850765
1451928754414,-0.09935937,3.1429882,8.847174
1451928754418,-0.11133038,3.1531637,8.847773
1451928754423,-0.12090719,3.1681273,8.817246
1451928754428,-0.12868834,3.1675289,8.848371
1451928754433,-0.13946225,3.1519666,8.887876
1451928754438,-0.12270284,3.145981,8.872911
1451928754443,-0.1376666,3.1669302,8.899248
1451928754448,-0.108337626,3.1705215,8.90643
1451928754454,-0.108337626,3.163339,8.931569
1451928754458,-0.11372458,3.1477766,8.946533
1451928754463,-0.11133038,3.1411927,8.942942
1451928754468,-0.12928689,3.1124623,8.908226
1451928754473,-0.13946225,3.1358056,8.876503
1451928754478,-0.14963761,3.140594,8.896255
1451928754483,-0.17776948,3.1597476,8.886678
1451928754488,-0.17178397,3.1830912,8.88608
1451928754493,-0.16879122,3.1735144,8.868722
1451928754497,-0.15981296,3.1854854,8.909423
1451928754502,-0.17178397,3.1747115,8.878897
1451928754507,-0.18375498,3.2022448,8.901043
1451928754512,-0.19393034,3.2010477,8.8777
1451928754517,-0.18974048,3.2064347,8.872911
1451928754522,-0.18315643,3.2184057,8.847174
1451928754527,-0.16160862,3.2106245,8.853758
1451928754532,-0.14784196,3.2064347,8.850765
1451928754537,-0.14903906,3.1789012,8.854955
1451928754542,-0.1388637,3.1860838,8.812458
1451928754547,-0.13826515,3.1729157,8.81964
1451928754552,-0.1340753,3.144784,8.809465
1451928754557,-0.13467385,3.1453824,8.862736
1451928754561,-0.12449849,3.1519666,8.904634
1451928754568,-0.11851298,3.1268275,8.969876
1451928754571,-0.107140526,3.1495724,8.972271
1451928754577,-0.12749124,3.13401,9.018359
1451928754582,-0.12030864,3.128623,9.063849
1451928754587,-0.15023616,3.1184478,9.073426
1451928754592,-0.1436521,3.1130607,9.095572
1451928754597,-0.13706805,3.1268275,9.09258
1451928754601,-0.15861586,3.1160536,9.069835
1451928754607,-0.14604631,3.103484,9.051878
1451928754611,-0.16160862,3.1268275,9.018958
1451928754616,-0.17417817,3.1232362,8.917204
1451928754621,-0.20231004,3.1262288,8.884284
1451928754628,-0.19812019,3.110068,8.811859
1451928754632,-0.17597382,3.104681,8.76637
1451928754636,-0.18195933,3.1310172,8.706514
1451928754641,-0.16220717,3.1693244,8.669404
1451928754646,-0.13946225,3.1465795,8.602965
1451928754651,-0.11611878,3.1507695,8.580819
1451928754656,-0.09756372,3.1585505,8.60117
1451928754661,-0.11731588,3.13401,8.599973
1451928754666,-0.073621705,3.1214404,8.611345
1451928754672,-0.05686229,3.1172507,8.6496525
1451928754677,-0.05207389,3.1040826,8.692748
1451928754680,-0.050876785,3.0873232,8.702923
1451928754687,-0.065242,3.0903158,8.672996
1451928754690,-0.074818805,3.080739,8.696938
1451928754696,-0.08319851,3.080739,8.685565
1451928754700,-0.090381116,3.0873232,8.6712
1451928754705,-0.09696517,3.091513,8.689755
1451928754710,-0.11731588,3.0945058,8.69993
1451928754715,-0.12928689,3.1040826,8.692748
1451928754720,-0.130484,3.1489737,8.696339
1451928754725,-0.14604631,3.1609447,8.665813
1451928754730,-0.15143326,3.1771057,8.707113
1451928754735,-0.14724341,3.1854854,8.829217
1451928754740,-0.14664486,3.1621418,8.867524
1451928754745,-0.15322891,3.1489737,8.946533
1451928754750,-0.16400282,3.144784,8.990826
1451928754755,-0.18195933,3.1507695,9.044696
1451928754760,-0.15861586,3.144784,9.058462
1451928754765,-0.15682021,3.1370027,9.094376
1451928754770,-0.17956513,3.1483753,9.142858
1451928754775,-0.18495208,3.1322143,9.160215
1451928754779,-0.17357962,3.1597476,9.169194
1451928754785,-0.18435353,3.1519666,9.151836
1451928754791,-0.16519992,3.1723173,9.159617
1451928754795,-0.1436521,3.1591492,9.1350765
1451928754800,-0.15203181,3.1705215,9.0842
1451928754804,-0.1436521,3.1783028,9.041702
1451928754809,-0.1388637,3.1723173,8.994417
1451928754817,-0.10534488,3.1914709,8.950125
1451928754830,-0.09995792,3.2112231,8.8884735
1451928754830,-0.091578215,3.2184057,8.833407
1451928754831,-0.078410104,3.2118216,8.803479
1451928754845,-0.0664391,3.221997,8.780136
1451928754845,-0.05207389,3.2010477,8.774151
1451928754845,-0.051475335,3.1932666,8.747216
1451928754850,-0.033518825,3.1878796,8.755595
1451928754858,-0.013766659,3.1914709,8.792108
1451928754858,-0.009576807,3.1992521,8.829816
1451928754863,-0.0047884034,3.2124202,8.842984
1451928754867,0.0023942017,3.1890767,8.882488
1451928754872,0.019153614,3.1902738,8.892664
1451928754877,0.006584055,3.1561563,8.8884735
1451928754882,0.022146367,3.1872811,8.844181
1451928754887,-0.006584055,3.1890767,8.877101
1451928754892,-0.035314474,3.1729157,8.850765
1451928754897,-0.053869538,3.1663318,8.834604
1451928754902,-0.078410104,3.1573534,8.796297
1451928754909,-0.08499416,3.1477766,8.7532015
1451928754912,-0.11731588,3.151368,8.769362
1451928754917,-0.16160862,3.1615434,8.817246
1451928754922,-0.22266077,3.1789012,8.82802
1451928754927,-0.23582886,3.1705215,8.876503
1451928754932,-0.260968,3.177704,8.930372
1451928754937,-0.27114335,3.1310172,8.971672
1451928754942,-0.29328972,3.1148565,9.016563
1451928754947,-0.29269117,3.0891187,9.060258
1451928754953,-0.29328972,3.098097,9.088988
1451928754957,-0.2789245,3.1040826,9.087193
1451928754962,-0.31004912,3.0974984,9.050681
1451928754966,-0.29628247,3.0897174,8.987235
1451928754971,-0.3172317,3.091513,8.969876
1451928754976,-0.30346507,3.0933087,8.891466
1451928754981,-0.29448682,3.115455,8.823232
1451928754986,-0.2645593,3.1292217,8.793902
1451928754992,-0.25498247,3.1501708,8.758589
1451928754996,-0.25498247,3.1501708,8.758589
1451928755001,-0.24061728,3.153762,8.694544
1451928755006,-0.22744916,3.1794999,8.671799
1451928755011,-0.20829555,3.1830912,8.678981
1451928755016,-0.17836803,3.1932666,8.684967
1451928755021,-0.17178397,3.1992521,8.683171
1451928755027,-0.15981296,3.2255883,8.701726
1451928755031,-0.15382746,3.217807,8.683769
1451928755036,-0.1376666,3.2279825,8.682572
1451928755041,-0.14185645,3.2148144,8.695741
1451928755046,-0.12449849,3.1812954,8.750807
1451928755051,-0.15083471,3.1902738,8.787319
1451928755055,-0.15382746,3.1609447,8.797494
1451928755060,-0.19153613,3.1376014,8.846576
1451928755066,-0.2124854,3.1364043,8.857349
1451928755071,-0.21667525,3.1543608,8.920795
1451928755076,-0.22325931,3.1723173,8.98903
1451928755080,-0.23223756,3.1681273,9.093178
1451928755085,-0.22984336,3.1609447,9.130288
1451928755090,-0.23104046,3.1603463,9.15842
1451928755095,-0.23403321,3.1800983,9.19553
1451928755100,-0.22924481,3.169923,9.226056
1451928755105,-0.19991584,3.1675289,9.232041
1451928755110,-0.21428105,3.1711202,9.242217
1451928755115,-0.23044191,3.1848867,9.214086
1451928755120,-0.21906945,3.1962593,9.15842
1451928755125,-0.2172738,3.2142158,9.11293
1451928755130,-0.2160767,3.2303767,9.048885
1451928755135,-0.20171149,3.2202013,8.978855
1451928755140,-0.19871874,3.2279825,8.920795
1451928755145,-0.18016368,3.2423477,8.865729
1451928755150,-0.14664486,3.245939,8.818443
1451928755154,-0.14425065,3.256713,8.834604
1451928755159,-0.14305355,3.281852,8.8364
1451928755167,-0.11911154,3.2758665,8.808268
1451928755170,-0.079008654,3.2573113,8.779537
1451928755174,-0.07062895,3.2369606,8.787319
1451928755179,-0.050278235,3.217807,8.848371
1451928755185,-0.061650693,3.1842883,8.848969
1451928755190,-0.08798691,3.1878796,8.792706
1451928755195,-0.08439561,3.1609447,8.735844
1451928755199,-0.0796072,3.1854854,8.726267
1451928755205,-0.074818805,3.1675289,8.725668
1451928755209,-0.089184016,3.1812954,8.664616
1451928755214,-0.08439561,3.2022448,8.661025
1451928755219,-0.065242,3.2267854,8.686762
1451928755224,-0.074220255,3.2363622,8.667608
1451928755229,-0.090381116,3.2387564,8.682572
1451928755234,-0.088585466,3.2196028,8.727464
1451928755238,-0.078410104,3.2213984,8.810662
1451928755244,-0.10115502,3.1944637,8.902839
1451928755250,-0.08200141,3.1735144,9.006987
1451928755254,-0.088585466,3.1411927,9.106945
1451928755258,-0.06464344,3.1118636,9.144653
1451928755265,-0.0688333,3.108871,9.215881
1451928755269,-0.06823475,3.1004913,9.211093
1451928755273,-0.073023155,3.0735564,9.208698
1451928755279,-0.05267244,3.0657754,9.1829605
1451928755283,-0.06703765,3.0747535,9.1512375
1451928755290,-0.050876785,3.086126,9.0794115
1451928755293,-0.054468088,3.1232362,9.03871
1451928755298,-0.08080431,3.140594,8.980052
1451928755304,-0.08678981,3.1501708,8.877101
1451928755309,-0.08319851,3.1789012,8.820838
1451928755314,-0.0724246,3.1998506,8.76637
1451928755318,-0.05805939,3.1854854,8.687361
1451928755324,-0.061052144,3.198055,8.628104
1451928755329,-0.05746084,3.1842883,8.605359
1451928755333,-0.049081136,3.176507,8.5778265
1451928755338,-0.054468088,3.2010477,8.587403
1451928755344,-0.038905777,3.210026,8.598177
1451928755348,-0.018555064,3.2094274,8.605958
1451928755354,-0.010175358,3.2016463,8.647258
1451928755358,-0.0011971008,3.1651347,8.684368
1451928755362,0.0,3.163339,8.733449
1451928755370,-0.008978256,3.1735144,8.829816
1451928755373,-0.005985504,3.1597476,8.866926
1451928755380,-0.005985504,3.165733,8.887876
1451928755384,-0.020949265,3.156755,8.932168
1451928755388,-0.027533319,3.1489737,8.930372
1451928755392,-0.04070143,3.12982,8.897452
1451928755399,-0.05267244,3.1387985,8.8567505
1451928755402,-0.08499416,3.1268275,8.831013
1451928755407,-0.0796072,3.1453824,8.789713
1451928755412,-0.07182605,3.1597476,8.763975
1451928755418,-0.0688333,3.1854854,8.72507
1451928755422,-0.089782566,3.17531,8.717288
1451928755427,-0.078410104,3.1771057,8.728661
1451928755432,-0.08678981,3.181894,8.786121
1451928755437,-0.094570965,3.1717186,8.762778
1451928755442,-0.09935937,3.1603463,8.820239
1451928755448,-0.10594343,3.1711202,8.869919
1451928755458,-0.10594343,3.1681273,8.92319
1451928755459,-0.10534488,3.1609447,8.99741
1451928755464,-0.10654198,3.1519666,9.012374
1451928755472,-0.10235212,3.144784,9.02614
1451928755473,-0.08738836,3.1495724,9.024344
1451928755476,-0.092775315,3.151368,8.971672
1451928755483,-0.08619126,3.157952,8.947132
1451928755486,-0.08020575,3.180697,8.904634
1451928755491,-0.093373865,3.1908724,8.874108
1451928755496,-0.08499416,3.2184057,8.851364
1451928755501,-0.08619126,3.208829,8.832211
1451928755506,-0.077213004,3.2213984,8.77834
1451928755510,-0.073621705,3.2052376,8.791509
1451928755516,-0.06703765,3.1890767,8.7951
1451928755520,-0.08080431,3.2070332,8.76637
1451928755526,-0.09935937,3.2184057,8.76637
1451928755530,-0.092176765,3.2399535,8.780136
1451928755535,-0.11791443,3.2429461,8.752603
1451928755540,-0.11971009,3.2345665,8.75799
1451928755546,-0.10654198,3.2190042,8.744822
1451928755550,-0.076614454,3.2154129,8.739435
1451928755555,-0.06404489,3.2160115,8.738237
1451928755561,-0.06464344,3.2196028,8.727464
1451928755565,-0.04189853,3.2136173,8.688558
1451928755570,-0.023942016,3.2148144,8.719683
1451928755575,-0.019153614,3.2225955,8.718486
1451928755581,0.020949265,3.2070332,8.751406
1451928755585,0.006584055,3.1866825,8.813655
1451928755589,-0.019752163,3.2208,8.863934
1451928755596,-0.012569559,3.2202013,8.957307
1451928755600,-0.036511578,3.1848867,9.012374
1451928755606,-0.050876785,3.1783028,9.051878
1451928755611,-0.05207389,3.152565,9.069236
1451928755615,-0.05805939,3.139397,9.066842
1451928755620,-0.06943185,3.122039,9.124303
1451928755625,-0.074818805,3.12982,9.072827
1451928755630,-0.061650693,3.1477766,9.030331
1451928755635,-0.061052144,3.1681273,8.965088
1451928755641,-0.044891283,3.1483753,8.937555
1451928755645,-0.050876785,3.1597476,8.898649
1451928755649,-0.049679685,3.1836896,8.8777
1451928755654,-0.022744916,3.1998506,8.869919
1451928755661,-0.010175358,3.1920695,8.899846
1451928755664,0.002992752,3.2106245,8.883087
1451928755669,-0.004189853,3.2184057,8.895058
1451928755674,0.007182605,3.1992521,8.868722
1451928755680,0.014963761,3.2076318,8.84059
1451928755684,0.008978256,3.1998506,8.79929
1451928755689,0.014963761,3.1794999,8.766968
1451928755694,0.0023942017,3.1759086,8.708909
1451928755699,-0.0035913025,3.1974564,8.6496525
1451928755704,0.002992752,3.2010477,8.596381
1451928755709,-0.016759412,3.2357635,8.550293
1451928755714,5.985504E-4,3.2728736,8.526351
1451928755720,0.008379706,3.2728736,8.559271
1451928755724,-0.037110128,3.2836475,8.554482
1451928755728,-0.0047884034,3.2968156,8.618527
1451928755734,-0.007182605,3.2848446,8.727464
1451928755739,0.02932897,3.2914288,8.834604
1451928755743,0.03172317,3.2507274,8.951322
1451928755748,0.04249708,3.2237926,9.029732
1451928755753,0.020350715,3.2148144,9.122507
1451928755760,0.006584055,3.2237926,9.207501
1451928755763,-0.0035913025,3.1914709,9.2494
1451928755768,-0.0011971008,3.181894,9.229049
1451928755773,-0.019752163,3.1902738,9.24521
1451928755778,-0.035314474,3.144784,9.169792
1451928755784,-0.05566519,3.1250317,9.095572
1451928755788,-0.05566519,3.1585505,9.018359
1451928755793,-0.04309563,3.1609447,8.909423
1451928755798,-0.038307227,3.168726,8.84478
1451928755818,-0.035913024,3.2010477,8.752603
1451928755819,-0.02932897,3.1878796,8.70831
1451928755820,0.0053869537,3.1908724,8.65863
1451928755821,0.017357962,3.1848867,8.622718
1451928755823,0.014963761,3.1830912,8.593389
1451928755846,0.020350715,3.1932666,8.594585
1451928755847,0.04070143,3.2142158,8.620323
1451928755847,0.06943185,3.233968,8.653842
1451928755848,0.06284779,3.2130187,8.699332
1451928755848,0.08798691,3.1944637,8.752603
1451928755863,0.095768064,3.1585505,8.775947
1451928755864,0.09995792,3.1411927,8.821436
1451928755865,0.10175357,3.1130607,8.87351
1451928755868,0.10295067,3.1250317,8.961497
1451928755922,0.09935937,3.1196449,8.974665
1451928755922,0.076614454,3.083732,8.977059
1451928755922,0.046686932,3.098097,8.9519205
1451928755923,0.022744916,3.1022868,8.909423
1451928755923,0.022744916,3.1022868,8.909423
1451928755924,-0.01616086,3.1196449,8.817844
1451928755925,-0.05805939,3.127426,8.780735
1451928755925,-0.08319851,3.1358056,8.7609825
1451928755926,-0.093373865,3.1489737,8.7053175
1451928755926,-0.108337626,3.177704,8.728063
1451928755926,-0.12629414,3.1944637,8.704121
1451928755927,-0.12749124,3.1998506,8.695741
1451928755938,-0.13946225,3.1986535,8.708909
1451928755938,-0.12808979,3.1860838,8.722675
1451928755950,-0.10235212,3.1830912,8.757391
1451928755951,-0.090979666,3.1591492,8.8364
1451928755951,-0.0796072,3.1794999,8.919
1451928755955,-0.074220255,3.198055,8.943541
1451928755960,-0.0676362,3.2202013,9.006987
1451928755965,-0.05686229,3.2130187,8.998607
1451928755971,-0.040102877,3.1986535,9.021352
1451928755975,-0.024540568,3.1860838,9.040505
1451928755980,0.0077811554,3.2052376,9.030331
1451928755985,0.012569559,3.2273839,9.010578
1451928755990,0.0035913025,3.2429461,8.966884
1451928755995,-0.009576807,3.2692823,8.988432
1451928756001,-0.035913024,3.268684,8.959702
1451928756004,-0.025737667,3.2824504,8.958505
1451928756009,-0.05207389,3.283049,8.90643
1451928756017,-0.065242,3.2620997,8.916606
1451928756020,-0.076015905,3.25791,8.895058
1451928756025,-0.10534488,3.2477345,8.911818
1451928756029,-0.110133275,3.2513258,8.928576
1451928756035,-0.12090719,3.2315738,8.881889
1451928756039,-0.10115502,3.240552,8.896853
1451928756044,-0.10354923,3.2435448,8.89446
1451928756050,-0.08140286,3.2202013,8.868123
1451928756056,-0.08559271,3.2381577,8.813056
1451928756059,-0.10235212,3.241749,8.797494
1451928756064,-0.073023155,3.2273839,8.771158
1451928756069,-0.0688333,3.217807,8.780735
1451928756074,-0.076015905,3.2273839,8.777742
1451928756079,-0.02633622,3.2160115,8.811261
1451928756086,-0.04249708,3.2040405,8.804078
1451928756089,-0.026934769,3.2082303,8.796896
1451928756094,-0.05805939,3.2196028,8.825027
1451928756099,-0.05267244,3.1908724,8.911818
1451928756103,-0.05686229,3.1663318,8.938153
1451928756108,-0.0700304,3.1489737,8.986037
1451928756114,-0.10055647,3.1531637,8.966884
1451928756119,-0.12389994,3.1507695,8.975264
1451928756123,-0.110133275,3.144784,8.938153
1451928756128,-0.13108255,3.1651347,8.936956
1451928756133,-0.130484,3.1854854,8.915408
1451928756138,-0.12928689,3.1842883,8.932767
1451928756143,-0.10295067,3.1747115,8.896853
1451928756150,-0.08020575,3.1794999,8.91062
1451928756154,-0.088585466,3.177704,8.902241
1451928756158,-0.074220255,3.1723173,8.952518
1451928756163,-0.077213004,3.1483753,8.944139
1451928756168,-0.0796072,3.1148565,8.986636
1451928756173,-0.0796072,3.1028855,9.008782
1451928756178,-0.06584055,3.105878,8.959103
1451928756183,-0.088585466,3.1010897,8.921992
1451928756188,-0.08559271,3.1064768,8.861539
1451928756194,-0.10175357,3.1184478,8.772954
1451928756200,-0.1376666,3.1399956,8.732252
1451928756203,-0.1388637,3.168726,8.66701
1451928756208,-0.1388637,3.1896753,8.581417
1451928756212,-0.15083471,3.2148144,8.511387
1451928756217,-0.12509704,3.205836,8.5060005
1451928756222,-0.12868834,3.1998506,8.477868
1451928756228,-0.11611878,3.2124202,8.515577
1451928756232,-0.09636662,3.1956608,8.558673
1451928756237,-0.08140286,3.2333694,8.637083
1451928756242,-0.0700304,3.2435448,8.70831
1451928756247,-0.050278235,3.217807,8.818443
1451928756252,-0.016759412,3.210026,8.920795
1451928756257,-0.017357962,3.1872811,8.977658
1451928756262,-0.005985504,3.1519666,9.094376
1451928756267,-0.0077811554,3.1471782,9.147646
1451928756274,5.985504E-4,3.1358056,9.148843
1451928756278,-0.008379706,3.163339,9.149442
1451928756282,-0.010175358,3.1729157,9.143456
1451928756287,0.011372458,3.165733,9.115923
1451928756292,-0.011971008,3.1830912,9.032724
1451928756297,-0.020350715,3.1878796,9.03871
1451928756302,-0.015562311,3.177704,9.008782
1451928756307,-0.009576807,3.1902738,8.97287
1451928756312,-0.012569559,3.2022448,8.926781
1451928756318,-0.008978256,3.2040405,8.931569
1451928756322,-0.017357962,3.2148144,8.887876
1451928756327,-0.0017956513,3.210026,8.890868
1451928756333,-0.014963761,3.2208,8.884883
1451928756337,-0.013766659,3.2267854,8.878299
1451928756341,0.004189853,3.217807,8.895657
1451928756347,0.005985504,3.2231941,8.9124155
1451928756352,0.011971008,3.210026,8.911818
1451928756357,0.024540568,3.2154129,8.913014
1451928756361,0.020949265,3.2160115,8.886678
1451928756368,0.018555064,3.2357635,8.890868
1451928756371,0.050278235,3.2273839,8.852561
1451928756377,0.046088383,3.2202013,8.820239
1451928756382,0.030526072,3.176507,8.793902
1451928756387,0.04189853,3.1615434,8.772954
1451928756391,0.016759412,3.1681273,8.76996
1451928756396,-0.0011971008,3.1783028,8.735844
1451928756401,-0.06284779,3.1914709,8.763975
1451928756405,-0.0712275,3.2172086,8.730456
1451928756411,-0.093373865,3.2237926,8.723872
1451928756416,-0.11312603,3.1986535,8.769362
1451928756421,-0.11911154,3.1920695,8.843582
1451928756425,-0.12389994,3.192668,8.878897
1451928756430,-0.1388637,3.168726,8.919599
1451928756435,-0.14185645,3.1441853,8.9758625
1451928756440,-0.11731588,3.156755,8.97287
1451928756445,-0.14305355,3.1621418,8.981848
1451928756450,-0.13706805,3.163339,8.965088
1451928756455,-0.1316811,3.139397,8.954314
1451928756460,-0.10175357,3.1549592,8.909423
1451928756465,-0.12569559,3.1759086,8.823831
1451928756472,-0.13706805,3.1800983,8.815451
1451928756475,-0.1388637,3.2064347,8.806473
1451928756480,-0.12988544,3.1950622,8.765172
1451928756485,-0.13826515,3.217807,8.758589
1451928756489,-0.142455,3.233968,8.736442
1451928756494,-0.14844051,3.2309752,8.719683
1451928756499,-0.14604631,3.232771,8.683769
1451928756504,-0.130484,3.2208,8.708909
1451928756509,-0.1436521,3.221997,8.739435
1451928756514,-0.12749124,3.221997,8.762179
1451928756519,-0.10414778,3.2160115,8.780735
1451928756524,-0.093373865,3.2082303,8.781932
1451928756529,-0.0688333,3.1812954,8.796896
1451928756534,-0.0712275,3.1878796,8.821436
1451928756538,-0.07062895,3.2154129,8.847773
1451928756544,-0.076614454,3.2273839,8.848969
1451928756549,-0.049679685,3.217807,8.935161
1451928756554,-0.062249243,3.2154129,8.968679
1451928756559,-0.06284779,3.198055,9.002198
1451928756564,-0.06284779,3.1711202,9.015367
1451928756569,-0.08678981,3.1663318,9.0476885
1451928756574,-0.08619126,3.1675289,9.068039
1451928756578,-0.11252748,3.1771057,9.046491
1451928756583,-0.13826515,3.1794999,9.048885
1451928756588,-0.14963761,3.1711202,9.0476885
1451928756594,-0.15981296,3.152565,9.082404
1451928756598,-0.17417817,3.156755,9.091981
1451928756603,-0.16400282,3.1429882,9.025542
1451928756609,-0.15801731,3.1280246,9.006389
1451928756615,-0.13347675,3.1471782,8.93935
1451928756618,-0.10295067,3.1711202,8.874108
1451928756623,-0.10534488,3.198055,8.808268
1451928756629,-0.11252748,3.2208,8.75799
1451928756633,-0.107140526,3.2315738,8.680777
1451928756638,-0.08559271,3.2453403,8.678383
1451928756644,-0.0676362,3.2387564,8.651448
1451928756648,-0.047884032,3.2603042,8.655638
1451928756655,-0.024540568,3.235165,8.677185
1451928756658,-0.01316811,3.2213984,8.731653
1451928756665,-0.008978256,3.1956608,8.7609825
1451928756667,-0.013766659,3.1908724,8.76996
1451928756675,-0.023343466,3.1848867,8.797494
1451928756677,-0.03232172,3.1992521,8.865729
1451928756682,-0.040102877,3.2124202,8.89805
1451928756687,-0.039504327,3.2124202,8.899248
1451928756701,-0.038307227,3.2333694,8.92738
1451928756704,-0.018555064,3.2495303,8.968679
1451928756704,0.005985504,3.2716765,9.0237465
1451928756710,0.022146367,3.2956185,9.052477
1451928756713,0.014963761,3.3105824,9.094974
1451928756718,0.033518825,3.3267434,9.132084
1451928756723,0.049081136,3.3363202,9.178172
1451928756729,0.050876785,3.3237505,9.235035
1451928756734,0.04309563,3.3093853,9.287108
1451928756737,0.034715924,3.2860417,9.325416
1451928756743,0.034117375,3.2800562,9.358934
1451928756747,0.010773907,3.259107,9.297882
1451928756752,0.024540568,3.2692823,9.290101
1451928756758,-0.0011971008,3.2674868,9.230247
1451928756762,-0.025139118,3.293823,9.169194
1451928756767,-0.020949265,3.3081882,9.086594
1451928756773,-0.02873042,3.29502,9.0554695
1451928756776,-0.006584055,3.3273418,8.958505
1451928756786,-0.004189853,3.3399115,8.89446
1451928756787,-0.004189853,3.3399115,8.89446
1451928756793,0.008978256,3.369839,8.855554
1451928756795,0.02813187,3.3848026,8.82802
1451928756800,0.03172317,3.3848026,8.770559
1451928756806,0.053869538,3.3877954,8.74961
1451928756810,0.047285482,3.3919852,8.726865
1451928756820,0.037708677,3.3979707,8.717887
1451928756820,0.033518825,3.4117374,8.704719
1451928756825,0.038307227,3.4123359,8.730456
1451928756830,0.07062895,3.4003649,8.771756
1451928756835,0.08379706,3.3931823,8.825626
1451928756841,0.09636662,3.394978,8.875904
1451928756845,0.10414778,3.38181,8.949526
1451928756850,0.095768064,3.378817,8.998607
1451928756855,0.06943185,3.3770216,9.100361
1451928756861,0.06404489,3.3554738,9.194932
1451928756865,0.061052144,3.3393128,9.242816
1451928756870,0.04070143,3.2962172,9.200318
1451928756876,0.01436521,3.2603042,9.22426
1451928756880,0.005985504,3.245939,9.243414
1451928756885,-0.017956512,3.2291796,9.229648
1451928756890,-0.045489833,3.2399535,9.193734
1451928756895,-0.090381116,3.2620997,9.143456
1451928756900,-0.13587095,3.25791,9.109938
1451928756905,-0.15263036,3.2626984,9.086594
1451928756910,-0.16400282,3.259107,9.039309
1451928756915,-0.18315643,3.2549171,9.015965
1451928756920,-0.19931729,3.2650926,9.007586
1451928756925,-0.19991584,3.2555158,9.009381
1451928756930,-0.19632454,3.25372,8.980052
1451928756935,-0.19752164,3.2441432,8.965687
1451928756940,-0.19812019,3.244742,8.961497
1451928756945,-0.20231004,3.2609026,8.957307
1451928756950,-0.19871874,3.241749,8.905831
1451928756957,-0.20649989,3.2531216,8.887277
1451928756959,-0.19871874,3.2393548,8.904634
1451928756974,-0.219668,3.2399535,8.899846
1451928756974,-0.2100912,3.2345665,8.881889
1451928756974,-0.18375498,3.232771,8.911818
1451928756978,-0.18195933,3.2160115,8.917803
1451928756984,-0.18734628,3.2363622,8.948329
1451928756988,-0.18435353,3.2393548,8.968081
1451928756993,-0.20051439,3.232771,8.968679
1451928756998,-0.17537527,3.2531216,8.992023
1451928757002,-0.16400282,3.2543187,8.996812
1451928757008,-0.17776948,3.268684,8.999206
1451928757012,-0.17477672,3.256713,8.961497
1451928757017,-0.19093758,3.2794578,8.95611
1451928757022,-0.18495208,3.3081882,8.987235
1451928757027,-0.18375498,3.311181,8.983045
1451928757032,-0.17298107,3.3183637,8.9998045
1451928757038,-0.15083471,3.3267434,8.999206
1451928757043,-0.14544775,3.317765,9.030331
1451928757048,-0.12509704,3.3123782,9.0476885
1451928757053,-0.11731588,3.301604,9.096769
1451928757058,-0.08140286,3.3063924,9.123704
1451928757063,-0.110731825,3.317765,9.160215
1451928757068,-0.095768064,3.323152,9.169792
1451928757072,-0.14425065,3.3327289,9.194932
1451928757078,-0.15741876,3.341707,9.252991
1451928757083,-0.14844051,3.3506854,9.258378
1451928757088,-0.1412579,3.34051,9.23264
1451928757092,-0.130484,3.3333273,9.204509
1451928757098,-0.15023616,3.3243492,9.185355
1451928757102,-0.15562311,3.3399115,9.159617
1451928757107,-0.15562311,3.3273418,9.119514
1451928757112,-0.142455,3.328539,9.005191
1451928757117,-0.15622166,3.3237505,8.981848
1451928757122,-0.14784196,3.3369186,8.908825
1451928757127,-0.16998832,3.3393128,8.860342
1451928757132,-0.17836803,3.3560722,8.891466
1451928757139,-0.1436521,3.3836055,8.892065
1451928757142,-0.12090719,3.3734303,8.933365
1451928757147,-0.054468088,3.3758245,8.944737
1451928757152,0.006584055,3.3506854,8.983644
1451928757158,-0.01316811,3.34051,9.042301
1451928757162,-0.02873042,3.3171666,9.075222
1451928757167,-0.05626374,3.3135753,9.0716305
1451928757171,-0.059855044,3.3243492,9.063849
1451928757178,-0.08559271,3.3435028,9.041104
1451928757182,-0.08738836,3.3488896,9.020155
1451928757186,-0.049679685,3.347094,8.972271
1451928757191,0.01316811,3.3566709,8.962694
1451928757196,0.046686932,3.402759,8.928576
1451928757201,0.093373865,3.469797,8.938752
1451928757206,0.17298107,3.5248635,8.948928
1451928757211,0.09876082,3.5942953,9.002198
1451928757218,-0.004189853,3.6056678,8.913613
1451928757220,0.11432313,3.5326445,8.989629
1451928757226,0.2621651,3.426701,9.209895
1451928757231,0.2837129,3.3117795,9.282919
1451928757236,0.24181437,3.2453403,9.314642
1451928757240,0.22505496,3.2225955,9.288904
1451928757246,0.11731588,3.2812533,9.167996
1451928757250,0.020350715,3.3494883,9.143456
1451928757255,-0.10654198,3.4518404,9.248202
1451928757261,-0.18734628,3.465607,9.303269
1451928757265,-0.11911154,3.4129345,9.27394
1451928757270,-0.04129998,3.3153708,9.306262
1451928757276,-0.007182605,3.2381577,9.335591
1451928757280,0.0023942017,3.1878796,9.281123
1451928757285,-0.023343466,3.2154129,9.2308445
1451928757290,-0.046686932,3.2944214,9.091981
1451928757295,-0.06464344,3.376423,9.011775
1451928757300,-0.05327099,3.4751837,8.942942
1451928757305,0.009576807,3.5272577,8.897452
1451928757310,0.074818805,3.5380316,8.875306
1451928757315,0.11971009,3.5110967,8.890269
1451928757322,0.11971009,3.5051112,8.924985
1451928757324,0.12928689,3.4757824,8.952518
1451928757329,0.13108255,3.4685998,9.0081835
1451928757334,0.13706805,3.445855,9.039907
1451928757344,0.12389994,3.442862,9.062054
1451928757345,0.09876082,3.4063504,9.094974
1451928757349,0.05626374,3.4219127,9.077017
1451928757355,0.044292733,3.4117374,9.108142
1451928757359,0.033518825,3.4063504,9.130887
1451928757367,-0.014963761,3.435081,9.083003
1451928757369,-0.027533319,3.4380736,9.108142
1451928757374,-0.025139118,3.441665,9.094974
1451928757384,-0.04129998,3.4302924,9.122507
1451928757385,-0.076614454,3.4380736,9.101558
1451928757389,-0.08619126,3.465607,9.1350765
1451928757394,-0.11671733,3.4727895,9.160215
1451928757399,-0.13227965,3.4757824,9.120112
1451928757404,-0.1448492,3.4889505,9.169792
1451928757409,-0.15502456,3.4859576,9.1829605
1451928757414,-0.14664486,3.4769795,9.215881
1451928757419,-0.16819267,3.4715924,9.244013
1451928757424,-0.20231004,3.4985273,9.219472
1451928757430,-0.1921347,3.5075054,9.239224
1451928757434,-0.18255788,3.4883518,9.247005
1451928757438,-0.17357962,3.4769795,9.22067
1451928757444,-0.17357962,3.4554317,9.220071
1451928757448,-0.16579847,3.4823663,9.223662
1451928757454,-0.17058687,3.5021186,9.199121
1451928757458,-0.17298107,3.5332432,9.188348
1451928757463,-0.15801731,3.5350387,9.213487
1451928757468,-0.15801731,3.5452142,9.200318
1451928757473,-0.16819267,3.527856,9.193734
1451928757483,-0.15801731,3.5230677,9.175778
1451928757484,-0.17477672,3.5224693,9.199121
1451928757490,-0.15622166,3.4943373,9.20391
1451928757495,-0.15023616,3.4823663,9.176376
1451928757498,-0.15741876,3.4901476,9.1512375
1451928757503,-0.17417817,3.527856,9.185355
1451928757507,-0.17537527,3.54282,9.194333
1451928757513,-0.18195933,3.5745432,9.215881
1451928757519,-0.17896658,3.5853171,9.240421
1451928757526,-0.12449849,3.578733,9.238626
1451928757527,-0.0688333,3.5218706,9.229648
1451928757532,-0.027533319,3.466804,9.1350765
1451928757537,-0.03232172,3.4290953,9.106346
1451928757542,-0.044891283,3.4464533,9.102755
1451928757547,-0.0664391,3.4901476,9.097966
1451928757552,-0.07062895,3.5206735,9.121908
1451928757557,-0.08559271,3.5458126,9.102755
1451928757562,-0.09636662,3.5553896,9.15423
1451928757567,-0.0676362,3.5511997,9.212888
1451928757572,-0.032920275,3.5218706,9.263765
1451928757577,-0.011971008,3.481768,9.282919
1451928757582,-0.02633622,3.469797,9.305663
1451928757587,-0.014963761,3.4632127,9.294291
1451928757593,-0.031124622,3.4883518,9.355942
1451928757597,-0.107140526,3.539827,9.269751
1451928757603,-0.15801731,3.53863,9.111135
1451928757606,-0.08080431,3.5470097,9.191938
1451928757613,0.022744916,3.5523968,9.272743
1451928757617,0.0700304,3.4632127,9.244013
1451928757622,0.11192893,3.3734303,9.1255
1451928757628,0.12689269,3.3375173,9.061455
1451928757631,0.11552023,3.3686419,9.042301
1451928757636,0.10654198,3.417723,8.993818
1451928757642,0.062249243,3.4805708,8.983045
1451928757646,0.051475335,3.525462,9.0016
1451928757651,0.08439561,3.5194764,9.053075
1451928757656,0.10175357,3.5033157,9.150639
1451928757661,0.11791443,3.4757824,9.138069
1451928757667,0.10354923,3.4422636,9.129091
1451928757671,0.076614454,3.4560301,9.132084
1451928757677,0.092176765,3.4877534,9.139266
1451928757681,0.093373865,3.489549,9.078813
1451928757687,0.093373865,3.489549,9.078813
1451928757691,0.0676362,3.4847605,8.978855
1451928757698,0.038905777,3.4638114,8.977059
1451928757704,0.01616086,3.4763808,8.969876
1451928757706,-0.002992752,3.459023,8.953716
1451928757710,0.0,3.4638114,8.97646
1451928757715,-0.0023942017,3.4518404,9.056067
1451928757720,-0.010773907,3.4913447,9.137471
1451928757725,0.020350715,3.4913447,9.269152
1451928757735,0.050278235,3.472191,9.339182
1451928757736,0.061052144,3.4476504,9.344569
1451928757741,0.11312603,3.448249,9.344569
1451928757747,0.0712275,3.4404678,9.394249
1451928757750,0.050876785,3.4243069,9.411607
1451928757756,0.0688333,3.426701,9.368511
1451928757760,0.10295067,3.4464533,9.313444
1451928757765,0.15442601,3.4955344,9.251195
1451928757770,0.16759412,3.5182793,9.197326
1451928757776,0.1448492,3.4985273,9.209297
1451928757780,0.107140526,3.4733882,9.155427
1451928757786,0.10534488,3.4171243,9.105149
1451928757790,0.0664391,3.3770216,9.014768
1451928757796,0.06404489,3.394978,8.94773
1451928757800,0.0688333,3.453636,8.967483
1451928757805,0.05925649,3.5087025,8.978855
1451928757810,0.044891283,3.5643678,8.985439
1451928757815,0.05746084,3.5500026,9.0081835
1451928757820,0.065242,3.5416229,9.063849
1451928757845,0.094570965,3.5051112,9.156625
1451928757845,0.12689269,3.5033157,9.236232
1451928757846,0.15143326,3.454833,9.231443
1451928757847,0.16101007,3.41892,9.213487
1451928757848,0.1592144,3.3848026,9.225458
1451928757848,0.15263036,3.376423,9.188946
1451928757871,0.08798691,3.3943794,9.237429
1451928757872,0.05805939,3.4063504,9.2787285
1451928757872,0.054468088,3.413533,9.247005
1451928757874,0.038307227,3.3812113,9.231443
1451928757874,0.048482586,3.378817,9.202114
1451928757879,0.039504327,3.3806129,9.150041
1451928757884,0.03172317,3.3877954,9.145252
1451928757889,0.01436521,3.41892,9.132084
1451928757892,0.022146367,3.4650085,9.09617
1451928757899,0.016759412,3.5110967,9.102755
1451928757904,0.0035913025,3.5152867,9.111135
1451928757910,-0.0053869537,3.515885,9.14226
1451928757912,0.009576807,3.4745853,9.172785
1451928757918,-0.027533319,3.4674027,9.206305
1451928757923,0.017956512,3.457826,9.173384
1451928757929,0.023942016,3.4261026,9.124901
1451928757932,0.017357962,3.4129345,9.086594
1451928757937,0.014963761,3.4105403,9.106346
1451928757944,-0.0011971008,3.4123359,9.060258
1451928757947,-0.011971008,3.4183214,9.017162
1451928757952,-0.029927522,3.4422636,9.016563
1451928757959,-0.0700304,3.4566288,9.028535
1451928757962,-0.044292733,3.4596214,9.111733
1451928757967,-0.035314474,3.4650085,9.08001
1451928757972,-0.008978256,3.448249,9.102755
1451928757976,-0.0017956513,3.4344823,9.108741
1451928757984,0.011971008,3.4386723,9.137471
1451928757987,0.012569559,3.4506433,9.167996
1451928757994,0.0,3.4572272,9.194932
1451928757997,0.018555064,3.482965,9.190144
1451928758001,0.031124622,3.4925418,9.170391
1451928758009,0.034117375,3.493739,9.189545
1451928758013,0.047285482,3.4877534,9.226056
1451928758018,0.033518825,3.4931402,9.221867
1451928758021,0.031124622,3.4751837,9.242217
1451928758027,0.02873042,3.4763808,9.288305
1451928758031,0.047285482,3.4859576,9.264363
1451928758036,0.048482586,3.4739866,9.288904
1451928758042,0.06823475,3.4500446,9.28232
1451928758046,0.076015905,3.4626143,9.2865095
1451928758052,0.09636662,3.429694,9.2865095
1451928758061,0.11432313,3.4219127,9.291298
1451928758061,0.08319851,3.4314895,9.307459
1451928758066,0.05327099,3.4368765,9.293693
1451928758071,0.08020575,3.4249055,9.32362
1451928758076,0.08499416,3.4081461,9.354745
1451928758080,0.09636662,3.4081461,9.291298
1451928758085,0.075417355,3.4237084,9.288305
1451928758092,0.061650693,3.426701,9.280524
1451928758096,0.062249243,3.4512417,9.207501
1451928758100,0.079008654,3.4476504,9.145252
1451928758107,0.109534726,3.4745853,9.113529
1451928758110,0.10594343,3.490746,9.044097
1451928758115,0.12868834,3.4805708,9.0429
1451928758120,0.14604631,3.4518404,9.045893
1451928758125,0.11492168,3.4386723,9.078813
1451928758130,0.11192893,3.4183214,9.115324
1451928758135,0.12509704,3.390788,9.081805
1451928758145,0.12808979,3.354875,9.097966
1451928758145,0.15083471,3.345897,9.056666
1451928758150,0.16759412,3.3542767,9.035717
1451928758155,0.15861586,3.3650506,9.010578
1451928758159,0.1340753,3.4075475,8.944139
1451928758165,0.12449849,3.4392707,8.926183
1451928758169,0.14544775,3.4500446,8.860941
1451928758176,0.16400282,3.4674027,8.854357
1451928758179,0.15143326,3.4853592,8.826224
1451928758184,0.13108255,3.4985273,8.869919
1451928758192,0.12749124,3.4997244,8.913014
1451928758194,0.10654198,3.4985273,8.992023
1451928758199,0.093373865,3.4739866,9.072228
1451928758204,0.073621705,3.478775,9.166202
1451928758209,0.107739076,3.4572272,9.282919
1451928758214,0.1352724,3.4237084,9.384073
1451928758219,0.13347675,3.3991678,9.48882
1451928758225,0.13587095,3.3812113,9.578603
1451928758230,0.08020575,3.3806129,9.600749
1451928758234,0.07182605,3.3961751,9.595961
1451928758241,0.06344634,3.3955765,9.558251
1451928758244,0.046088383,3.3973722,9.524733
1451928758249,0.06344634,3.4081461,9.442133
1451928758254,0.090381116,3.433884,9.374496
1451928758258,0.07182605,3.453636,9.3182335
1451928758263,0.065242,3.4680011,9.187749
1451928758268,0.076614454,3.4542346,9.136273
1451928758275,0.10295067,3.4476504,9.012972
1451928758278,0.11971009,3.4542346,8.93935
1451928758283,0.13946225,3.4967315,8.897452
1451928758288,0.15322891,3.5206735,8.844181
1451928758294,0.14963761,3.527856,8.853758
1451928758298,0.1400608,3.5458126,8.88608
1451928758303,0.14305355,3.5571852,8.929773
1451928758309,0.13108255,3.5607765,8.924985
1451928758313,0.11432313,3.5535939,9.016563
1451928758318,0.10594343,3.5523968,9.106346
1451928758325,0.12270284,3.530849,9.157223
1451928758328,0.10115502,3.5212722,9.237429
1451928758333,0.093373865,3.481768,9.266758
1451928758341,0.10175357,3.4883518,9.28232
1451928758343,0.06284779,3.4715924,9.351153
1451928758348,0.089184016,3.466804,9.361927
1451928758353,0.05925649,3.4488475,9.400234
1451928758358,0.08319851,3.454833,9.369708
1451928758362,0.038905777,3.4560301,9.387066
1451928758367,0.023343466,3.496133,9.394249
1451928758374,-0.004189853,3.5116954,9.372103
1451928758377,-0.04189853,3.496133,9.401431
1451928758382,-0.0700304,3.503914,9.411607
1451928758387,-0.060453594,3.5093012,9.421184
1451928758396,-0.05626374,3.4835634,9.405023
1451928758397,-0.061650693,3.4877534,9.358934
1451928758402,-0.047884032,3.4799721,9.3733
1451928758413,-0.044891283,3.5194764,9.325416
1451928758414,-0.037708677,3.5236664,9.309255
1451928758418,-0.02873042,3.532046,9.280524
1451928758427,-0.005985504,3.539827,9.214684
1451928758428,0.011971008,3.53863,9.168595
1451928758432,0.03232172,3.5416229,9.118916
1451928758436,0.044292733,3.54282,9.088389
1451928758441,0.025139118,3.5482068,9.083003
1451928758446,0.008379706,3.554791,9.114127
1451928758451,0.011372458,3.5739446,9.161413
1451928758456,0.004189853,3.549404,9.176376
1451928758461,0.01316811,3.526659,9.176376
1451928758466,0.010773907,3.5122938,9.184756
1451928758471,0.010773907,3.50152,9.19553
1451928758477,0.035314474,3.5128925,9.19972
1451928758481,0.045489833,3.514688,9.236232
1451928758487,0.04189853,3.513491,9.215282
1451928758491,0.03232172,3.5404258,9.182362
1451928758496,0.025737667,3.5230677,9.178172
1451928758501,0.019153614,3.5284548,9.170391
1451928758506,0.009576807,3.5140896,9.121908
1451928758511,0.031124622,3.4823663,9.106346
1451928758515,-0.0047884034,3.4853592,9.093178
1451928758520,-0.01436521,3.514688,9.11293
1451928758525,-0.022146367,3.4979286,9.164406
1451928758530,0.008379706,3.481768,9.169792
1451928758536,-0.012569559,3.4805708,9.15842
1451928758541,-0.011971008,3.4530375,9.175778
1451928758545,0.033518825,3.4757824,9.19134
1451928758550,0.038905777,3.4332852,9.160215
1451928758555,0.031124622,3.4554317,9.132084
1451928758560,0.0035913025,3.4272997,9.133281
1451928758567,-0.035913024,3.3794158,9.126099
1451928758571,-0.035913024,3.3794158,9.126099
1451928758576,-0.01616086,3.3279405,9.118916
1451928758580,0.061052144,3.2878375,9.167398
1451928758588,0.15083471,3.2866404,9.334992
1451928758590,0.1921347,3.3081882,9.40203
1451928758596,0.2813187,3.321955,9.418191
1451928758600,0.4297592,3.3620577,9.528923
1451928758607,0.50158525,3.41473,9.662399
1451928758611,0.5033809,3.4039562,9.631873
1451928758616,0.40462008,3.406949,9.507375
1451928758619,0.31423897,3.4009635,9.458893
1451928758625,0.21906945,3.4703953,9.424775
1451928758630,0.04249708,3.5452142,9.380483
1451928758634,-0.18076223,3.5673606,9.223662
1451928758641,-0.3842694,3.4464533,9.087791
1451928758644,-1.0947487,3.2483332,8.447342
1451928758649,-1.3760674,3.5763388,7.6919713
1451928758654,-1.2611457,3.8696284,7.976283
1451928758660,-1.4760253,3.7720647,8.480263
1451928758664,-1.4281414,3.6164417,8.584411
1451928758669,-0.9187749,3.5793316,8.496424
1451928758682,-0.4369418,3.70802,8.789713
1451928758682,-0.21667525,3.7714663,9.400234
1451928758684,-0.078410104,3.7355533,9.949105
1451928758689,0.12449849,3.6463692,10.257957
1451928758693,0.260968,3.5703533,10.2406
1451928758698,0.093373865,3.5098996,9.995792
1451928758703,-0.25977087,3.5140896,9.624691
1451928758709,-0.50158525,3.6086605,9.257779
1451928758713,-0.62847793,3.6733038,8.832211
1451928758718,-0.6853402,3.691859,8.503606
