1672850447537,1010.58154
1672850447716,1010.5156
1672850447894,1010.64307
1672850448073,1010.6924
1672850448250,1010.64185
1672850448428,1010.67163
1672850448606,1010.803
1672850448785,1010.6548
1672850448960,1010.355
1672850449138,1010.5957
1672850449376,1010.58374
1672850449716,1010.5642
1672850449716,1010.61743
1672850449850,1010.3391
1672850450027,1010.57886
1672850450205,1010.52515
1672850450383,1010.77734
1672850450561,1010.7993
1672850450966,1010.73486
1672850451146,1010.885
1672850451323,1011.2661
1672850451517,1011.6001
1672850451678,1010.73584
1672850451856,1012.05273
1672850452034,1010.7246
1672850452217,1011.35986
1672850452391,1011.3364
1672850452567,1012.0642
1672850452747,1010.5449
1672850452924,1010.60596
1672850453102,1011.27075
1672850453280,1011.9243
1672850453480,1010.9092
1672850453637,1010.63477
1672850453815,1010.94214
1672850453992,1010.72314
1672850454170,1011.48804
1672850454348,1010.8596
1672850454525,1010.58374
1672850454704,1011.0586
1672850454882,1011.5471
1672850455060,1010.907
1672850455237,1010.47534
1672850455415,1010.6802
1672850455592,1011.0908
1672850455772,1010.5242
1672850455949,1010.4929
1672850456127,1011.0442
1672850456305,1010.6697
1672850456483,1010.55615
1672850456661,1010.71313
1672850456840,1011.97485
1672850457017,1011.3496
1672850457195,1010.8513
1672850457374,1011.1924
1672850457552,1010.84155
1672850457728,1011.8362
1672850457906,1011.09985
1672850458084,1010.7097
1672850458262,1010.8047
1672850458440,1010.7666
1672850458617,1010.94165
1672850458796,1010.6113
1672850458973,1010.9199
1672850459152,1011.16504
1672850459330,1011.1858
1672850459508,1010.4785
1672850459687,1012.30225
1672850459863,1010.83105
1672850460041,1011.11523
1672850460220,1011.4253
1672850460397,1010.84717
1672850460581,1011.0491
1672850460752,1010.8616
1672850460931,1011.12036
1672850461109,1010.8093
1672850461287,1010.959
1672850461465,1011.0762
1672850461643,1010.5366
1672850461821,1010.6179
1672850461998,1011.0393
1672850462176,1011.08716
1672850462354,1010.66675
1672850462533,1010.66675
1672850462709,1010.68994
1672850462888,1010.8325
1672850463066,1010.6963
1672850463244,1010.89624
1672850463422,1010.69727
1672850463600,1011.0403
1672850463778,1010.6909
1672850463956,1011.3772
1672850464134,1010.7495
1672850464312,1011.08105
1672850464489,1010.7554
1672850464667,1011.80273
1672850464845,1010.739
1672850465023,1011.20166
1672850465201,1010.9719
1672850465379,1011.6543
1672850465557,1010.6941
1672850465829,1011.593
1672850465913,1010.7024
1672850466096,1010.647
1672850466273,1011.1582
1672850466446,1011.4099
1672850466624,1010.6631
1672850466804,1010.7405
1672850466980,1011.0259
1672850467158,1011.4214
1672850467342,1010.65894
1672850467514,1010.77905
1672850467732,1010.9685
1672850467869,1011.7302
1672850468048,1011.3093
1672850468227,1010.6836
1672850468403,1012.1482
1672850468581,1011.3164
1672850468759,1011.48975
1672850468938,1010.9475
1672850469115,1011.6494
1672850469338,1010.9236
1672850469471,1011.4812
1672850469651,1010.8047
1672850469827,1010.72974
1672850470007,1011.0437
1672850470183,1011.54736
1672850470361,1010.792
1672850470539,1010.65186
1672850470717,1010.99097
1672850470894,1011.312
1672850471072,1010.7512
1672850471251,1010.8528
1672850471430,1010.8994
1672850471606,1011.56616
1672850471784,1010.9138
1672850471963,1011.1792
1672850472141,1010.91406
1672850472322,1011.2893
1672850472496,1011.1482
1672850472676,1010.96265
1672850472852,1010.93604
1672850473030,1011.3821
1672850473208,1011.17847
1672850473385,1010.90674
1672850473608,1011.14575
1672850473742,1010.9136
1672850473920,1010.8408
1672850474097,1010.7915
1672850474275,1011.10376
1672850474452,1010.9785
1672850474630,1010.78516
1672850474809,1010.751
1672850474988,1011.57837
1672850475165,1011.60205
1672850475343,1011.00464
1672850475521,1011.2634
1672850475698,1012.6782
1672850475876,1011.74316
1672850476055,1011.0928
1672850476248,1011.10913
1672850476410,1011.2788
1672850476588,1012.09326
1672850476766,1011.31006
1672850476944,1011.2466
1672850477122,1011.4182
1672850477300,1011.9231
1672850477478,1011.51245
1672850477706,1010.7615
1672850477833,1010.99536
1672850478011,1011.0547
1672850478189,1011.4519
1672850478368,1010.7954
1672850478545,1011.7012
1672850478723,1011.00195
1672850478901,1010.9856
1672850479079,1011.1587
1672850479257,1012.26685
1672850479435,1011.02954
1672850479612,1011.16797
1672850479792,1011.3523
1672850479968,1011.7737
1672850480148,1011.7805
1672850480324,1011.33887
1672850480502,1011.08105
1672850480680,1011.0156
1672850480858,1011.56494
1672850481036,1011.3772
1672850481215,1010.9407
1672850481392,1011.20337
1672850481570,1011.1018
1672850481748,1011.4551
1672850481926,1010.9126
1672850482103,1011.0796
1672850482281,1011.09717
1672850482459,1011.39453
1672850482674,1010.97363
1672850482815,1011.2117
1672850482994,1011.0796
1672850483171,1011.4905
1672850483351,1011.053
1672850483527,1011.90137
1672850483706,1011.0581
1672850483883,1011.1797
1672850484063,1011.2217
1672850484239,1012.24634
1672850484491,1011.1858
1672850484595,1011.35205
1672850484774,1011.4734
1672850484952,1011.1809
1672850485128,1011.6919
1672850485306,1011.6382
1672850485484,1011.0923
1672850485663,1011.1985
1672850485840,1011.45215
1672850486018,1011.6045
1672850486197,1011.09985
1672850486374,1011.3989
1672850486551,1011.229
1672850486731,1011.5513
1672850486909,1011.06494
1672850487085,1011.6743
1672850487265,1011.20654
1672850487443,1011.73975
1672850487635,1010.8884
1672850487797,1012.39404
1672850487976,1011.1643
1672850488153,1011.98804
1672850488332,1011.49585
1672850488509,1011.3755
1672850488686,1011.42285
1672850488864,1011.5874
1672850489049,1011.4607
1672850489221,1011.25146
1672850489400,1011.2627
1672850489576,1011.69653
1672850489755,1011.13086
1672850489933,1011.1177
1672850490110,1011.2776
1672850490290,1011.823
1672850490466,1011.13525
1672850490654,1011.1904
1672850490822,1011.438
1672850490999,1011.98486
1672850491180,1011.45264
1672850491356,1011.2136
1672850491533,1011.4973
1672850491711,1012.02515
1672850491891,1011.58936
1672850492067,1011.2366
1672850492246,1011.5132
1672850492424,1011.9231
1672850492602,1011.2239
1672850492780,1011.2615
1672850492957,1011.7312
1672850493136,1011.6824
1672850493312,1011.60254
1672850493491,1011.1826
1672850493668,1011.91797
1672850493847,1011.70874
1672850494024,1011.21313
1672850494203,1011.25
1672850494382,1011.6802
1672850494559,1011.7136
1672850494735,1011.21216
1672850494913,1011.2256
1672850495092,1011.36475
1672850495270,1011.7637
1672850495449,1011.2998
1672850495627,1011.176
1672850495881,1011.4519
1672850495981,1011.63257
1672850496159,1011.3955
1672850496339,1011.2998
1672850496515,1011.345
1672850496695,1011.2688
1672850496872,1011.4319
1672850497050,1010.7461
1672850497228,1010.9375
1672850497406,1011.24316
1672850497584,1011.31177
1672850497760,1012.12695
1672850497938,1012.2864
1672850498116,1012.0635
1672850498296,1011.917
1672850498472,1011.5906
1672850498654,1011.5591
1672850498830,1012.0554
1672850499006,1012.1465
1672850499185,1011.42456
1672850499368,1011.4907
1672850499539,1010.96875
1672850499717,1010.9734
1672850499895,1011.0232
1672850500073,1011.17676
1672850500251,1011.2229
1672850500430,1011.2627
1672850500607,1011.3474
1672850500785,1011.4873
1672850500962,1011.3235
1672850501140,1011.21704
1672850501320,1011.3611
1672850501496,1011.31445
1672850501674,1011.3745
1672850501853,1011.52905
1672850502032,1011.3391
1672850502213,1011.29346
