1672850036136,1010.14795
1672850036314,1010.01465
1672850036493,1010.1758
1672850036674,1010.3911
1672850036849,1010.4927
1672850037030,1010.31226
1672850037206,1010.2551
1672850037383,1010.46313
1672850037561,1010.2175
1672850037739,1010.33154
1672850037931,1010.3203
1672850038093,1009.72266
1672850038271,1009.7617
1672850038448,1009.8347
1672850038630,1009.5657
1672850038809,1009.5957
1672850038985,1009.5781
1672850039161,1009.7339
1672850039338,1009.8391
1672850039516,1009.5796
1672850039694,1009.6572
1672850040116,1009.81177
1672850040304,1010.7444
1672850040470,1012.7976
1672850040647,1012.72437
1672850040827,1010.7366
1672850041004,1010.98
1672850041183,1011.2539
1672850041362,1010.4182
1672850041537,1010.15625
1672850041716,1010.7722
1672850041894,1010.71655
1672850042076,1010.7871
1672850042250,1010.2761
1672850042427,1010.55176
1672850042605,1010.62476
1672850042783,1011.7473
1672850042962,1009.4336
1672850043139,1011.1831
1672850043318,1010.364
1672850043497,1010.3252
1672850043673,1011.66504
1672850043851,1010.24414
1672850044046,1011.6531
1672850044207,1009.82666
1672850044385,1010.11694
1672850044563,1010.9951
1672850044741,1010.50586
1672850044918,1010.82056
1672850045097,1011.4856
1672850045275,1010.6233
1672850045454,1010.5801
1672850045631,1011.1516
1672850045809,1010.94653
1672850045986,1010.5266
1672850046165,1010.0913
1672850046342,1010.61035
1672850046521,1010.4678
1672850046698,1010.2832
1672850046930,1010.709
1672850047053,1009.9927
1672850047231,1010.31177
1672850047411,1011.22534
1672850047587,1010.7009
1672850047767,1010.72314
1672850047943,1010.4885
1672850048121,1009.6033
1672850048300,1010.5469
1672850048478,1010.5242
1672850048655,1010.6399
1672850048832,1011.095
1672850049013,1010.2173
1672850049189,1010.5149
1672850049366,1010.38574
1672850049546,1011.1316
1672850049722,1010.39307
1672850049899,1010.5637
1672850050077,1011.0012
1672850050255,1010.6365
1672850050434,1010.82715
1672850050613,1011.4348
1672850050792,1010.81616
1672850050968,1010.8384
1672850051146,1010.3806
1672850051323,1010.876
1672850051501,1010.8772
1672850051681,1010.3889
1672850051861,1010.86426
1672850052035,1010.3081
1672850052214,1011.1196
1672850052392,1011.3855
1672850052571,1011.0315
1672850052748,1011.1045
1672850052925,1010.62476
1672850053103,1010.83154
1672850053282,1011.40454
1672850053459,1010.9768
1672850053637,1011.30835
1672850053815,1010.7754
1672850053994,1011.2041
1672850054171,1011.2771
1672850054349,1010.948
1672850054526,1010.7737
1672850054710,1010.7344
1672850054882,1009.80444
1672850055061,1011.8147
1672850055238,1010.2417
1672850055416,1010.9204
1672850055594,1011.1018
1672850055772,1011.8733
1672850055951,1010.3125
1672850056128,1011.29614
1672850056307,1011.34595
1672850056485,1010.1067
1672850056662,1010.66724
1672850056838,1011.6245
1672850057018,1011.85596
1672850057195,1010.46313
1672850057374,1010.6306
1672850057553,1011.5239
1672850057729,1010.93604
1672850057907,1010.7744
1672850058087,1011.7842
1672850058263,1011.21216
1672850058441,1010.68286
1672850058620,1010.60986
1672850058797,1010.62134
1672850058975,1010.72363
1672850059154,1011.09546
1672850059331,1011.6665
1672850059510,1010.3501
1672850059687,1010.7688
1672850059864,1010.48267
1672850060044,1010.657
1672850060220,1010.7195
1672850060398,1011.60693
1672850060576,1011.17773
1672850060754,1010.29395
1672850060933,1010.4363
1672850061112,1010.6575
1672850061288,1010.3235
1672850061466,1011.0327
1672850061644,1011.79834
1672850061826,1010.2522
1672850061999,1010.1929
1672850062177,1010.66724
1672850062355,1010.55444
1672850062534,1010.4673
1672850062711,1011.3252
1672850062889,1011.43726
1672850063067,1010.3511
1672850063245,1011.0154
1672850063423,1010.5779
1672850063602,1010.61646
1672850063779,1010.61304
1672850063957,1011.1321
1672850064135,1011.40356
1672850064322,1010.3845
1672850064491,1010.39966
1672850064668,1010.81885
1672850064846,1010.2678
1672850065024,1010.7864
1672850065202,1010.6438
1672850065381,1010.719
1672850065558,1011.4387
1672850065736,1010.7058
1672850065913,1011.3955
1672850066092,1010.64575
1672850066270,1010.74414
1672850066447,1010.90845
1672850066625,1010.3684
1672850066803,1010.88403
1672850066981,1010.6975
1672850067168,1011.17896
1672850067337,1011.2363
1672850067515,1010.72705
1672850067694,1011.00854
1672850067871,1010.5835
1672850068049,1010.9033
1672850068227,1011.3115
1672850068405,1010.80444
1672850068582,1011.0471
1672850068760,1010.938
1672850068938,1010.8955
1672850069116,1011.3103
1672850069294,1011.0664
1672850069472,1011.4441
1672850069651,1010.6177
1672850069827,1010.9104
1672850070006,1010.6997
1672850070184,1010.45654
1672850070362,1011.02686
1672850070620,1011.24854
1672850070728,1010.9712
1672850070895,1011.1199
1672850071075,1010.8662
1672850071252,1010.84937
1672850071429,1010.8889
1672850071607,1011.1272
1672850071785,1010.9331
1672850071962,1010.7627
1672850072141,1011.2141
1672850072320,1011.1782
1672850072497,1010.65405
1672850072679,1011.2053
1672850072858,1010.89624
1672850073032,1010.9968
1672850073210,1011.0525
1672850073387,1010.4712
1672850073564,1011.25806
1672850073742,1011.71484
1672850073920,1011.197
1672850074096,1011.2405
1672850074276,1011.0325
1672850074455,1010.979
1672850074633,1010.39624
1672850074812,1010.49414
1672850074992,1011.21826
1672850075166,1011.0747
1672850075343,1011.1521
1672850075522,1011.1387
1672850075700,1011.0198
1672850075879,1011.37964
1672850076057,1011.41284
1672850076233,1010.39136
1672850076412,1011.1221
1672850076589,1011.2178
1672850076767,1011.2529
1672850077009,1011.2014
1672850077123,1011.27686
1672850077302,1011.2927
1672850077480,1012.2024
1672850077657,1010.57056
1672850077834,1011.4944
1672850078022,1010.8096
1672850078189,1010.6477
1672850078369,1009.93677
1672850078548,1010.57007
1672850078726,1012.2439
1672850078901,1010.53735
1672850079080,1009.7368
1672850079260,1010.5056
1672850079438,1010.0879
1672850079614,1010.00073
1672850079800,1009.51025
1672850079969,1010.47144
1672850080146,1010.5405
1672850080324,1010.47485
1672850080502,1010.563
1672850080682,1010.7529
1672850080858,1010.8823
1672850081036,1010.8357
1672850081214,1010.9546
1672850081392,1010.8855
1672850081572,1011.07324
1672850081748,1010.8567
1672850081927,1010.8723
1672850082124,1010.9077
1672850082284,1010.8801
