1740493953044,1009.46484
1740493953221,1009.41797
1740493953399,1009.3694
1740493953578,1009.4336
1740493953755,1009.4829
1740493953933,1009.4209
1740493954113,1009.60986
1740493954289,1009.4592
1740493954468,1009.4966
1740493954648,1009.4863
1740493954824,1009.66675
1740493955130,1009.43823
1740493955182,1009.65356
1740493955360,1009.43066
1740493955535,1009.46826
1740493955713,1009.41284
1740493955891,1009.72217
1740493956070,1009.54004
1740493956249,1009.4519
1740493956424,1009.5022
1740493956601,1009.4597
1740493956780,1009.45654
1740493956957,1009.42236
1740493957136,1009.43726
1740493957314,1009.4463
1740493957493,1009.49365
1740493957670,1009.4971
1740493957846,1009.521
1740493958024,1009.48486
1740493958203,1009.45776
1740493958381,1009.7527
1740493958558,1009.82007
1740493958735,1009.53296
1740493958913,1009.48364
1740493959092,1009.7373
1740493959276,1009.7527
1740493959449,1009.8347
1740493959626,1009.7258
1740493959804,1009.78296
1740493959981,1009.7971
1740493960160,1009.76196
1740493960338,1009.70776
1740493960516,1009.8799
1740493960694,1009.70483
1740493960894,1009.8237
1740493961049,1009.7803
1740493961230,1009.4634
1740493961405,1009.70166
1740493961585,1009.7307
1740493961761,1009.71216
1740493961939,1009.76587
1740493962117,1009.7715
1740493962296,1009.823
1740493962474,1009.7988
1740493962652,1009.7561
1740493962831,1009.7195
1740493963008,1009.823
1740493963185,1009.7893
1740493963363,1009.8098
1740493963541,1009.792
1740493963751,1009.74097
1740493963896,1009.7395
1740493964076,1009.8508
1740493964252,1009.7466
1740493964431,1009.8154
1740493964608,1009.7256
1740493964786,1009.7058
1740493964964,1009.75366
1740493965142,1009.7656
1740493965320,1009.72266
1740493965499,1009.70264
1740493965678,1009.7617
1740493965854,1009.8379
1740493966030,1009.71484
1740493966210,1009.7427
1740493966388,1009.72266
1740493966565,1009.822
1740493966743,1009.6992
1740493966922,1009.7158
1740493967099,1009.75635
1740493967277,1009.739
1740493967455,1009.71313
1740493967633,1009.7649
1740493967811,1009.68066
1740493967990,1009.6819
1740493968167,1009.7883
1740493968344,1009.77295
1740493968533,1009.8064
1740493968701,1009.79224
1740493968878,1009.8025
1740493969056,1009.7544
1740493969234,1009.7898
1740493969412,1009.8159
1740493969591,1009.78613
1740493969768,1009.7859
1740493969946,1009.72656
1740493970125,1009.7554
1740493970303,1009.70557
1740493970479,1009.74243
1740493970657,1009.72266
1740493970835,1009.76807
1740493971026,1009.75073
1740493971191,1009.74316
1740493971371,1009.751
1740493971547,1009.7991
1740493971726,1009.8489
1740493971904,1009.82324
1740493972081,1009.70874
1740493972309,1009.75146
1740493972491,1009.8457
1740493972614,1009.7803
1740493972793,1009.7959
1740493972971,1009.7344
1740493973148,1009.72876
1740493973326,1009.7676
1740493973504,1009.7656
1740493973682,1009.8281
1740493973860,1009.718
1740493974038,1009.6926
1740493974216,1009.7783
1740493974395,1009.77905
1740493974571,1009.7571
1740493974749,1009.7107
1740493974927,1009.813
1740493975105,1009.7278
1740493975283,1009.7031
1740493975461,1009.8286
1740493975813,1009.7549
1740493975819,1009.7175
1740493975994,1009.5388
1740493976172,1009.46216
1740493976351,1009.4844
1740493976528,1009.4475
1740493976706,1009.48364
1740493976886,1009.5342
1740493977063,1009.5698
1740493977239,1009.73193
1740493977418,1009.8242
1740493977595,1009.8286
1740493977775,1009.782
1740493977951,1009.6748
1740493978130,1009.77344
1740493978308,1009.75464
1740493978486,1009.8103
1740493978664,1009.8135
1740493978841,1009.70044
1740493979020,1009.76025
1740493979197,1009.8418
1740493979382,1009.7844
1740493979554,1009.77124
1740493979731,1009.8047
1740493979935,1009.7905
1740493980086,1009.7578
1740493980264,1009.4585
1740493980442,1009.499
1740493980620,1009.4055
1740493980799,1009.6045
1740493980977,1009.739
1740493981155,1009.74805
1740493981332,1009.8367
1740493981518,1009.7173
1740493981689,1009.76074
1740493981866,1009.84546
1740493982044,1009.7234
1740493982222,1009.7595
1740493982402,1009.68774
1740493982578,1009.8213
1740493982756,1009.7825
1740493982936,1009.6865
1740493983113,1009.75464
1740493983290,1009.7715
1740493983467,1009.7864
1740493983645,1009.7759
1740493983823,1009.8157
1740493984001,1009.7573
1740493984180,1009.89746
1740493984357,1009.84033
1740493984535,1009.812
1740493984712,1009.8362
1740493984891,1009.7837
1740493985069,1009.78735
1740493985247,1009.82886
1740493985424,1009.8235
1740493985603,1009.76
1740493985786,1009.8147
1740493985958,1009.7759
1740493986136,1009.8567
1740493986314,1009.81445
1740493986492,1009.80225
1740493986670,1009.76025
1740493986870,1009.7959
1740493987026,1009.73535
1740493987204,1009.7366
1740493987383,1009.6992
1740493987561,1009.6516
1740493987739,1009.7444
1740493987932,1009.7717
1740493988093,1009.8164
1740493988273,1009.7815
1740493988450,1009.7329
1740493988628,1009.8103
1740493988806,1009.80347
1740493988984,1009.71265
1740493989163,1009.84033
1740493989339,1009.8235
1740493989523,1009.85815
1740493989696,1009.6499
1740493989874,1009.772
1740493990050,1009.7444
1740493990230,1009.70703
1740493990417,1009.8179
1740493990585,1009.6946
1740493990762,1009.73535
1740493990942,1009.8313
1740493991120,1009.88574
1740493991296,1009.8274
1740493991475,1009.7964
1740493991651,1009.7898
1740493991830,1009.76074
1740493992009,1009.7593
1740493992187,1009.70996
1740493992365,1009.8076
1740493992543,1009.7339
1740493992720,1009.79565
1740493992897,1009.8291
1740493993076,1009.81885
1740493993253,1009.7656
1740493993432,1009.81445
1740493993611,1009.7471
1740493993787,1009.70483
1740493993966,1009.8086
1740493994142,1009.885
1740493994322,1009.771
1740493994498,1009.74634
1740493994677,1009.7644
1740493994855,1009.7014
1740493995033,1009.87476
1740493995211,1009.7749
1740493995388,1009.9929
1740493995568,1009.90796
1740493995743,1009.82666
1740493995923,1009.82544
1740493996100,1009.75073
1740493996278,1009.7827
1740493996455,1009.8384
1740493996634,1009.70215
1740493996812,1009.79395
1740493996990,1009.89453
1740493997168,1009.864
1740493997346,1009.86914
1740493997522,1009.71924
1740493997710,1009.73584
1740493997881,1009.813
1740493998058,1009.7876
1740493998233,1009.7705
1740493998414,1009.4927
1740493998592,1009.8113
1740493998767,1009.7522
1740493998946,1009.69336
1740493999126,1009.8574
1740493999302,1009.72876
1740493999480,1009.7612
1740493999659,1009.78
1740493999836,1009.7488
1740494000014,1009.85815
1740494000192,1009.8279
1740494000371,1009.75195
1740494000547,1009.8367
1740494000726,1009.7781
1740494000905,1009.8489
1740494001082,1009.761
1740494001261,1009.80786
1740494001438,1009.8445
1740494001616,1009.7822
1740494001793,1009.82764
1740494001972,1009.7251
1740494002149,1009.86743
1740494002329,1009.8247
1740494002507,1009.8894
1740494002682,1009.8833
1740494002863,1009.82886
1740494003040,1009.8613
1740494003218,1009.87256
1740494003393,1009.8186
1740494003573,1009.81665
1740494003751,1009.8213
1740494003930,1009.7844
1740494004108,1009.8779
1740494004285,1009.8816
1740494004463,1009.8567
1740494004639,1009.9197
1740494004819,1009.9822
1740494004995,1009.8435
1740494005175,1010.0156
1740494005352,1010.05615
1740494005531,1009.99976
1740494005706,1010.0703
1740494005885,1010.12695
1740494006065,1009.9597
1740494006241,1010.01953
1740494006420,1010.0513
1740494006597,1010.01416
1740494006775,1010.01465
1740494006953,1010.03564
1740494007132,1010.08374
1740494007309,1010.1311
1740494007487,1010.0947
1740494007665,1010.0498
1740494007842,1010.11694
1740494008021,1010.13086
1740494008198,1010.1033
1740494008377,1010.1079
1740494008554,1010.0188
1740494008794,1009.9973
1740494008970,1010.0801
1740494009087,1010.06885
1740494009267,1010.1516
1740494009443,1010.0635
1740494009623,1010.19556
1740494009800,1010.1443
1740494009979,1010.02783
1740494010157,1010.02295
1740494010335,1010.1094
1740494010511,1009.9812
1740494010690,1010.1365
1740494010867,1010.05493
1740494011045,1009.9673
1740494011224,1009.9746
1740494011401,1009.9121
1740494011579,1009.9912
1740494011758,1010.0615
1740494011936,1009.79834
1740494012112,1009.979
1740494012292,1009.9392
1740494012469,1009.8804
1740494012645,1010.0737
1740494012822,1010.00195
1740494013003,1010.05054
1740494013182,1009.98364
1740494013360,1009.91064
1740494013745,1009.9768
1740494013746,1009.9592
1740494013893,1009.67773
1740494014071,1009.655
1740494014248,1009.79565
1740494014424,1009.83154
1740494014602,1009.9365
1740494014780,1009.94824
1740494014960,1009.9319
1740494015137,1009.8013
1740494015315,1009.92847
1740494015492,1009.8804
1740494015672,1009.84375
1740494015848,1009.7842
1740494016027,1009.78564
1740494016206,1009.68286
1740494016384,1009.85645
1740494016562,1009.8574
1740494016738,1009.8367
1740494016955,1009.8169
1740494017093,1009.5303
1740494017271,1009.6299
1740494017448,1009.57764
1740494017626,1009.60034
1740494017804,1009.5039
1740494017982,1009.5637
1740494018161,1009.44824
1740494018338,1009.58203
1740494018517,1009.50684
1740494018694,1009.4595
1740494018874,1009.5022
