1740495073804,-1.5951369,1.9009962,6.647501
1740495073810,-1.6639702,1.690905,6.5283895
1740495073813,-1.9859903,1.79206,6.299743
1740495073818,-2.44448,2.082357,6.2979474
1740495073823,-2.7539306,2.3008277,6.3685765
1740495073828,-2.971803,2.1559787,6.799533
1740495073834,-3.1244333,1.4407109,7.177218
1740495073837,-3.1998506,0.57400984,7.2149267
1740495073844,-3.176507,0.008379706,7.0844426
1740495073848,-3.1381998,-0.1352724,6.7283053
1740495073853,-3.1250317,0.04369418,6.244078
1740495073858,-3.2028434,0.44352585,5.834071
1740495073863,-3.3464954,1.0205284,5.5150437
1740495073868,-3.466804,1.7393875,5.269638
1740495073872,-4.281431,1.2234371,6.8719573
1740495073878,-5.192425,0.65421563,5.7784057
1740495073883,-3.5326445,1.2814964,4.5016975
1740495073887,-3.968988,0.4997896,4.172495
1740495073893,-4.344279,-0.23403321,3.6092591
1740495073897,-4.3957543,-0.8702923,3.6894648
1740495073903,-4.0785227,-1.9758149,3.839701
1740495073907,-3.1549592,-3.5817258,4.156334
1740495073912,-3.2872388,-4.4394484,3.9480386
1740495073918,-3.7086184,-4.8698063,3.7271736
1740495073922,-3.8606503,-5.0781016,3.638588
1740495073927,-3.7205894,-5.3995233,3.5649664
1740495073932,-3.1334114,-7.5812397,3.252523
1740495073936,-2.9652188,-7.7159133,2.8658595
1740495073942,-2.902371,-6.901885,2.5845408
1740495073947,-3.2082303,-5.740697,1.982399
1740495073951,-3.3291376,-4.833295,1.3401544
1740495073956,-3.1507695,-4.26946,1.0606314
1740495073962,-2.5420437,-4.4322658,0.53330845
1740495073966,-2.3594859,-4.759673,0.10594343
1740495073971,-2.404377,-5.231331,-0.076015905
1740495073976,-2.5276785,-5.853823,-0.24959552
1740495073981,-2.520496,-6.6762314,-0.46327803
1740495073986,-2.2547395,-7.714118,-0.7200562
1740495073991,-1.7866731,-8.781932,-0.79248077
1740495073996,-1.3599066,-9.825205,-0.70509243
1740495074001,-1.1384429,-10.692505,-0.059855044
1740495074006,-1.3557167,-11.248558,1.8650831
1740495074011,-1.3676877,-11.75553,3.8175547
1740495074016,-1.5173253,-12.2080345,4.6818614
1740495074021,-2.5025394,-12.448053,5.3324857
1740495074025,-4.183269,-12.354081,6.2967505
1740495074031,-6.1261635,-12.039842,7.891887
1740495074036,-8.130111,-11.3640785,10.412383
1740495074041,-10.184934,-11.280281,13.133992
1740495074046,-12.225991,-11.231799,15.570691
1740495074050,-13.96478,-11.303026,17.178398
1740495074055,-14.8829565,-11.5633955,18.119318
1740495074060,-15.246277,-11.97041,18.43715
1740495074065,-15.283985,-12.675503,18.087595
1740495074071,-14.951191,-12.958616,17.067066
1740495074075,-14.364612,-12.95323,15.598224
1740495074081,-14.207192,-12.060192,14.276625
1740495074085,-14.833876,-10.658387,13.03164
1740495074090,-16.341623,-9.115324,12.166136
1740495074095,-18.323423,-7.7201033,11.993753
1740495074100,-19.6133,-6.6415157,12.291233
1740495074105,-19.6133,-5.6323595,13.236344
1740495074110,-19.6133,-4.309563,14.998477
1740495074115,-19.6133,-2.9287071,16.614563
1740495074120,-19.6133,-1.4317327,17.459717
1740495074124,-19.6133,-0.7032967,17.802685
1740495074130,-19.6133,-0.21787235,17.76019
1740495074134,-19.6133,-0.09756372,17.0952
1740495074140,-19.6133,0.036511578,15.841235
1740495074145,-19.6133,0.30825347,14.345458
1740495074150,-19.6133,0.75118077,12.91193
1740495074156,-19.6133,0.11731588,11.903373
1740495074159,-19.6133,-0.089782566,10.991181
1740495074165,-19.6133,0.1921347,10.517728
1740495074169,-19.6133,0.74519527,9.214684
1740495074174,-19.6133,3.151368,6.2752028
1740495074180,-19.6133,6.2608376,3.8025908
1740495074184,-19.33318,7.125743,5.7239375
1740495074193,-19.252974,6.361394,9.455301
1740495074194,-18.670584,5.7107697,9.229049
1740495074198,-16.785748,5.8903346,7.74225
1740495074206,-14.5884695,6.3446345,6.8528037
1740495074208,-13.175891,6.9904704,5.1146135
1740495074213,-12.33373,7.5602903,3.2722752
1740495074218,-11.613674,8.008006,1.1575965
1740495074223,-10.01315,7.9224133,-0.15442601
1740495074228,-8.458116,7.583634,-1.4036007
1740495074233,-7.1939774,7.3753386,-2.8592753
1740495074238,-5.945401,6.7163343,-2.4528596
1740495074243,-6.6654577,6.685808,-4.9625816
1740495074248,-7.071873,7.3442135,-5.1666875
1740495074253,-7.439982,6.6415157,-4.1066546
1740495074259,-6.3763576,3.6876693,-3.5128925
1740495074263,-5.4881086,1.6238673,-2.8443117
1740495074267,-4.8536453,0.724246,-2.2942438
1740495074272,-4.353257,-0.10295067,-1.6142905
1740495074278,-4.1581297,-1.1917139,-1.2018893
1740495074290,-4.5298295,-2.8353333,0.0664391
1740495074290,-4.681263,-4.06296,0.8523358
1740495074372,-4.5902834,-4.3239284,0.801459
1740495074373,-4.6800656,-5.0763063,2.0979192
1740495074373,-4.7776294,-5.9567738,1.8357542
1740495074373,-4.4220905,-5.283405,0.60453594
1740495074374,-4.099472,-4.6657004,0.35194764
1740495074374,-3.9600096,-5.1876364,0.38067806
1740495074374,-3.5757403,-5.662287,0.023942016
1740495074374,-3.436278,-4.868609,0.6410475
1740495074374,-3.8043866,-6.072294,1.4754268
1740495074374,-2.3582888,-3.903746,0.094570965
1740495074375,-2.147599,-0.5931635,0.19991584
1740495074375,-3.2758665,-1.5304934,0.25438392
1740495074375,-3.870227,-3.1118636,0.5823896
1740495074375,-3.9971197,-3.003526,1.5424645
1740495074375,-3.9175124,-3.180697,2.8634653
1740495074382,-3.755904,-4.1533413,3.3291376
1740495074389,-3.755904,-4.1533413,3.3291376
1740495074389,-3.7271736,-6.6295447,3.578733
1740495074390,-3.3638535,-8.06427,4.5136685
1740495074390,-3.0005333,-9.120711,5.4222684
1740495074396,-3.318962,-10.577583,5.843049
1740495074396,-3.3806129,-10.853515,7.3507977
1740495074402,-3.828927,-11.345523,9.176376
1740495074413,-5.020641,-11.368268,12.588713
1740495074414,-6.855198,-11.024101,17.130512
1740495074417,-6.7923503,-10.420164,15.655684
1740495074426,-6.595427,-8.805275,12.00752
1740495074427,-6.917447,-6.7450647,10.311228
1740495074431,-8.046912,-4.4400473,9.777321
1740495074436,-9.176975,-3.6924577,7.7949224
1740495074442,-9.57142,-3.6715083,5.4701524
1740495074445,-9.548675,-4.1299977,1.9273324
1740495074451,-10.064626,-4.4035354,-2.2709002
1740495074457,-9.53012,-5.2385135,-5.9771247
1740495074460,-6.8647747,-6.3685765,-11.125257
1740495074465,-4.473566,-5.421071,-12.008718
1740495074471,-6.0609217,-4.4077253,-9.106346
1740495074476,-7.1341224,-4.135385,-7.447763
1740495074481,-8.057686,-4.796783,-4.9398365
1740495074486,-8.903438,-4.1760864,-2.0787656
1740495074491,-7.8637557,-4.672883,-3.1358056
1740495074496,-3.8379054,-7.5106106,-5.4857144
1740495074501,-3.0071173,-9.91439,-3.887585
1740495074506,-3.7630866,-10.74398,0.03172317
1740495074511,-6.445191,-12.339716,1.1174936
1740495074516,-9.4774475,-12.612056,0.14604631
1740495074522,-7.7614036,-13.007099,-4.061165
1740495074526,-6.2249246,-12.309788,-6.39611
1740495074531,-7.0012445,-9.0794115,-4.900931
1740495074536,-8.15106,-6.4308257,-2.1068976
1740495074541,-8.108562,-7.6285253,-1.7310078
1740495074545,-7.8637557,-9.407417,-0.7918822
1740495074551,-6.1740475,-12.703634,0.40761283
1740495074556,-3.1268275,-15.693993,1.9572599
1740495074561,0.10295067,-17.149666,2.1625626
1740495074565,2.2631192,-16.534956,1.0576386
1740495074571,3.4422636,-15.456966,0.22385786
1740495074577,4.12102,-15.246277,-0.22864626
1740495074581,3.9624038,-14.527417,-0.23762453
1740495074586,2.7665,-13.306375,0.34835634
1740495074590,1.6573862,-11.663354,1.2683283
1740495074596,0.5979519,-9.762358,1.3934253
1740495074603,-0.18495208,-7.5584946,0.90500826
1740495074605,-1.0875661,-5.4102974,0.017357962
1740495074611,-1.8614918,-3.9414546,-0.99898064
1740495074618,-2.0901382,-2.8161798,-1.0785879
1740495074621,-1.6573862,-2.0500352,-0.6691794
1740495074624,-1.3551182,-1.6867151,-0.28431144
1740495074629,-1.1420342,-1.483208,-0.046088383
1740495074636,-0.7751228,-1.2533646,0.38307226
1740495074640,-0.6266823,-1.09834,0.6572084
1740495074646,-0.75836337,-1.1336545,0.9816227
1740495074650,-1.0618285,-1.376666,1.4221559
1740495074656,-1.3221979,-1.7872716,1.9434932
1740495074660,-1.5520413,-2.356493,2.6443958
1740495074664,-1.7926586,-2.8353333,2.919729
1740495074671,-1.9997569,-3.2160115,3.0292637
1740495074681,-2.2134395,-3.447052,2.77069
1740495074683,-14.216769,-12.401366,-0.04369418
1740495074696,-18.889055,-14.300567,0.19033903
1740495074699,-19.6133,-19.6133,-16.13632
1740495074714,-19.6133,-19.6133,9.024344
1740495074715,-19.6133,-19.6133,6.1584854
1740495074717,-19.6133,-19.6133,11.410766
1740495074718,-19.6133,-19.6133,10.076596
1740495074721,-16.112978,-19.6133,5.369596
1740495074721,-12.390593,-19.6133,-2.0949266
1740495074731,-10.162787,-16.403275,0.35673606
1740495074731,-6.981492,-12.658144,1.5939398
1740495074734,-5.0302176,-10.48002,1.7154455
1740495074740,-3.4410665,-8.774749,3.7187939
1740495074745,-2.1679497,-6.827665,4.043208
1740495074747,-1.1492168,-5.3636103,3.7511156
1740495074755,-0.7823054,-4.5980644,3.4733882
1740495074774,-0.6512229,-3.9731777,3.1256304
1740495074774,-0.7529764,-3.7457285,2.618658
1740495074775,-0.9367314,-3.7762547,1.6932992
1740495074775,-1.30484,-4.4837413,2.2876596
1740495074776,-2.0799627,-5.5862713,1.3239936
1740495074781,-2.124854,-5.6760535,1.2120646
1740495074786,-2.2697031,-6.0597243,1.1043255
1740495074792,-2.5965118,-6.2584434,1.2354081
1740495074796,-2.6629508,-6.193201,0.78649527
1740495074801,-2.695871,-5.947197,0.3369839
1740495074806,-2.8694508,-5.793968,0.2789245
1740495074811,-3.020884,-5.643732,0.35793316
1740495074816,-3.1609447,-5.6551046,0.53211135
1740495074821,-3.2740707,-6.0764837,0.736217
1740495074826,-3.4733882,-6.375759,1.2162545
1740495074833,-4.233547,-7.2388687,2.1404164
1740495074836,-4.233547,-7.2388687,2.1404164
1740495074843,-4.9883194,-7.9529395,2.9388826
1740495074846,-5.1918263,-8.409035,2.7581203
1740495074851,-5.044583,-8.224682,2.5378537
1740495074855,-4.445434,-7.3968863,1.7190368
1740495074861,-3.8121676,-6.522404,1.1659763
1740495074865,-3.341707,-5.9489927,0.9840169
1740495074871,-3.2022448,-5.6257753,1.0821792
1740495074879,-3.221997,-5.5000796,1.412579
1740495074880,-3.0813377,-5.333084,1.6370354
1740495074888,-3.0472202,-5.163096,1.6801311
1740495074891,-3.180697,-5.0625396,1.6956934
1740495074895,-3.4943373,-4.9823337,2.0189106
1740495074900,-3.6727054,-4.9703627,2.3439236
1740495074905,-3.752911,-4.9643774,2.5647886
1740495074910,-3.7325604,-4.924873,3.0370448
1740495074915,-3.7786489,-4.8141413,3.496133
1740495074920,-3.8905778,-4.7734394,4.2658687
1740495074925,-4.1826706,-4.6710877,4.9057193
1740495074930,-4.3783965,-4.7261543,5.509058
1740495074935,-4.4298716,-4.9200845,6.037578
1740495074939,-4.537012,-4.892551,6.253655
1740495074944,-4.9583917,-4.6579194,2.654571
1740495074950,-4.9865236,-4.1880574,2.0242975
1740495074954,-5.5383873,-4.795586,6.007052
1740495074959,-5.743091,-6.0716953,7.2113357
1740495074964,-6.0770826,-7.1622543,6.8611836
1740495074974,-5.1571107,-10.328587,7.6770077
1740495074974,-5.1571107,-10.328587,7.6770077
1740495074976,-5.1571107,-10.328587,7.6770077
1740495074981,-5.273828,-11.677719,8.294113
1740495074984,-5.881955,-13.181277,8.639477
1740495074991,-6.5164185,-14.709975,9.2787285
1740495074994,-7.0700774,-16.203957,9.824607
1740495074999,-7.69257,-17.575834,10.0029745
1740495075004,-8.537724,-18.60594,9.791088
1740495075009,-9.785102,-19.152416,9.467272
1740495075015,-11.198878,-19.399618,8.742428
1740495075019,-12.717999,-19.182943,7.2388687
1740495075024,-13.850457,-19.481619,5.7670336
1740495075029,-14.343662,-19.6133,4.5459905
1740495075035,-14.003686,-19.6133,3.4763808
1740495075039,-13.043013,-19.6133,2.6024973
1740495075043,-12.069171,-19.6133,-0.09935937
1740495075048,-11.335946,-19.6133,-1.7016789
1740495075054,-10.541072,-19.6133,-2.379238
1740495075059,-10.097546,-19.6133,-3.567959
1740495075064,-9.68275,-19.6133,-4.3939586
1740495075070,-9.378088,-19.6133,-3.1902738
1740495075074,-8.930372,-19.6133,-1.9626468
1740495075079,-8.194156,-19.6133,-1.400608
1740495075084,-7.807492,-19.6133,-0.6398504
1740495075089,-7.6111674,-19.6133,0.25617957
1740495075094,-7.5650787,-19.223045,1.127669
1740495075099,-7.269395,-18.2923,2.1015105
1740495075103,-6.827066,-17.488447,2.4833858
1740495075108,-6.1465144,-16.53316,1.9249382
1740495075113,-5.511452,-15.336658,0.8158242
1740495075118,-4.9146976,-13.767259,-0.4890157
1740495075123,-4.107253,-11.902175,-1.4754268
1740495075128,-3.3213563,-10.676943,-2.1080947
1740495075133,-2.6420016,-10.200497,-1.875857
1740495075138,-2.0308816,-9.485827,-1.2521675
1740495075143,-1.5292963,-8.59698,-0.79846627
1740495075150,-1.186327,-7.719505,-0.48243165
1740495075153,-0.8571242,-6.9078703,-0.05566519
1740495075157,-0.4758476,-6.3063273,0.30585927
1740495075162,-0.10055647,-5.79337,0.6147113
1740495075168,0.17298107,-5.1235914,0.6973112
1740495075173,0.46686932,-4.5316253,0.75596917
1740495075178,0.6865373,-3.9486372,0.76554596
1740495075182,0.89902276,-3.281852,0.93852705
1740495075187,0.94690675,-2.545635,1.2012907
1740495075193,1.0420763,-1.9243397,1.5861586
1740495075197,1.0875661,-1.1971009,1.6633717
1740495075202,1.234211,-0.78050977,1.6825253
1740495075208,1.2551602,-0.3172317,1.5179238
1740495075213,1.1288661,0.2717419,1.1234791
1740495075216,1.1001357,0.7098808,0.84096336
1740495075222,1.0486604,0.7625532,0.7721301
1740495075227,1.0109516,0.7517793,0.41060558
1740495075231,0.943914,0.75956047,-0.4770447
1740495075236,0.9032126,0.8026561,-1.3820529
1740495075241,0.98222125,0.8439561,-2.0817583
1740495075246,1.0965444,0.8655039,-2.6007016
1740495075251,1.2108675,0.8559271,-2.9813797
1740495075257,1.3144168,0.7978677,-3.2842462
1740495075261,1.4389153,0.64823014,-3.763685
1740495075266,1.7292122,0.4429273,-4.5046906
1740495075271,2.124854,0.18255788,-5.015254
1740495075275,2.3648727,0.007182605,-3.4111388
1740495075281,2.2756886,0.11432313,-1.471237
1740495075286,2.1320367,0.1328782,-0.45848963
1740495075291,2.2667105,0.038905777,0.30945057
1740495075296,2.4672248,-0.13227965,0.9995792
1740495075300,2.379238,-0.2633622,1.3323733
1740495075306,2.1697452,-0.3693056,1.282095
1740495075311,2.058415,-0.492607,0.79726917
1740495075316,2.0871453,-0.6099229,0.50876784
1740495075320,2.172738,-0.7062895,0.35673606
1740495075326,2.1272483,-0.7134721,0.130484
1740495075331,1.965041,-0.6572084,-0.15382746
1740495075336,1.8375498,-0.6835446,-0.3196259
1740495075340,1.7160441,-0.74998367,-0.3669114
1740495075346,1.6035166,-0.8242039,-0.29927522
1740495075350,1.4670471,-0.94451255,-0.16579847
1740495075356,1.3030443,-1.0576386,-0.092775315
1740495075360,1.1797429,-1.1552023,-0.24959552
1740495075366,1.127669,-1.2605472,-0.59495914
1740495075370,0.9816227,-1.3263878,-1.1653777
1740495075375,0.81761986,-1.4293385,-1.2360066
1740495075382,0.5554548,-1.4544775,-1.3317747
1740495075385,0.39923313,-1.4598645,-1.7256209
1740495075390,-4.4514194,-6.247071,13.347674
1740495075394,-3.3614593,-6.489484,8.362348
1740495075399,-5.569512,-11.493964,15.172655
1740495075405,-4.7506948,-17.348984,-11.178528
1740495075409,-7.3178773,-19.6133,0.58298814
1740495075414,-5.7149596,-19.6133,6.341043
1740495075419,-14.573505,-19.6133,-4.4903255
1740495075424,-14.2700405,-19.6133,-2.771887
1740495075429,-11.057621,-19.6133,8.02716
1740495075458,-7.8691425,-19.6133,-1.4131776
1740495075459,-5.6096144,-19.6133,6.5619082
1740495075459,-4.623802,-19.6133,8.02297
1740495075459,-4.869208,-19.6133,8.368334
1740495075460,-4.8841715,-19.6133,15.354015
1740495075460,-5.1319714,-19.6133,16.883911
1740495075464,-4.211401,-19.6133,14.289194
1740495075486,-3.4955344,-19.6133,12.9244995
1740495075487,-2.8772318,-19.6133,10.931925
1740495075488,-1.8315643,-19.337967,11.44189
1740495075488,-1.2204443,-19.085379,12.102091
1740495075516,-4.0306387,-16.338032,16.469713
1740495075519,-4.995502,-15.790957,14.995483
1740495075523,-5.8478374,-14.963162,12.325351
1740495075529,-6.3470287,-14.289793,11.049839
1740495075533,-6.7785835,-13.520656,9.339781
1740495075538,-9.345766,-11.4359045,0.25977087
1740495075542,-15.5258,-11.184513,-14.891336
1740495075548,-19.6133,-10.532692,-19.6133
1740495075552,-19.6133,-9.331401,-9.895834
1740495075558,-19.6133,-6.4392056,2.44448
1740495075563,-19.6133,-2.3295584,6.609792
1740495075568,-19.6133,1.1665748,5.7909756
1740495075573,-18.537107,4.018069,5.450999
1740495075577,-15.576077,5.819107,6.187814
1740495075583,-12.401366,5.993285,6.105813
1740495075588,-9.56304,5.8304796,5.8843493
1740495075592,-7.5243773,5.2439003,5.601235
1740495075598,-5.4976854,4.8135424,5.98311
1740495075602,-4.0162735,4.1174283,6.0022635
1740495075607,-3.0663738,4.5082817,5.213374
1740495075612,-2.6491842,4.0264487,4.100669
1740495075617,-2.5157075,4.212598,3.8187518
1740495075624,-2.3391352,4.232949,3.217807
1740495075627,-2.2930467,4.3676224,2.223615
1740495075632,-2.3265655,4.7734394,1.9393034
1740495075637,-2.344522,5.4007206,1.2958617
1740495075642,-2.2870612,5.747281,0.5374983
1740495075655,-1.9758149,6.0399723,-1.1827357
1740495075657,-1.4850036,6.5361705,-1.6514006
1740495075657,-1.122282,7.277176,0.095169514
1740495075674,-1.0588357,8.425795,1.875857
1740495075674,-1.1109096,9.938332,3.0298622
1740495075675,-1.2300211,11.505935,4.143166
1740495075686,-1.2300211,11.505935,4.143166
1740495075686,-1.4574703,12.69705,5.1421466
1740495075687,-1.5813702,13.703214,5.394735
1740495075692,-1.4939818,15.498865,5.587468
1740495075696,-1.311424,17.381905,5.3420625
1740495075701,-0.93972415,18.259977,3.040636
1740495075731,-0.66498953,18.11453,-0.24420857
1740495075731,-0.40701428,16.18181,-2.416348
1740495075731,-0.17417817,12.955026,-3.107674
1740495075731,-0.18136078,9.499594,-2.4253263
1740495075731,-0.4309563,6.615179,-1.3227965
1740495075732,-1.003769,4.64116,-1.1354501
1740495075736,-1.4197617,3.0813377,-1.3557167
1740495075741,-1.5616181,1.6436194,-1.532289
1740495075746,-1.6011224,0.41060558,-1.6807296
1740495075755,-1.5921441,-0.39264908,-1.4646529
1740495075756,-1.6118963,-0.7637503,-0.42197806
1740495075761,-1.965041,-1.0630256,0.6631939
1740495075766,-2.9227216,-1.46585,2.5893292
1740495075771,-3.8672342,-1.7914615,5.7377043
1740495075776,-4.311359,-2.1051018,11.0061455
1740495075781,-5.415086,-2.2948422,12.164939
1740495075786,-19.6133,-3.4272997,19.612701
1740495075790,-19.6133,-6.4362125,12.154763
1740495075796,-19.6133,-9.563639,19.612701
1740495075801,-19.6133,-19.6133,19.612701
1740495075806,-19.6133,-19.6133,19.612701
1740495075810,-19.6133,-19.6133,19.612701
1740495075816,-19.6133,-19.6133,19.612701
1740495075820,-19.6133,-19.6133,19.612701
1740495075826,-19.6133,-19.6133,19.612701
1740495075831,-19.6133,-19.6133,19.612701
1740495075835,-19.6133,-17.13171,16.173431
1740495075841,-19.6133,-11.792641,9.733028
1740495075846,-19.6133,-8.178593,4.4645877
1740495075850,-19.6133,-7.144298,-2.2535424
1740495075856,-16.540941,-8.734048,-14.879964
1740495075861,-13.719973,-9.576807,-19.6133
1740495075865,-12.810176,-7.795521,-19.105131
1740495075871,-12.966996,-5.5862713,-12.175713
1740495075876,-12.458827,-4.495114,-5.5018754
1740495075880,-10.482413,-4.0575733,-0.6434417
1740495075886,-8.548497,-4.8338933,1.2378023
1740495075890,-8.476072,-4.8739963,-0.70509243
1740495075895,-6.895301,-5.649119,-0.83018947
1740495075900,-5.2301335,-6.0758853,-2.0386627
1740495075905,-3.4560301,-6.3763576,-1.5251064
1740495075914,-1.951873,-6.467337,-1.4580688
1740495075916,-1.1438298,-5.628768,-1.067814
1740495075920,-0.6374562,-4.815338,-0.30286652
1740495075925,-0.53929394,-3.9905357,0.95827925
1740495075930,-0.23642741,-3.3171666,2.03148
1740495075935,0.05746084,-2.7383683,2.8832173
1740495075940,0.35913026,-2.1697452,4.919486
1740495075945,0.61171854,-1.5981296,3.900753
1740495075950,0.8230068,-1.0857705,3.7313633
1740495075955,1.0085574,-0.92057055,3.5152867
1740495075961,1.2934675,-0.7613561,2.8287494
1740495075965,1.7824832,-0.8038532,2.6731262
1740495075974,2.380435,-1.0809821,2.4432828
1740495075976,3.1118636,-1.5927427,2.6060886
1740495075980,3.8630445,-2.1871033,2.2798786
1740495075985,4.7578773,-2.8089972,1.3060371
1740495075990,5.7736173,-3.445855,-0.25737667
1740495075995,6.9485717,-4.31076,-0.50876784
1740495075998,8.821436,-5.737106,-9.149442
1740495076005,10.530896,-6.881534,-12.609063
1740495076009,11.820772,-9.850943,-11.785458
1740495076014,12.54861,-7.3190746,-7.752425
1740495076019,13.366828,-5.6563015,-2.8808231
1740495076024,12.968792,-4.211401,1.0193313
1740495076048,12.013506,-3.157952,3.110068
1740495076050,4.8464627,-1.4437037,7.4932528
1740495076050,4.8464627,-1.4437037,7.4932528
1740495076053,4.8464627,-1.4437037,7.4932528
1740495076054,4.8464627,-1.4437037,7.4932528
1740495076055,2.843713,-2.6192567,1.602918
1740495076057,2.2439656,-1.6831238,-0.05746084
1740495076075,1.929128,-2.0626047,0.4189853
1740495076077,1.7956513,-2.5600002,1.3281834
1740495076079,1.276708,-2.6755204,1.1330559
1740495076080,0.7637503,-2.308609,2.5187001
1740495076082,0.19153613,-2.0649989,2.267309
1740495076088,0.036511578,-2.4319103,1.9285295
1740495076094,-0.25318682,-2.0859482,1.8243817
1740495076099,-0.664391,-1.4862007,2.9562407
1740495076102,-1.1055226,-1.738789,1.2629414
1740495076107,-1.977012,-1.988983,-5.0810947
1740495076113,-2.5240872,-1.5514427,1.8992004
1740495076116,-5.9226565,-1.6053122,3.390788
1740495076122,-14.026431,-3.5021186,7.433996
1740495076126,-19.6133,-8.094796,16.627132
1740495076132,-19.6133,-13.721169,17.209522
1740495076136,-19.6133,-19.6133,0.9475053
1740495076141,-19.6133,-19.6133,3.3824084
1740495076146,-19.6133,-19.6133,1.9111716
1740495076152,-19.6133,-19.6133,10.432734
1740495076156,-19.6133,-19.6133,11.250354
1740495076161,-19.6133,-19.6133,9.226056
1740495076166,-19.6133,-19.6133,8.27496
1740495076171,-19.6133,-19.6133,7.9170265
1740495076176,-19.6133,-15.603012,8.028357
1740495076181,-19.6133,-9.312846,7.887099
1740495076186,-19.6133,-6.18542,7.116166
1740495076191,-19.242199,-7.2430587,3.4045548
1740495076195,-17.808073,-6.007651,3.1477766
1740495076201,-17.054497,-5.065532,3.4368765
1740495076205,-16.66125,-4.541202,3.345897
1740495076211,-16.66125,-4.3897686,3.532046
1740495076216,-16.95454,-4.333505,3.8522706
1740495076221,-17.240047,-4.140772,4.409521
1740495076225,-17.6728,-3.5392287,5.1678843
1740495076231,-18.367119,-2.9131448,5.7538652
1740495076235,-19.12608,-2.2403743,5.879561
1740495076240,-19.6133,-0.705691,6.156091
1740495076245,-19.6133,2.468422,5.08289
1740495076250,-19.6133,5.5365915,-0.3788824
1740495076255,-19.6133,7.3340383,-6.9240313
1740495076261,-19.6133,8.170214,-9.305663
1740495076265,-19.6133,5.4605756,-6.911462
1740495076270,-18.702307,7.74225,-0.16699557
1740495076275,-16.605585,6.9132576,3.5482068
1740495076280,-15.183429,7.0766616,5.9771247
1740495076285,-13.773244,7.6452847,6.8851256
1740495076290,-12.465411,8.821436,9.489418
1740495076295,-11.046248,8.792706,10.81461
1740495076300,-9.570822,10.468048,12.756307
1740495076305,-8.182184,13.236942,15.647903
1740495076311,-7.6770077,17.35078,16.724098
1740495076315,-6.602011,19.612701,16.668432
1740495076320,-5.171476,19.612701,14.502877
1740495076324,-3.413533,17.719486,11.206659
1740495076330,-2.2176294,15.91785,7.4735007
1740495076334,-0.7188591,13.927072,6.157288
1740495076339,0.45010993,13.139977,4.2419267
1740495076344,1.5316905,12.680889,3.283049
1740495076349,4.040814,13.778032,-4.970961
1740495076354,9.275736,16.555305,-13.807362
1740495076360,11.832744,17.409437,-11.917738
1740495076364,11.425729,16.919226,-7.36217
1740495076369,10.181343,16.274586,-2.4797945
1740495076374,8.935161,15.169064,1.3682863
1740495076379,8.272566,13.784616,2.6013002
1740495076384,7.454347,12.392986,2.2343888
1740495076389,6.877943,12.258312,1.0420763
1740495076395,7.3442135,12.764687,-0.3728969
1740495076400,8.363545,13.879786,-0.33159694
1740495076403,8.942344,13.594875,0.14903906
1740495076409,8.933964,12.9723835,-1.7753005
1740495076413,8.385692,11.517307,-2.56419
1740495076418,7.301717,8.5383215,-2.385822
1740495076423,5.2498856,5.8598084,-1.821389
1740495076428,2.4809916,4.2299557,-0.5662287
1740495076433,0.6290765,3.1824925,1.3754689
1740495076438,-0.320823,2.3223755,3.3836055
1740495076443,-0.85413146,1.7106571,3.6116533
1740495076448,-1.4359225,1.4580688,3.4608185
1740495076453,-2.0440497,1.7938557,4.1760864
1740495076457,-2.5917234,2.5450363,3.755904
1740495076462,-3.0639796,3.394978,5.3899465
1740495076468,-3.5098996,4.337096,7.503428
1740495076472,-4.3436804,5.7945666,11.027095
1740495076477,-10.210073,6.395511,11.637017
1740495076482,-19.6133,0.7308301,11.91295
1740495076487,-19.6133,-10.668563,19.612701
1740495076492,-19.6133,-16.448765,19.612701
1740495076497,-19.6133,-2.7018566,19.612701
1740495076502,-19.6133,1.3652935,19.612701
1740495076507,-19.6133,-0.020350715,19.612701
1740495076512,-19.6133,-2.581548,19.612701
1740495076517,-19.6133,-3.7582982,15.022419
1740495076521,-19.6133,-3.2369606,9.533711
1740495076527,-19.6133,-2.6312277,6.0010667
1740495076532,-17.874512,-2.5396495,3.6062663
1740495076537,-11.793239,-2.7820623,1.9057846
1740495076541,-7.6165543,-2.942474,1.1264719
1740495076547,-4.9703627,-2.5234885,0.55844754
1740495076552,-3.3159695,-2.0272903,0.6925228
1740495076556,-2.3451207,-1.8459295,0.5398925
1740495076561,-1.5053543,-2.0620062,-0.049081136
1740495076566,-0.6015432,-2.1577742,-0.79248077
1740495076572,1.3036429,-3.1908724,-3.168726
1740495076576,2.9095535,-4.7985787,-8.700529
1740495076581,2.6485856,-5.8987145,-11.492766
1740495076586,1.9057846,-6.6265516,-10.718841
1740495076591,1.1935096,-6.555324,-10.123283
1740495076596,1.151611,-5.879561,-6.1088057
1740495076601,1.2072762,-4.935647,-0.6380547
1740495076606,0.84096336,-4.678869,2.0254946
1740495076611,0.6853402,-4.4807487,1.6214731
1740495076616,1.0576386,-4.394557,2.034473
1740495076621,1.389834,-4.26946,3.525462
1740495076626,1.5664065,-4.2922053,4.338892
1740495076631,1.6502035,-4.5621514,3.74094
1740495076635,1.650802,-4.857237,3.6194344
1740495076641,1.5957354,-5.1918263,3.5332432
1740495076645,1.6597804,-5.85502,4.0976763
1740495076650,1.8644845,-6.7330937,5.187038
1740495076655,2.2337902,-7.6452847,4.747702
1740495076661,2.8951883,-8.8645315,3.899556
1740495076665,3.554791,-10.323798,2.28347
1740495076670,4.595072,-12.726977,-2.630629
1740495076675,6.205771,-15.714941,-7.745841
1740495076680,6.609792,-15.999851,-7.0108213
1740495076685,6.51163,-14.97633,-3.2345665
1740495076690,6.4421983,-13.782821,-1.9542671
1740495076695,7.1143703,-13.806763,-0.6314707
1740495076700,7.1113777,-13.224972,1.1091139
1740495076705,5.9148755,-10.786477,-0.34476504
1740495076711,4.361038,-7.766192,-1.1414356
1740495076715,3.107674,-5.149928,-2.4875755
1740495076720,1.9273324,-3.1190462,-3.1358056
1740495076725,1.1372458,-2.0308816,-3.1627405
1740495076730,0.5566519,-1.3790601,-2.2176294
1740495076735,0.24121583,-0.8062474,-1.3910311
1740495076740,0.11133038,-0.44831428,-0.89902276
1740495076745,0.076614454,-0.27952304,-0.30765492
1740495076750,0.076015905,-0.110133275,0.80205756
1740495076754,-0.24600422,0.35075054,0.7835025
1740495076760,-0.14544775,0.42556936,3.0382419
1740495076765,-0.5943606,0.52133745,2.9191303
1740495076769,-1.7938557,1.4053963,0.40940848
1740495076774,-2.195483,1.1318588,3.2998085
1740495076779,-2.9239187,0.46986207,3.465607
1740495076784,-4.107253,-0.0796072,4.811747
1740495076789,-6.6121864,-0.8367735,3.527856
1740495076794,-8.593389,-0.83018947,2.1230583
1740495076799,-11.200674,-3.9097314,4.2556934
1740495076804,-19.6133,-16.053122,9.32362
1740495076809,-19.6133,-19.6133,13.8720045
1740495076814,-19.6133,-15.465944,16.63671
1740495076818,-19.6133,-6.908469,16.045341
1740495076824,-19.6133,-3.402759,9.414599
1740495076828,-19.6133,-3.642778,6.6145806
1740495076833,-19.6133,-6.314707,5.783194
1740495076838,-19.6133,-8.04392,1.5819688
1740495076843,-19.6133,-8.822633,1.0019734
1740495076848,-19.6133,-9.305663,2.0416555
1740495076853,-19.6133,-8.857349,2.5851393
1740495076858,-19.6133,-8.103176,3.0951042
1740495076863,-19.6133,-7.445369,3.1998506
1740495076868,-19.6133,-7.632715,2.9041667
1740495076873,-19.447502,-7.8182654,2.9622262
1740495076878,-17.902044,-7.828441,3.0603883
1740495076883,-16.684593,-7.6171527,2.8048072
1740495076887,-15.837645,-6.8623805,2.8006175
1740495076892,-15.069105,-5.403713,3.1304188
1740495076897,-15.160684,-4.4681787,3.2986114
1740495076903,-16.005836,-3.7834373,2.9532478
1740495076907,-16.622343,-2.932897,2.2529438
1740495076912,-17.011402,-2.166154,1.8477252
1740495076917,-17.285538,-1.2749124,1.6825253
1740495076922,-17.125126,-0.5835867,1.7567455
1740495076927,-17.304092,0.55006784,1.7543513
1740495076932,-17.210718,1.7711107,1.3605051
1740495076937,-17.521965,3.1884782,-0.18136078
1740495076942,-17.614141,4.473566,-2.9466639
1740495076947,-16.593016,6.678027,-8.241441
1740495076952,-15.39771,8.451532,-8.722076
1740495076957,-15.197195,9.987412,-6.564901
1740495076962,-14.602236,10.9899845,-6.6056023
1740495076967,-14.3735895,12.204443,-5.685032
1740495076972,-13.855246,13.077728,-3.0238767
1740495076976,-11.626244,12.512696,-0.9487024
1740495076981,-11.626244,12.512696,-0.9487024
1740495076986,-10.460267,11.769896,1.4317327
1740495076991,-7.638102,8.7951,6.6163764
1740495076996,-5.029021,7.641693,8.962694
1740495077001,-5.0559554,9.150041,8.535329
1740495077006,-5.1140146,11.626244,7.817667
1740495077011,-4.84766,15.222933,8.841787
1740495077016,-4.900931,19.165585,7.784148
1740495077021,-3.7116113,19.612701,5.445013
1740495077026,-1.1097125,19.612701,3.357868
1740495077031,0.91817635,19.612701,1.0965444
1740495077036,2.6018987,19.612701,1.7932571
1740495077041,3.41892,19.612701,1.3060371
1740495077045,4.0976763,19.612701,1.910573
1740495077051,5.2756233,19.172768,2.147599
1740495077055,6.47033,18.09837,1.8100165
1740495077061,7.3777328,16.56189,1.1917139
1740495077065,7.289147,14.211981,1.6597804
1740495077070,7.1287355,11.646594,0.18854338
1740495077075,6.845621,9.545084,-0.7116765
1740495077081,6.5625067,8.195353,-0.55605334
1740495077085,5.997475,8.222886,-1.4502877
1740495077090,5.036802,9.945514,1.3994108
1740495077095,4.0575733,11.51611,2.2122424
1740495077100,3.276465,11.158775,3.104681
1740495077105,2.5995045,8.450335,3.0603883
1740495077111,1.5849615,5.409699,3.5511997
1740495077115,0.7757214,3.2213984,2.9293058
1740495077120,0.09636662,1.9829975,1.489792
1740495077125,-0.32680854,1.3180081,1.2401965
1740495077130,-0.7577648,1.2862848,1.411382
1740495077135,-1.0929531,1.578976,2.0374656
1740495077140,-1.6304513,2.2499511,2.689287
1740495077145,-2.248754,3.031658,7.563882
1740495077150,-3.3303347,3.2914288,8.668207
1740495077155,-6.125565,0.8750807,9.751583
1740495077161,-19.6133,-11.055825,9.276335
1740495077165,-19.6133,-12.689269,11.774684
1740495077170,-19.6133,-6.157288,18.881273
1740495077175,-19.6133,-3.0346506,19.612701
1740495077180,-19.6133,-4.0599675,19.612701
1740495077184,-19.6133,-7.3747396,13.03164
1740495077189,-19.6133,-9.029133,9.189545
1740495077194,-19.6133,-9.444528,3.3321302
1740495077200,-19.6133,-7.2550297,0.2100912
1740495077204,-18.756176,-5.4911017,-1.8686744
1740495077210,-13.281834,-4.2778397,-2.3056161
1740495077214,-9.960478,-3.3387144,-2.1272483
1740495077219,-7.3071036,-2.6701334,-2.0350714
1740495077224,-4.909311,-2.1242554,-1.6986861
1740495077229,-2.0009542,-2.2631192,-0.85054016
1740495077234,0.32680854,-2.883816,-1.0953473
1740495077239,0.3172317,-3.2908301,-2.9221232
1740495077244,-0.95827925,-2.7234044,-0.82001406
1740495077273,-0.08259996,-2.5779567,-1.5688007
1740495077278,-0.30765492,-2.332551,-0.17357962
1740495077280,-1.4257472,-2.243367,-0.076614454
1740495077281,-1.4945804,-1.8405426,-2.641403
1740495077281,-1.5939398,-1.5221137,-2.143409
1740495077291,-1.447295,-1.2593501,-1.6430209
1740495077298,-0.5081693,-1.5059528,0.16879122
1740495077298,-0.18195933,-1.2802993,0.11731588
1740495077303,0.09816227,-1.1725603,-1.0408791
1740495077307,0.3681085,-1.2737153,-0.59615624
1740495077308,0.6619968,-1.5275006,-1.2348095
1740495077310,1.3012487,-4.226963,0.20590134
1740495077310,1.5239093,-3.0723593,0.18614918
1740495077315,2.3253684,-3.989937,-0.9056068
1740495077317,3.5434184,-5.9005103,-0.1448492
1740495077321,4.1706996,-7.2059484,-2.9388826
1740495077326,5.7395,-9.859921,-8.410232
1740495077331,6.4248405,-11.3323555,-10.131064
1740495077336,6.3368535,-10.383054,-9.576807
1740495077341,6.4840965,-9.218874,-3.1956608
1740495077346,5.8346696,-8.126519,0.08619126
1740495077351,5.583278,-6.615778,2.1092918
1740495077356,4.7058034,-5.9250507,3.3087866
1740495077361,3.803788,-5.5126495,3.1322143
1740495077366,2.742558,-4.8937483,1.0965444
1740495077371,2.1577742,-4.3197384,-1.1180922
1740495077376,1.525705,-3.7780502,-0.7338228
1740495077381,0.9959879,-3.0508115,-1.1881226
1740495077386,0.39564183,-2.0967221,-3.028665
1740495077390,-0.30286652,-1.1091139,-2.1176715
1740495077396,-0.9115923,-0.6392518,-1.3072342
1740495077400,-1.335366,-0.2753332,0.10354923
1740495077405,-1.471237,-0.050278235,2.2056582
1740495077410,-1.411382,-0.03232172,1.8902222
1740495077415,-1.4556746,-0.14724341,2.8377275
1740495077420,-1.6932992,-0.2621651,3.425504
1740495077425,-1.9758149,-0.38965634,5.1259856
1740495077430,-2.806603,-0.9552865,6.0363812
1740495077435,-3.29502,-1.3988123,5.2780175
1740495077440,-10.655395,-4.809353,1.8728642
1740495077445,-19.6133,-10.323199,-3.968988
1740495077450,-19.6133,-15.717935,-3.8600516
1740495077455,-19.6133,-19.6133,-0.9463082
1740495077460,-19.6133,-19.6133,5.313332
1740495077465,-19.6133,-19.6133,19.612701
1740495077470,-19.6133,-19.6133,7.365163
1740495077475,-19.6133,-17.474081,7.5884223
1740495077480,-19.6133,-10.497976,6.271013
1740495077485,-18.314445,-7.707534,2.7856536
1740495077490,-18.008587,-8.406641,-0.0011971008
1740495077495,-18.953098,-8.988432,-1.5640123
1740495077499,-18.134283,-9.118916,-1.5023615
1740495077504,-17.236456,-8.994417,-0.6697779
1740495077510,-15.5359745,-9.049484,-0.53689975
1740495077515,-14.124593,-9.021951,-0.4902128
1740495077520,-12.277467,-9.012374,-0.6679823
1740495077524,-11.183915,-9.068638,-0.641646
1740495077529,-10.356119,-9.576807,-0.7410054
1740495077534,-10.658986,-9.657013,-0.6314707
1740495077539,-12.280459,-9.233837,-0.059855044
1740495077544,-12.963405,-8.276755,1.1994951
1740495077549,-12.810775,-7.2304893,0.80564886
1740495077554,-13.281834,-6.8893156,0.14903906
1740495077561,-13.655928,-6.4619503,-0.035913024
1740495077565,-13.779828,-5.671265,-0.3172317
1740495077570,-13.924079,-4.8027687,-0.50278234
1740495077575,-14.173674,-3.5392287,-1.0241197
1740495077580,-14.292786,-2.0769699,-1.8543092
1740495077585,-14.149732,0.57879823,-2.9831753
1740495077590,-15.064916,4.187459,-7.7667904
1740495077595,-15.038579,7.5429325,-14.411897
1740495077600,-14.638149,9.697116,-17.774553
1740495077605,-13.945626,9.997588,-15.775395
1740495077610,-12.782044,8.065467,-9.291897
1740495077615,-12.08174,6.307524,-2.8095956
1740495077620,-11.51611,5.377377,1.6041151
1740495077626,-11.050438,5.374983,4.2395325
1740495077629,-10.903793,6.1501055,4.836886
1740495077635,-10.812814,6.964134,4.624999
1740495077640,-10.05864,7.6015906,4.4304705
1740495077644,-9.115324,8.200739,4.0378213
1740495077649,-7.9206176,8.722076,3.6936548
1740495077669,-7.165247,9.440936,3.954024
1740495077674,-6.3350577,10.119692,5.1966147
1740495077675,-5.889736,11.176133,6.331466
1740495077675,-5.1361613,12.332533,7.6015906
1740495077676,-4.6519337,13.075334,8.692149
1740495077735,-3.1304188,13.941437,9.402629
1740495077737,-1.7052702,14.994287,11.003751
1740495077737,-0.6596026,15.871761,12.1763115
1740495077738,0.18974048,16.907852,13.327324
1740495077739,0.88525605,18.063055,15.047558
1740495077739,1.2084733,19.151817,14.964958
1740495077752,1.5065514,19.612701,12.25113
1740495077753,2.0644004,19.612701,10.787674
1740495077753,2.6868927,19.085379,10.007165
1740495077757,4.064756,18.224064,8.447342
1740495077758,5.632958,17.082031,3.2010477
1740495077758,12.566566,14.778809,-17.71829
1740495077760,16.105795,12.995129,-19.6133
1740495077760,13.0041065,12.82514,-13.995306
1740495077760,10.313622,11.865065,-4.55856
1740495077760,8.5383215,10.494385,2.086547
1740495077764,7.455544,9.252991,5.8639984
1740495077764,6.567894,7.849989,7.402273
1740495077784,4.823119,6.691195,8.250419
1740495077784,2.2200236,6.105813,8.716091
1740495077784,-0.12389994,5.740697,8.529344
1740495077785,-1.6651673,4.935647,7.675811
1740495077795,-2.3529017,4.051588,7.3687544
1740495077796,-2.5731683,3.5613751,7.471705
1740495077796,-2.8125885,3.3620577,7.6907744
1740495077802,-3.357868,2.6683378,9.421184
1740495077806,-4.080917,2.5755625,11.478401
1740495077812,-7.2604165,2.7449522,14.700997
1740495077851,-19.6133,7.3220673,12.228385
1740495077851,-19.6133,-1.0552444,12.61864
1740495077851,-19.6133,-14.806342,19.612701
1740495077851,-19.6133,-19.6133,19.331383
1740495077851,-19.6133,-19.6133,17.493834
1740495077852,-19.6133,-17.617134,10.943896
1740495077852,-19.6133,-14.314932,5.7323174
1740495077852,-19.6133,-11.079767,2.873042
1740495077855,-19.6133,-8.781932,2.2499511
1740495077860,-19.6133,-4.2521024,-0.2124854
1740495077865,-19.6133,-0.8002619,-7.3202715
1740495077884,-19.6133,1.9033904,-16.70674
1740495077885,-19.48521,2.8275523,-19.6133
1740495077885,-17.675793,2.6809072,-19.6133
1740495077885,-15.482105,2.2056582,-19.197906
1740495077890,-14.226945,1.5191209,-12.539033
1740495077895,-14.587273,1.0426749,-7.2245035
1740495077903,-15.589845,0.021547815,-4.179079
1740495077905,-15.870564,-1.0803835,-3.6415808
1740495077910,-15.512631,-1.9183542,-4.0503907
1740495077915,-14.483125,-2.3295584,-4.4478283
1740495077921,-13.083116,-2.3199813,-4.857237
1740495077924,-11.593323,-2.2996306,-5.0493712
1740495077930,-9.992201,-2.532467,-5.097854
1740495077934,-8.176797,-3.0244753,-5.151125
1740495077939,-6.0884547,-3.6727054,-4.9853263
1740495077945,-3.4781766,-4.563947,-5.0667295
1740495077951,-1.3599066,-4.8440685,-4.582502
1740495077954,-0.4345476,-4.7046065,-3.578733
1740495077961,-0.41599256,-4.2521024,-2.771887
1740495077965,-0.24241292,-3.7307649,-2.231396
1740495077970,-0.15502456,-3.0891187,-2.123657
1740495077975,-0.15382746,-2.5187001,-0.8888474
1740495077980,-0.03232172,-2.0380642,-0.3429694
1740495077985,0.0700304,-1.6514006,0.82779527
1740495077990,-0.12868834,-1.4030021,2.6874914
1740495077995,0.09935937,-1.4550761,4.605247
1740495078000,0.2136825,-1.4012065,4.658518
1740495078004,0.3549404,-1.2785037,2.6120741
1740495078014,0.47644615,-1.2431892,2.64679
1740495078015,0.6314707,-1.3359646,2.782661
1740495078021,1.1336545,-1.7238252,3.50152
1740495078025,1.9249382,-2.2756886,4.623802
1740495078029,2.4013844,-2.3529017,4.422689
1740495078034,3.0454245,-2.5360582,5.801151
1740495078039,4.0803185,-3.2261868,7.020398
1740495078044,4.8937483,-4.4208937,7.6590514
1740495078049,5.4551888,-5.430648,6.5044475
1740495078054,5.7041855,-6.033388,2.0991163
1740495078059,5.9304376,-6.482301,0.9516952
1740495078064,6.5511346,-6.949769,-0.45070848
1740495078069,6.953959,-7.0395517,-1.7962499
1740495078073,7.6530657,-6.055535,-4.0533834
1740495078078,9.642049,-3.193865,-1.5041572
1740495078083,11.902175,-0.32561144,7.21373
1740495078089,10.0748005,0.046088383,2.585738
1740495078093,6.353613,1.1905168,-5.282806
1740495078098,2.9167361,2.2732944,-7.1101804
1740495078103,-0.9283517,2.991555,-6.3865333
1740495078108,-2.1098902,2.6420016,-8.643666
1740495078113,-2.130241,2.697667,-5.0721164
1740495078118,-1.9626468,3.056797,-2.4839842
1740495078123,-1.9111716,3.0591912,-1.4856021
1740495078128,-2.19249,3.4494462,0.88944596
1740495078133,-2.790442,3.3554738,0.14963761
1740495078138,-4.10845,2.5941176,-0.58119243
1740495078143,-5.677251,1.910573,3.7469256
1740495078148,-5.959168,1.3144168,8.416816
1740495078153,-6.403891,1.0953473,14.489709
1740495078158,-19.6133,19.612701,19.612701
1740495078163,-19.6133,19.612701,19.612701
1740495078168,-19.6133,18.740614,19.612701
1740495078173,-19.6133,-0.40222588,15.427637
1740495078177,-19.6133,-16.596605,12.593501
1740495078203,-19.6133,-19.6133,9.566631
1740495078204,-19.6133,-19.6133,4.1413703
1740495078209,-9.139865,-15.863382,-4.23235
1740495078210,-4.4801497,-10.175956,-3.2956185
1740495078210,-2.7395654,-6.4882865,-1.1605892
1740495078210,-8.93576,-1.2276269,6.907272
1740495078213,-5.9843073,-1.5514427,3.8259344
1740495078222,-11.979987,-0.09995792,8.719084
1740495078222,-14.41489,-2.6647465,8.904634
1740495078240,-17.72667,-8.095394,2.1996727
1740495078240,-19.6133,-15.086464,-3.3147724
1740495078246,-19.6133,-15.086464,-3.3147724
1740495078246,-19.6133,-15.086464,-3.3147724
1740495078247,-19.6133,-15.086464,-3.3147724
1740495078247,-16.880919,-12.522872,1.2952632
1740495078266,-13.822924,-10.010158,3.2381577
1740495078266,-13.822924,-10.010158,3.2381577
1740495078266,-13.822924,-10.010158,3.2381577
1740495078290,-12.083536,-8.313267,3.8774097
1740495078290,-10.964247,-7.0605006,3.6715083
1740495078290,-10.132261,-6.317101,3.228581
1740495078291,-9.605537,-5.917868,2.9897594
1740495078291,-9.432556,-5.9244523,3.0232782
1740495078291,-9.7719345,-6.342839,3.3997664
1740495078291,-10.610503,-6.4900823,4.0198646
1740495078291,-11.855488,-6.211158,5.0266266
1740495078296,-13.433268,-5.427057,6.375759
1740495078327,-15.278598,-4.31914,7.9421654
1740495078327,-17.328035,-1.6220716,9.276335
1740495078327,-18.68794,0.2908955,9.566631
1740495078327,-19.297865,1.6753427,9.190144
1740495078347,-19.110518,2.256535,8.325836
1740495078347,-18.496405,2.7018566,7.2592196
1740495078347,-18.496405,2.7018566,7.2592196
1740495078347,-18.004396,3.2040405,6.1279593
1740495078348,-17.019781,3.472191,5.0439844
1740495078348,-13.900735,2.5007436,3.0071173
1740495078351,-12.789227,2.7670987,-3.4422636
1740495078355,-12.789227,2.7670987,-3.4422636
1740495078359,-13.5930805,4.957195,-17.697939
1740495078364,-12.697649,5.1517234,-15.321693
1740495078369,-10.183139,4.1138372,-7.0461354
1740495078374,-8.085817,3.043629,-2.232593
1740495078379,-6.615778,2.6677392,-1.5352819
1740495078384,-5.7017913,5.3474493,-4.8763905
1740495078389,-4.3658266,7.6985555,-19.6133
1740495078394,-0.31184477,10.19451,-18.488026
1740495078399,0.3878607,10.638037,-8.531139
1740495078405,-0.074220255,7.4028716,-7.6147585
1740495078410,-0.41718966,3.8827965,-6.083068
1740495078414,-0.29688102,2.753332,-0.0724246
1740495078419,0.56802434,1.5759833,3.2489316
1740495078424,1.2096704,0.3633201,4.2730513
1740495078429,1.5688007,-0.5021838,4.5394063
1740495078434,1.6466122,-0.961272,3.7337575
1740495078439,1.5125369,-1.1522095,2.8257565
1740495078444,1.3126211,-1.1875241,2.119467
1740495078449,1.2018893,-1.2366052,1.8836381
1740495078454,0.89782566,-1.0696096,1.1659763
1740495078459,0.97862995,-1.1857284,2.4744074
1740495078463,0.97862995,-1.1857284,2.4744074
1740495078469,0.82121116,-1.0905589,2.5785553
1740495078480,0.6991069,-1.0247183,1.887828
1740495078486,0.6955156,-0.57520694,-0.39264908
1740495078486,0.6955156,-0.57520694,-0.39264908
1740495078500,0.83737206,-0.5177461,-0.25198972
1740495078500,0.83737206,-0.5177461,-0.25198972
1740495078501,1.1174936,-0.5081693,0.12629414
1740495078504,1.1174936,-0.5081693,0.12629414
1740495078508,1.1546037,-0.5057751,0.28670564
1740495078513,1.1150994,-0.48243165,0.31004912
1740495078518,1.0301052,-0.587178,0.3441665
1740495078523,0.533907,-0.7404069,0.6027403
1740495078528,-0.12449849,-0.9540894,0.88405895
1740495078533,-0.9696517,-1.2138603,0.91817635
1740495078538,-1.7992426,-1.377863,0.5494693
1740495078542,-2.3092074,-1.359308,0.15322891
1740495078549,-2.4289176,-1.3263878,0.42796355
1740495078553,-2.4678235,-1.4377182,0.93373865
1740495078558,-2.9215245,-2.4875755,1.7968484
1740495078562,-3.2279825,-2.5983074,2.492364
1740495078568,-8.324639,-11.574768,0.41180268
1740495078572,-10.267534,-14.589068,6.019023
1740495078577,-13.913903,-14.630966,8.804677
1740495078582,-19.6133,-6.05733,18.817827
1740495078587,-19.6133,-4.4119153,19.612701
1740495078592,-19.6133,-2.0219033,19.612701
1740495078597,-19.6133,-1.8483237,19.612701
1740495078602,-19.6133,4.8309007,18.260576
1740495078608,-19.6133,12.315774,6.443994
1740495078612,-19.6133,12.8610525,-15.771205
1740495078617,-19.6133,6.097433,-19.6133
1740495078622,-19.6133,2.2756886,-14.681245
1740495078626,-16.634912,1.1522095,-0.078410104
1740495078632,-13.001713,0.13946225,5.144541
1740495078637,-10.163984,-0.6123171,6.38773
1740495078641,-7.823054,-0.9720459,6.1626754
1740495078650,-5.954978,-0.9756372,5.645528
1740495078652,-4.5441947,-0.94331545,5.415684
1740495078656,-3.6936548,-0.98222125,5.392939
1740495078661,-3.2375593,-0.961272,5.6161985
1740495078666,-3.321955,-0.7152678,6.1387334
1740495078672,-4.034828,-0.5243302,6.637924
1740495078676,-5.5748987,-0.19512744,7.0610995
1740495078681,-7.65546,-0.25198972,6.921637
1740495078686,-9.34038,-0.95947635,6.4511766
1740495078691,-10.888829,-0.9959879,5.846042
1740495078696,-12.446258,-0.6871359,5.1984105
1740495078700,-13.859435,-0.39564183,4.3580456
1740495078706,-15.197195,-0.24361002,2.4247277
1740495078711,-16.993444,-0.24480712,-5.146935
1740495078716,-18.15164,0.038307227,-12.823943
1740495078721,-17.210718,0.30047232,-11.376049
1740495078726,-14.663887,0.38726214,-5.368997
1740495078731,-12.419323,0.39384618,-0.3752911
1740495078735,-10.845734,0.24001873,2.0213048
1740495078740,-9.628283,-0.110731825,2.6862943
1740495078746,-8.811859,-0.31543607,2.492364
1740495078750,-8.113351,-0.41299978,1.5496471
1740495078755,-7.6530657,-0.4770447,0.40282443
1740495078761,-7.6111674,-0.4961983,-0.4249708
1740495078765,-7.924209,-0.47465047,-0.7314286
1740495078770,-8.492233,-0.39324763,-0.62009823
1740495078775,-9.185953,-0.23702596,-0.29149407
1740495078780,-9.846154,-0.12928689,0.0712275
1740495078785,-10.345944,-0.10594343,0.21906945
1740495078791,-10.638037,-0.110133275,0.1921347
1740495078795,-11.036672,-0.045489833,0.059855044
1740495078800,-11.310209,0.24600422,0.13227965
1740495078805,-11.418547,0.32142156,0.31064767
1740495078809,-11.458051,0.3333926,0.5506664
1740495078816,-11.328764,0.40043023,0.75357497
1740495078819,-11.079767,0.4758476,1.0085574
1740495078826,-10.758944,0.5781997,1.292869
1740495078829,-10.365098,0.60094464,1.5466543
1740495078835,-9.957485,0.6500258,1.7286136
1740495078839,-9.639654,0.6931214,1.9327193
1740495078844,-9.314043,0.6967127,2.107496
1740495078849,-9.051279,0.6853402,2.27928
1740495078854,-8.859743,0.64463884,2.4193408
1740495078859,-8.727464,0.58119243,2.6007016
1740495078865,-8.68796,0.5931635,2.7341783
1740495078869,-8.656237,0.6290765,2.9340942
1740495078873,-8.627506,0.56443304,3.105878
1740495078878,-8.695741,0.4890157,3.1878796
1740495078883,-8.865729,0.4213795,3.247136
1740495078889,-9.126697,0.3429694,3.4009635
1740495078894,-9.333796,0.29209262,3.5003228
1740495078898,-9.551069,0.20709845,3.5793316
1740495078903,-9.739014,0.06943185,3.6373909
1740495078908,-9.912594,-0.12988544,3.66672
1740495078913,-10.074203,-0.40462008,3.6529531
1740495078918,-10.183737,-0.74519527,3.4422636
1740495078923,-10.245388,-1.1599907,3.0538042
1740495078928,-10.231621,-1.614889,2.5145104
1740495078933,-10.197504,-2.1170728,1.8842367
1740495078938,-10.236409,-2.5893292,1.2024878
1740495078943,-10.342952,-3.0280666,0.56323594
1740495078948,-10.33098,-3.5164838,0.05925649
1740495078952,-10.355521,-4.0414124,-0.35553896
1740495078958,-10.551247,-4.3580456,-0.62847793
1740495078962,-10.727221,-4.2796354,-0.55725044
1740495078967,-10.83077,-4.2131963,-0.39863458
1740495078972,-10.879252,-4.0737343,-0.2100912
1740495078977,-10.926538,-3.8414967,0.1921347
1740495078982,-10.971429,-3.4608185,0.6374562
1740495078987,-10.996569,-2.8868086,1.0336965
1740495078992,-10.937312,-2.244564,1.3670892
1740495078997,-10.753557,-1.5047557,1.4867992
1740495079002,-10.411784,-0.7517793,1.4706384
1740495079008,-9.907805,-0.010773907,1.3976152
1740495079012,-9.603143,0.7433996,1.3000516
1740495079017,-9.270349,1.4305356,1.2264298
1740495079021,-8.863934,2.0207062,1.1426327
1740495079027,-8.401853,2.5270798,1.2114661
1740495079031,-7.928399,3.0083144,1.2132617
1740495079036,-7.421427,3.4249055,1.1366472
1740495079041,-7.1610575,3.852869,0.84814596
1740495079047,-6.899491,4.088698,0.41180268
1740495079051,-6.6624646,4.305373,0.073621705
1740495079056,-6.206968,4.3143516,-0.033518825
1740495079062,-5.887342,4.2179847,-0.31902736
1740495079066,-5.6425347,4.184466,-0.17836803
1740495079071,-5.3755813,4.115034,0.38187516
1740495079079,-5.171476,3.9947255,1.0516531
1740495079081,-5.047576,3.9947255,1.6095021
1740495079086,-4.8440685,3.8139634,2.184709
1740495079091,-4.7040076,3.7415388,2.532467
1740495079096,-4.5633483,3.6182373,2.7976246
1740495079102,-4.6202106,3.8959646,3.5470097
1740495079106,-4.621408,4.1880574,4.0503907
1740495079112,-4.7165775,4.783615,4.484938
1740495079115,-4.6525326,5.1529207,4.8081555
1740495079121,-4.5962687,5.4420204,4.817134
1740495079126,-4.5082817,5.7520695,4.4597993
1740495079131,-4.4448357,6.149507,3.74513
1740495079136,-4.4603977,6.655282,3.2674868
1740495079140,-4.408324,7.0275807,2.5881321
1740495079145,-4.341286,7.309498,2.1057005
1740495079151,-4.433463,7.8847046,2.156577
1740495079155,-4.5753193,8.219893,2.5474305
1740495079161,-4.947019,8.635287,2.930503
1740495079165,-5.667674,9.186552,3.252523
1740495079171,-6.8372416,9.76116,3.6314054
1740495079175,-8.225879,10.1460285,4.162918
1740495079180,-10.078991,10.222643,5.109226
1740495079185,-12.511499,10.565014,5.668871
1740495079190,-15.2809925,11.013328,6.6325374
1740495079199,-18.079815,11.065402,7.807492
1740495079204,-19.6133,9.986814,8.628104
1740495079205,-19.6133,8.627506,8.666411
1740495079209,-19.6133,7.3340383,7.351396
1740495079215,-19.6133,6.1004257,5.5084596
1740495079219,-19.6133,4.76925,4.0863037
1740495079225,-19.6133,4.0174704,3.5889084
1740495079229,-19.6133,3.7762547,3.3327289
1740495079234,-19.6133,3.5763388,2.6844985
1740495079239,-19.6133,3.4129345,1.9243397
1740495079244,-19.6133,2.7880478,0.93493575
1740495079250,-19.6133,1.6071079,-0.2220622
1740495079254,-19.6133,0.04129998,-1.608305
1740495079259,-19.6133,-1.7292122,-2.7641058
1740495079264,-19.6133,-3.788824,-3.5541923
1740495079269,-19.6133,-4.687248,-3.558981
1740495079276,-19.6133,-5.0787005,-2.8886044
1740495079278,-19.6133,-4.938041,-1.7292122
1740495079284,-19.6133,-4.484938,-0.60812724
1740495079289,-19.6133,-3.7487214,-0.1352724
1740495079293,-19.6133,-2.7527335,0.26156655
1740495079299,-19.6133,-1.858499,0.5141548
1740495079304,-19.6133,-1.2401965,0.52852005
1740495079309,-19.416975,-0.8415619,0.7667431
1740495079314,-18.05288,-0.5955577,0.878672
1740495079319,-16.381727,-0.5129577,0.7793127
1740495079324,-14.723144,-0.47884035,0.44831428
1740495079329,-13.127408,-0.66020113,0.05267244
1740495079334,-11.861474,-1.1336545,-0.53929394
1740495079338,-11.005547,-1.7914615,-0.9876082
1740495079343,-9.704897,-2.2068555,-1.074398
1740495079348,-8.397662,-2.319383,-1.0241197
1740495079353,-7.27957,-2.4863784,-0.9247604
1740495079359,-6.2195373,-2.8395233,-0.87448215
1740495079363,-5.291186,-3.2860417,-1.0696096
1740495079368,-4.425083,-3.74094,-1.501763
1740495079373,-3.2435448,-4.1581297,-2.1170728
1740495079378,-2.2864625,-4.777031,-2.3056161
1740495079383,-1.3329718,-5.283405,-2.2242134
1740495079387,-0.63087213,-5.4803276,-1.804031
1740495079393,-0.077213004,-5.8574142,-1.4101849
1740495079397,0.52852005,-5.951387,-0.6877344
1740495079402,0.82719666,-5.6401405,0.0047884034
1740495079407,0.9983821,-5.204396,0.48123455
1740495079412,1.1923125,-4.72376,0.6374562
1740495079417,1.2970588,-4.2239704,0.75836337
1740495079423,1.3826514,-3.5404258,0.89543146
1740495079428,1.477821,-2.6611552,0.7062895
1740495079432,1.6184803,-2.1003134,0.36511576
1740495079437,1.7711107,-1.9758149,-0.11552023
1740495079442,2.1152773,-2.2272062,-0.7553706
1740495079447,2.5073278,-2.60549,-1.1599907
1740495079452,2.8078,-2.932897,-1.3072342
1740495079457,3.2303767,-3.2507274,-1.8291701
1740495079462,3.728969,-3.5751417,-2.1972785
1740495079467,3.8869865,-3.7163997,-2.1033063
1740495079472,3.7373488,-3.6888664,-1.7824832
1740495079478,3.3267434,-3.5661635,-1.352724
1740495079482,2.8095956,-3.3105824,-1.4335283
1740495079487,2.3265655,-3.0364463,-0.99299514
1740495079492,1.917157,-2.759916,-0.82001406
1740495079496,1.555034,-2.5318682,-0.98102415
1740495079501,1.323395,-2.3391352,-0.80684596
1740495079507,1.1150994,-2.1571758,-0.1933318
1740495079511,1.009156,-1.9716251,-0.11731588
1740495079516,1.0175357,-1.9063832,0.5835867
1740495079523,0.9187749,-1.9393034,1.4784195
1740495079526,0.6344634,-1.857302,2.0416555
1740495079531,0.12569559,-1.6897079,2.801216
1740495079536,-0.39324763,-1.3467385,3.8911762
1740495079542,-0.64823014,-0.6931214,8.533533
1740495079546,-1.0001777,-0.6027403,10.199898
1740495079551,-2.1122844,-0.78888947,6.476914
1740495079556,-5.9364233,-0.56922144,1.5891514
1740495079561,-13.022661,0.14305355,8.477868
1740495079566,-19.6133,-2.2798786,9.55885
1740495079571,-19.6133,-6.882133,-1.8926164
1740495079577,-19.6133,-10.559028,-6.1477113
1740495079580,-19.6133,-11.429919,-4.8919525
1740495079585,-19.6133,-9.930551,2.0278888
1740495079590,-19.6133,-9.89763,4.022857
1740495079595,-16.796522,-10.280104,-1.22224
1740495079600,-14.353838,-10.54586,-6.3793507
1740495079606,-16.102203,-11.934497,-5.451597
1740495079610,-19.446903,-16.861166,-4.380192
1740495079615,-19.6133,-19.6133,-4.36044
1740495079620,-19.6133,-17.414227,-1.2575544
1740495079626,-19.6133,-11.654974,2.9646204
1740495079632,-19.6133,-7.4735007,4.3221326
1740495079634,-19.6133,-4.894945,4.2862196
1740495079640,-19.6133,-4.0043025,3.7594953
1740495079645,-19.6133,-4.0043025,3.7594953
1740495079649,-19.554642,-4.0563765,3.6870706
1740495079655,-19.6133,-3.6828809,3.5954924
1740495079662,-19.6133,-3.6828809,3.5954924
1740495079664,-19.6133,-3.8618474,3.1717186
1740495079669,-19.6133,-4.0695443,3.305794
1740495079674,-19.397821,-4.2000284,3.6816838
1740495079679,-19.071014,-4.1539397,4.2305546
1740495079684,-18.760965,-4.175488,4.8907557
1740495079699,-18.5401,-4.2281604,5.443816
1740495079700,-18.749592,-3.8815994,6.38354
1740495079700,-18.929157,-3.3704374,6.1064115
1740495079713,-18.745401,-2.883816,5.619191
1740495079713,-18.768745,-2.0428526,5.465364
1740495079714,-18.514961,-1.5795746,5.6161985
1740495079721,-17.889475,-1.2886791,5.57849
1740495079768,-16.733076,-0.7858967,5.5138464
1740495079769,-15.415667,-0.11791443,4.9763484
1740495079770,-14.294581,0.8242039,4.4801497
1740495079770,-13.325528,1.536479,4.6962266
1740495079770,-12.4229145,1.8902222,4.6244006
1740495079770,-11.351509,2.1416135,4.537611
1740495079770,-9.929952,2.6677392,5.3857565
1740495079770,-8.119935,4.4119153,4.9841294
1740495079770,-8.53892,7.554305,-4.617218
1740495079771,-8.961497,9.460688,-9.949105
1740495079775,-8.037933,8.728661,-9.8276
1740495079783,-6.3500214,6.8743515,-5.282806
1740495079784,-5.031415,5.410896,-0.39803603
1740495079788,-4.520851,4.8177323,3.2291796
1740495079793,-4.1706996,4.461595,5.077503
1740495079800,-3.7594953,4.144962,6.307524
1740495079803,-3.1310172,3.8265328,6.8372416
1740495079808,-2.475006,3.8600516,6.498462
1740495079813,-2.0320787,4.4125137,5.804742
1740495079817,-1.8016368,5.687426,6.214749
1740495079823,-1.5508442,7.551312,6.4547677
1740495079827,-1.2797008,9.099164,6.0160303
1740495079833,-1.1414356,9.999383,5.239112
1740495079838,-1.0564415,10.573992,4.9344497
1740495079843,-0.8798691,10.801441,3.2968156
1740495079847,-0.6703765,10.7194395,2.9227216
1740495079853,-0.20290859,10.637438,2.1254525
1740495079857,0.35673606,10.603321,1.560421
1740495079862,1.0737995,10.672154,1.5514427
1740495079867,1.845331,10.402207,1.4239515
1740495079872,2.5312698,9.835381,-0.2184709
1740495079877,3.1651347,9.294291,-0.3800795
1740495079882,3.6589386,8.796896,-0.7284359
1740495079887,3.8480806,8.544906,-1.1540052
1740495079892,3.7906199,7.8703394,-1.3904326
1740495079897,4.0575733,7.257424,-3.7630866
1740495079902,3.9989154,6.917447,-2.5246856
1740495079906,4.083311,6.14831,-1.9081788
1740495079912,3.9761705,6.097433,-2.8443117
1740495079917,3.8456864,5.804742,-1.8046296
1740495079922,3.5865142,5.485116,-0.7368156
1740495079927,3.015497,5.4593782,-0.66379243
1740495079931,2.3744495,5.2247467,-0.18315643
1740495079936,1.7082629,4.75668,0.66379243
1740495079942,1.1049241,4.2461166,0.85173726
1740495079946,0.52971715,3.7008374,0.91219085
1740495079951,0.075417355,3.208829,1.30484
1740495079956,-0.3866636,2.7748797,0.88166475
1740495079961,-0.7787141,2.360683,0.85532856
1740495079967,-1.134253,1.9913772,1.5927427
1740495079972,-1.5352819,1.6328455,2.32058
1740495079977,-3.7870286,2.0470424,2.5306711
1740495079981,-11.868656,4.024653,5.029619
1740495079985,-19.6133,7.1766195,6.955156
1740495079991,-19.6133,4.2598834,11.801021
1740495079995,-19.6133,-4.931457,17.129316
1740495080000,-19.6133,-12.477981,19.60911
1740495080006,-19.6133,-18.397644,19.612701
1740495080011,-19.6133,-19.6133,16.325462
1740495080016,-19.6133,-19.6133,8.441357
1740495080020,-19.6133,-17.266384,6.033388
1740495080025,-19.6133,-12.708423,5.5168395
1740495080030,-19.6133,-9.627085,3.8073792
1740495080035,-19.6133,-7.04015,2.5222914
1740495080040,-19.6133,-4.8668137,2.0907366
1740495080045,-17.283743,-3.043629,1.2282255
1740495080050,-12.799402,-1.7513585,0.56922144
1740495080056,-10.190321,-1.1677719,-0.6452374
1740495080059,-9.165603,-0.95229375,-2.7275944
1740495080064,-8.372523,-0.74878657,-5.1277814
1740495080069,-8.070255,-0.8355764,-6.51163
1740495080075,-8.440758,-1.8201919,-5.8322754
1740495080079,-8.6712,-2.7449522,-5.1960163
1740495080084,-8.525752,-3.3494883,-5.6269727
1740495080089,-7.8984714,-3.888782,-6.109404
1740495080095,-7.1580644,-4.578911,-6.1566896
1740495080099,-6.42903,-5.1930237,-5.6886234
1740495080105,-5.8304796,-5.614403,-4.875193
1740495080110,-5.4857144,-5.547964,-3.5793316
1740495080114,-5.465364,-5.309741,-2.0362685
1740495080119,-5.5766945,-5.039196,-0.5805939
1740495080125,-5.60722,-4.4765587,0.66618663
1740495080129,-5.4144874,-3.8959646,1.2150574
1740495080134,-4.9242744,-3.4727895,1.3820529
1740495080140,-4.268862,-3.008913,1.3485341
1740495080144,-3.54282,-2.6515784,1.2384008
1740495080149,-2.8293478,-2.2625206,0.4985925
1740495080154,-2.1511903,-1.8327614,0.025737667
1740495080158,-1.6220716,-1.4706384,-0.5566519
1740495080163,-1.1683705,-1.2210429,-0.8559271
1740495080170,-0.7715315,-1.0582372,-1.2539631
1740495080174,-0.55006784,-0.9828198,-1.4802152
1740495080182,-0.44891283,-0.95947635,-1.6238673
1740495080183,-0.38307226,-0.93852705,-1.9734207
1740495080188,-0.29328972,-0.92057055,-2.1709423
1740495080193,-0.25498247,-0.8912416,-2.421735
1740495080199,-0.26874915,-0.9864111,-2.4522612
1740495080203,-0.2681506,-1.1414356,-2.6396074
1740495080208,-0.19033903,-1.283292,-2.8407204
1740495080213,-0.11552023,-1.388637,-3.0190883
1740495080219,-0.21547815,-1.5897499,-3.354875
1740495080223,-0.4770447,-1.6921021,-3.177704
1740495080227,-0.6063316,-1.5460558,-3.117849
1740495080233,-0.86131406,-1.5269021,-2.432509
1740495080238,-1.1480197,-1.5125369,-2.1021092
1740495080243,-1.4921862,-1.6184803,-1.8740613
1740495080249,-1.9243397,-1.9620483,-0.6631939
1740495080253,-2.657564,-2.220622,1.6753427
1740495080257,-3.6888664,-2.2038627,5.620987
1740495080262,-5.427057,-1.9620483,7.3430166
1740495080267,-7.5309615,-1.2677298,7.49026
1740495080272,-10.245388,-0.9115923,7.7590094
1740495080277,-12.521675,-1.3156139,8.152855
1740495080282,-14.440627,-2.556409,7.759608
1740495080287,-16.93778,-3.0777464,6.531981
1740495080293,-19.182943,-3.3566709,3.0508115
1740495080297,-19.6133,-3.539827,0.3716998
1740495080302,-19.6133,-3.0029275,-0.9804256
1740495080307,-19.190723,-2.4265234,-2.813187
1740495080312,-17.042526,-1.6190789,-4.3077674
1740495080317,-15.506047,-0.8170213,-4.347272
1740495080322,-15.226524,-0.4237737,-4.5603557
1740495080327,-15.261839,-0.7266402,-4.994903
1740495080332,-15.310321,-1.7549498,-5.3683987
1740495080336,-16.192585,-2.814384,-5.0362034
1740495080342,-17.651253,-3.4434607,-3.6876693
1740495080346,-17.719486,-4.159327,-2.9358897
1740495080351,-17.880497,-4.7201686,-2.428319
1740495080356,-17.94933,-5.1786585,-1.5107412
1740495080361,-17.287333,-5.544971,-0.7715315
1740495080366,-16.66484,-6.0202203,-0.58119243
1740495080371,-16.290747,-6.1387334,-0.2789245
1740495080376,-15.777789,-6.057929,0.05626374
1740495080381,-15.092449,-6.1159883,0.6428431
1740495080386,-14.562732,-6.459556,1.3072342
1740495080391,-14.167688,-7.1903863,1.8207904
1740495080396,-13.659519,-8.20433,2.0398598
1740495080401,-13.453618,-9.233837,2.2331917
1740495080406,-13.6170225,-10.084377,2.4588451
1740495080411,-14.158112,-10.970831,2.3948002
1740495080415,-14.457387,-11.821969,2.144606
1740495080421,-14.573505,-12.427703,1.8285716
1740495080425,-14.075512,-12.363658,1.6005238
1740495080430,-13.060968,-11.886613,1.2479776
1740495080435,-12.797606,-10.927136,0.8158242
1740495080440,-12.623428,-9.697714,0.54887074
1740495080445,-12.481572,-8.385093,0.56203884
1740495080452,-12.937069,-7.2179193,0.45729253
1740495080455,-13.614628,-5.878962,0.2801216
1740495080461,-13.78701,-4.733337,-0.05207389
1740495080465,-11.556213,-4.14975,-0.5566519
1740495080470,-9.428367,-3.4374752,-0.27473465
1740495080475,-7.6051817,-2.4211364,0.3184288
1740495080480,-6.4008985,-1.1025299,0.587178
1740495080486,-5.729325,0.048482586,0.07062895
1740495080490,-5.351041,0.89603,-1.1767502
1740495080495,-5.539584,1.2862848,-3.3554738
1740495080500,-7.3843164,2.3481133,-5.067328
1740495080505,-9.032125,3.2321723,-5.81372
1740495080510,-10.072407,3.9175124,-4.8380833
1740495080514,-10.843938,4.4699745,-3.7804444
1740495080520,-10.811018,4.912902,-3.2309752
1740495080525,-10.612898,5.361216,-3.3925838
1740495080531,-10.095152,5.692813,-3.41892
1740495080535,-9.397242,6.451775,-2.6635494
1740495080539,-8.111555,7.502231,-2.0524294
1740495080545,-6.872556,9.383475,-0.52971715
1740495080549,-5.2768207,11.739968,0.8098387
1740495080554,-3.9875429,12.802994,2.8125885
1740495080559,-2.7485435,12.801198,4.2760444
1740495080564,-1.6089035,12.743138,3.7337575
1740495080569,-0.8996213,12.569559,3.520075
1740495080574,-0.30166942,12.870031,4.656722
1740495080579,0.43275195,13.351266,4.335301
1740495080585,1.3281834,14.31972,2.135628
1740495080589,2.183512,15.424046,-0.12868834
1740495080594,2.7629087,14.644733,3.912724
1740495080599,2.896984,12.330737,5.988497
1740495080604,3.1920695,12.04463,3.1196449
1740495080608,3.5464113,12.942456,7.4507556
1740495080614,2.7928362,11.459248,11.713034
1740495080618,2.2104468,10.535685,11.720815
1740495080624,1.6729485,9.712079,9.482236
1740495080633,0.58657944,9.217676,8.030152
1740495080633,-1.0295067,8.243237,6.7959414
1740495080638,-3.095703,7.0341644,6.7067575
1740495080643,-5.139154,5.740697,6.4805055
1740495080648,-7.489063,4.9679685,5.834071
1740495080653,-10.864887,4.847061,4.040814
1740495080658,-16.147694,5.533,0.7284359
1740495080663,-19.6133,4.959589,-1.7381904
1740495080668,-19.6133,3.6996403,1.8016368
1740495080672,-19.6133,0.6314707,4.1653123
1740495080677,-19.6133,-2.9586349,-3.357868
1740495080682,-19.6133,-4.8979383,-6.871359
1740495080689,-19.6133,-6.3589997,-5.485116
1740495080692,-19.6133,-8.021174,-5.673061
1740495080697,-19.6133,-8.683769,-4.914099
1740495080702,-19.6133,-9.473258,-5.5485625
1740495080707,-15.739482,-10.727221,-5.841852
1740495080712,-8.39467,-12.229582,-5.99149
1740495080718,-3.2632968,-13.908516,-7.32925
1740495080723,-6.30932,-14.836868,-8.423999
1740495080727,-11.324574,-15.303139,-9.915586
1740495080732,-14.50587,-15.681422,-12.203246
1740495080737,-14.710574,-14.479533,-11.391612
1740495080742,-13.086706,-13.378201,-10.596737
1740495080747,-11.110891,-11.748347,-9.359533
1740495080752,-16.284761,-9.7240505,-7.7254906
1740495080757,-18.44134,-6.9108634,-4.7165775
1740495080762,-12.275072,-6.2345014,-4.2179847
1740495080767,-8.450933,-5.7029886,-4.5513773
1740495080772,-8.209119,-4.6100354,-5.386954
1740495080779,-10.190321,-3.6697125,-4.748899
1740495080781,-12.381614,-3.027468,-4.329315
1740495080788,-13.845669,-2.4546554,-4.326921
1740495080793,-14.204799,-1.7902644,-4.128801
1740495080796,-13.867216,-0.8900445,-3.663727
1740495080801,-13.404537,0.32800564,-2.9137435
1740495080808,-12.643779,1.555034,-1.9231426
1740495080811,-11.73518,3.180697,-2.0530279
1740495080831,-10.836157,4.5124717,-3.2184057
1740495080831,-10.814011,5.3594203,-5.047576
1740495080831,-10.187328,6.2967505,-6.156091
1740495080832,-8.975264,6.7588315,-7.0156097
1740495080841,-8.085817,6.6295447,-8.341997
1740495080841,-7.428011,6.18542,-9.105149
1740495080848,-6.9850836,5.8149176,-9.379884
1740495080855,-6.7971387,4.819528,-10.365098
1740495080856,-6.4505777,3.4703953,-8.668806
1740495080860,-6.329072,2.3026235,-6.549339
1740495080866,-6.4362125,1.3210008,-4.4717703
1740495080870,-6.51582,0.23163901,-2.6503813
1740495080875,-6.4338183,-0.688333,-1.7830818
1740495080880,-5.9184666,-1.4431051,-1.6573862
1740495080886,-4.9494133,-2.1769278,-1.6873137
1740495080890,-4.3329067,-2.815581,-1.2695254
1740495080895,-3.867833,-3.5218706,-0.1592144
1740495080900,-4.353257,-4.1892543,0.5470751
1740495080905,-5.400122,-5.395932,0.6404489
1740495080909,-5.481525,-6.215348,2.236783
1740495080915,-4.900931,-5.3265004,3.946243
1740495080920,-3.705027,-4.7776294,2.7281928
1740495080925,-2.2008698,-3.9252937,2.3415294
1740495080930,-0.7404069,-2.6797101,1.3371617
1740495080935,-0.3764882,-1.8884265,-0.44831428
1740495080940,-0.9008184,-1.2318168,-1.6903064
1740495080945,-1.5885528,-0.4890157,-3.2112231
1740495080950,-2.0548236,0.18914193,-2.734777
1740495080955,-2.906561,-0.19632454,-5.099051
1740495080960,-4.0958805,-0.6596026,-5.4845176
1740495080965,-4.9757495,-1.01574,-5.469554
1740495080970,-5.6640825,-1.287482,-4.4328647
1740495080975,-6.290765,-1.1408371,-3.0897174
1740495080979,-7.1466923,-0.587178,-1.7591397
1740495080985,-7.8637557,0.29568392,-0.8146271
1740495080989,-7.855974,1.2036849,0.16280572
1740495080994,-7.855974,1.2036849,0.16280572
1740495080999,-8.133701,2.2840683,1.1947067
1740495081004,-9.113529,3.4045548,2.2463598
1740495081008,-10.139444,4.6022544,3.0544028
1740495081014,-11.030087,5.592855,3.3123782
1740495081019,-10.503363,6.033388,3.3704374
1740495081024,-8.344392,5.321712,2.707842
1740495081029,-5.9849057,4.4436383,3.5140896
1740495081034,-4.7758336,3.980959,5.047576
1740495081039,-4.856638,3.8857894,7.5764513
1740495081043,-6.559514,4.1946416,8.698134
1740495081048,-8.81964,4.347272,8.63828
1740495081054,-9.92636,4.0857053,8.774151
1740495081058,-9.829395,3.3063924,8.5886
1740495081063,-9.3026705,3.0280666,7.6506715
1740495081068,-8.899248,2.585738,6.425439
1740495081073,-10.266935,1.483208,4.7896004
1740495081078,-11.593323,0.14903906,2.8323407
1740495081084,-13.464991,-1.5101427,0.5650316
1740495081090,-15.371373,-2.6874914,0.40342298
1740495081093,-18.534115,-2.8179753,-0.1316811
1740495081098,-19.6133,-1.6777369,-0.78290397
1740495081104,-19.6133,-2.416348,-1.1665748
1740495081108,-19.6133,-3.834314,-1.3263878
1740495081112,-19.393034,-3.7924154,-3.6966474
1740495081117,-17.633894,-2.0033484,-4.156334
1740495081122,-15.836447,0.6548142,-5.4976854
1740495081127,-14.326304,1.5191209,-7.635708
1740495081134,-14.593857,1.0378864,-9.656414
1740495081137,-16.710331,-0.9959879,-11.781268
1740495081142,-18.538902,-4.489128,-12.844294
1740495081147,-19.397224,-5.4162827,-12.64737
1740495081152,-17.454927,-6.285378,-9.417592
1740495081157,-16.220118,-6.5607114,-5.3139305
1740495081162,-15.556326,-5.9388175,-1.2515689
1740495081166,-14.502278,-4.3640313,2.7700913
1740495081172,-13.759478,-3.5488055,6.6750345
1740495081176,-14.048577,-3.2788591,9.680356
1740495081182,-15.168465,-2.759916,10.821193
1740495081187,-15.791555,-2.6605566,11.814188
1740495081192,-15.962741,-3.9713821,14.470555
1740495081197,-15.480908,-6.87914,15.603611
1740495081204,-15.761628,-7.9625163,11.995549
1740495081206,-15.401899,-7.6285253,10.250774
1740495081211,-14.298173,-7.897873,8.9602995
1740495081216,-12.93647,-7.8068933,9.321824
1740495081221,-11.998542,-8.450933,5.168483
1740495081226,-12.199655,-8.886678,0.1316811
1740495081231,-12.177508,-9.260772,-0.43394905
1740495081237,-11.764508,-9.309854,0.439336
1740495081241,-11.1970825,-8.899846,1.6579847
1740495081246,-10.952275,-7.735666,2.8287494
1740495081250,-10.002377,-6.884527,0.4985925
1740495081256,-8.763377,-4.9757495,-2.2290018
1740495081261,-9.291298,-3.793014,-4.5783124
1740495081265,-9.054273,-2.7874494,-4.7201686
1740495081270,-8.146272,-2.0428526,-4.3059716
1740495081275,-7.3699512,-1.4293385,-4.1940427
1740495081281,-7.4166384,-1.5747862,-3.378817
1740495081287,-6.8121023,-1.7980455,-2.5845408
1740495081290,-6.830059,-2.0093338,-1.9177556
1740495081295,-6.4751186,-2.5073278,-0.9768343
1740495081300,-6.194997,-2.3008277,0.31184477
1740495081305,-6.233304,-2.0410569,1.0336965
1740495081310,-6.1088057,-2.3247697,-0.09696517
1740495081315,-7.597999,-2.7365725,-0.57400984
1740495081320,-7.237672,-2.1829133,0.17776948
1740495081325,-7.2460513,-1.4903905,0.272939
1740495081330,-7.5626845,-0.56563014,2.4911668
1740495081337,-7.611766,-0.46746787,1.6023195
1740495081340,-8.347384,-0.5129577,1.8477252
1740495081345,-8.363545,-0.49679685,0.88046765
1740495081350,-8.327632,-0.4177882,0.82001406
1740495081354,-8.208521,-0.3788824,0.19153613
1740495081360,-8.251018,-0.3441665,-0.15562311
1740495081365,-8.280347,-0.42556936,-0.16938977
1740495081369,-8.277952,-0.36631286,-0.22744916
1740495081375,-8.240244,-0.19632454,-0.38606504
1740495081380,-8.32045,0.24001873,-0.39683893
1740495081385,-8.509591,0.7116765,-0.6344634
1740495081390,-8.467094,1.1815386,-0.82240826
1740495081397,-8.804078,2.1230583,-0.5758055
1740495081400,-9.183559,3.1890767,-0.25558102
1740495081404,-9.122507,3.9636009,-0.15083471
1740495081409,-9.163807,4.4801497,-0.19991584
1740495081415,-9.160215,5.0661306,1.6885108
1740495081419,-8.693346,5.1642933,2.4797945
1740495081424,-8.424597,4.7441106,0.6835446
1740495081429,-8.327033,4.0043025,-1.5161282
1740495081434,-7.897873,3.288436,-2.7820623
1740495081439,-7.6704235,2.5001452,-3.3291376
1740495081443,-7.855974,1.8046296,-4.824915
1740495081448,-8.127118,1.2826935,-6.2482677
1740495081454,-8.495226,0.98700964,-6.6959834
1740495081459,-8.829816,1.0181342,-6.5026517
1740495081463,-9.242217,1.3676877,-6.317101
1740495081468,-9.546879,1.95307,-5.8143187
1740495081474,-9.658808,2.5941176,-5.092467
1740495081478,-9.625289,2.7389667,-2.5312698
1740495081483,-9.792285,2.4169466,1.8872294
1740495081488,-9.81922,2.7808652,0.7978677
1740495081493,-9.527725,3.205836,-1.3257892
1740495081498,-9.217078,3.506907,-1.9632454
1740495081503,-9.127894,3.6828809,-1.2162545
1740495081508,-9.485827,3.918111,0.18435353
1740495081513,-9.656414,4.010886,2.6509798
1740495081518,-9.61691,4.146757,5.1702785
1740495081523,-9.736021,4.405331,6.540959
1740495081528,-10.113707,4.871602,6.359598
1740495081533,-10.45907,5.2301335,4.9218802
1740495081538,-10.781689,5.5551467,3.245939
1740495081543,-10.93791,5.771822,2.15957
1740495081547,-10.979211,5.720945,1.9219455
1740495081553,-12.625224,4.809353,5.2049947
1740495081558,-6.522404,3.040636,17.040133
1740495081562,-12.117055,3.8947675,6.988076
1740495081567,-16.59062,1.6418238,2.1960814
1740495081572,-15.262437,0.9576807,2.356493
1740495081577,-15.303139,1.9213469,3.620033
1740495081582,-15.576676,2.5007436,5.2157683
1740495081587,-16.108189,2.4384944,6.4846954
1740495081592,-16.387114,2.40318,6.939594
1740495081597,-16.188395,2.2188265,6.279991
1740495081604,-15.588049,1.939902,5.2474914
1740495081606,-15.093646,1.5861586,4.0318356
1740495081612,-14.627974,1.2425907,2.9239187
1740495081617,-13.830705,0.8026561,1.4371196
1740495081622,-13.294403,0.24121583,-2.697667
1740495081626,-12.797606,-0.75716627,-11.490971
1740495081631,-12.339716,-2.4223335,-12.325949
1740495081636,-13.092093,-3.5284548,-6.8557963
1740495081641,-13.535021,-3.256713,-1.1408371
1740495081646,-13.323732,-3.1669302,-1.3730747
1740495081651,-11.953052,-3.8259344,-3.6948519
1740495081657,-11.793838,-4.621408,-2.3648727
1740495081661,-12.479177,-4.92607,2.541445
1740495081666,-13.808558,-5.084686,6.1704564
1740495081671,-14.805743,-5.1840453,6.8492126
1740495081676,-14.42746,-5.368997,5.9202623
1740495081682,-13.907319,-5.1541176,4.3197384
1740495081686,-13.825916,-4.213795,2.3259668
1740495081691,-13.986926,-3.321955,1.8722657
1740495081695,-14.337677,-2.5480292,2.0739772
1740495081700,-14.724939,-1.9416976,2.3259668
1740495081707,-15.361796,-1.4185646,3.205836
1740495081710,-15.515025,-0.8678981,3.4919431
1740495081716,-15.116391,-0.40821138,3.3028011
1740495081720,-14.113819,-0.4770447,2.1080947
1740495081725,-13.268067,-0.92895025,2.2278047
1740495081730,-12.472593,-1.6095021,2.148796
1740495081736,-11.852495,-1.7483658,2.0697873
1740495081740,-11.690289,-1.4802152,1.3760674
1740495081745,-11.504738,-1.395221,0.6464345
1740495081750,-11.42932,-1.4760253,1.7405846
1740495081755,-10.731411,-1.8854338,4.425083
1740495081760,-9.218874,-2.3882163,6.0687027
1740495081765,-9.786898,-1.5891514,7.019799
1740495081770,-9.34397,1.2593501,6.0321913
1740495081775,-8.330027,4.103063,2.3139958
1740495081780,-8.31207,5.391742,-1.0301052
1740495081788,-8.780735,5.731719,0.095169514
1740495081792,-9.305065,4.355053,2.8413188
1740495081795,-9.07582,3.1064768,1.8459295
1740495081800,-8.097789,2.6713305,0.32202014
1740495081804,-7.229292,2.6839,0.2705448
1740495081809,-6.819285,2.9203274,-0.7308301
1740495081815,-6.3943143,2.866458,-0.9864111
1740495081819,-6.217742,2.7940333,1.8531121
1740495081824,-5.7245364,3.0585926,2.9257145
1740495081829,-4.3317094,3.0370448,2.0326772
1740495081835,-3.5769374,2.9520507,-2.0775685
1740495081840,-3.145981,2.6150668,-4.402937
1740495081844,-3.0298622,2.3223755,-4.484938
1740495081849,-3.3255463,2.7748797,-3.478775
1740495081854,-4.209605,4.6561236,-3.0160956
1740495081858,-4.2898107,5.9603653,-2.3786395
1740495081864,-4.4280763,6.7229185,-2.2218192
1740495081869,-4.4681787,7.4028716,-2.645593
1740495081874,-4.282628,7.323863,-4.6782703
1740495081878,-4.832696,5.9729347,-7.563283
1740495081883,-4.63278,7.192182,-6.4266357
1740495081888,-4.4861355,7.789535,-4.0438066
1740495081893,-4.5022964,7.902063,-1.882441
1740495081898,-4.5681367,8.474277,-0.6548142
1740495081903,-3.3093853,9.473258,-0.040102877
1740495081908,-1.572392,10.879851,0.8607155
1740495081913,-0.338181,11.953052,2.0973208
1740495081918,0.2621651,12.736554,3.7750576
1740495081923,0.2184709,13.284826,5.66947
1740495081928,0.050278235,13.38658,7.5465236
1740495081933,0.0011971008,13.453618,8.826224
1740495081937,0.18016368,13.260884,9.280524
1740495081943,0.34596214,12.58153,8.953716
1740495081948,0.3238158,11.641806,8.213907
1740495081953,0.0676362,10.58716,7.390302
1740495081958,-0.14963761,9.642049,6.9407907
1740495081962,-0.3609259,9.137471,6.983288
1740495081969,-0.6266823,8.977658,7.5932107
1740495081973,-0.8194155,8.987235,8.492233
1740495081978,-0.89543146,9.170391,9.361927
1740495081982,-0.9056068,9.284714,9.93474
1740495081987,-0.8726865,9.19553,10.0903635
1740495081994,-0.86849666,8.832211,10.09994
1740495082000,-0.84694886,8.258201,10.076596
1740495082002,-0.789488,7.5572977,10.044274
1740495082007,-0.6380547,6.8246717,10.055647
1740495082012,-0.47225627,6.1489086,10.183737
1740495082017,-0.2633622,5.499481,10.392631
1740495082023,-0.17836803,4.871602,10.479421
1740495082027,-0.14664486,4.2036195,10.481216
1740495082032,-0.17357962,3.6565444,10.399215
1740495082036,-0.19093758,3.181894,10.36031
1740495082041,-0.36750996,3.0142999,9.962872
1740495082046,-0.49320555,2.915539,9.345168
1740495082051,-0.3788824,2.690484,8.7053175
1740495082056,-0.26396075,2.3229742,7.9673047
1740495082061,0.089782566,1.685518,7.6943655
1740495082066,0.4770447,0.8559271,8.738237
1740495082071,-0.24001873,0.11971009,9.624691
1740495082076,1.4802152,-2.6449943,12.594099
1740495082081,0.8750807,-3.9324763,14.483724
1740495082087,-0.5315128,-4.4502225,15.279796
1740495082091,-1.738789,-4.565144,15.5671
1740495082096,-2.8455088,-4.0665517,14.775816
1740495082101,-3.606865,-2.15538,13.545197
1740495082106,-2.6994624,-2.178125,12.778453
1740495082111,-1.9069817,-2.8778305,12.228385
1740495082116,-2.5929205,-2.973,12.036849
1740495082120,-3.8133647,-3.1262288,11.753136
1740495082126,-4.341286,-3.857059,11.3407345
1740495082131,-4.120421,-5.0703206,10.828975
1740495082135,-3.8385038,-6.2129536,10.17835
1740495082140,-3.7271736,-7.0724716,9.526528
1740495082146,-3.8935704,-7.554305,9.209895
1740495082150,-4.072537,-7.6201453,9.285313
1740495082155,-4.1695023,-7.145495,9.57142
1740495082160,-4.335301,-6.0890536,9.998785
1740495082165,-4.831499,-4.6100354,11.128848
1740495082170,-5.1301756,-2.9945478,12.319365
1740495082175,-5.470751,-0.1592144,12.020688
1740495082180,-5.0876784,1.7567455,12.03266
1740495082185,-4.744709,3.1890767,11.9853735
1740495082190,-4.7506948,4.3089647,11.717223
1740495082194,-4.4556093,4.545392,11.87943
1740495082200,-4.8177323,4.7483006,11.136629
1740495082204,-5.2887917,4.407127,10.401609
1740495082210,-5.959168,3.9749734,9.590573
1740495082215,-5.9729347,3.3854012,8.762179
1740495082219,-5.527613,2.6755204,7.891887
1740495082224,-4.658518,1.6478093,7.1047935
1740495082230,-3.5685577,0.24959552,6.5008564
1740495082236,-2.9682117,-1.1150994,6.075287
1740495082239,-2.6210523,-2.3942018,5.957971
1740495082244,-2.0201077,-3.8780081,5.7562594
1740495082249,-1.3371617,-5.5527525,5.1379566
1740495082254,-1.1779473,-6.971317,4.1742907
1740495082259,-1.352724,-7.5812397,3.489549
1740495082264,-1.4748282,-7.289147,3.767875
1740495082269,-1.3581109,-6.1285577,4.702811
1740495082273,-1.1647792,-4.3885717,5.8520274
1740495082279,-1.0253168,-2.5067291,7.0221934
1740495082284,-1.1779473,-0.7074866,8.1480665
1740495082289,-1.3838485,0.7356185,9.28232
1740495082294,-1.661576,2.0913353,9.92636
1740495082299,-1.9189527,3.3997664,10.248979
1740495082304,-2.405574,4.507085,10.178948
1740495082308,-2.6342204,5.1361613,9.816826
1740495082313,-2.7204118,5.2678423,8.860941
1740495082318,-2.348712,4.9996915,7.6351094
1740495082323,-1.5682021,4.3448777,6.4188547
1740495082328,-0.6584055,3.6673183,5.1020436
1740495082333,-0.016759412,3.132813,4.120421
1740495082338,0.2896984,2.7832594,3.7259765
1740495082343,-0.01436521,2.9173348,3.6355953
1740495082348,-0.75716627,3.7134068,3.8881836
1740495082353,-1.4359225,4.9266686,4.514866
1740495082358,-1.7615339,6.2434793,5.639542
1740495082364,-1.7160441,7.2634096,7.1047935
1740495082369,-1.3317747,8.312668,8.242638
1740495082373,-0.51834464,9.479243,9.346365
1740495082378,0.5069722,10.239402,10.011354
1740495082383,1.4263457,10.375273,10.523713
1740495082388,1.7848774,9.725247,10.824784
1740495082393,1.3479356,8.083424,10.522516
1740495082398,0.46028528,6.0770826,9.499594
1740495082402,-0.33997664,4.2173862,8.306683
1740495082408,-0.33997664,4.2173862,8.306683
1740495082412,-0.8750807,2.6821043,6.849811
1740495082418,-1.0893618,1.3760674,5.4551888
1740495082422,-1.1001357,0.35673606,4.5860934
1740495082428,-1.1827357,-0.17178397,4.018069
1740495082433,-0.4830302,-0.7092823,4.1198225
1740495082437,-0.039504327,-0.7140707,4.156933
1740495082442,0.5566519,-0.78050977,4.68665
1740495082447,1.1701661,-1.1965023,5.317522
1740495082452,1.7729063,-1.6178818,5.227141
1740495082456,2.3828292,-2.384625,5.283405
1740495082462,2.315193,-2.5683799,5.752668
1740495082467,1.8632874,-2.3014264,6.5044475
1740495082472,1.4143747,-1.6196774,7.567473
1740495082477,0.93134445,-0.83018947,8.8645315
1740495082483,0.5291186,-0.16519992,10.11251
1740495082487,0.12210429,0.30645782,11.113884
1740495082491,0.12868834,0.4177882,11.979388
1740495082496,0.30765492,0.44532153,12.582727
1740495082502,0.29927522,0.5793968,12.922704
1740495082506,-0.025737667,0.6769605,13.04002
1740495082511,-0.33039984,0.5626374,13.108254
1740495082516,-0.48362875,0.28550854,13.052589
1740495082521,-0.3441665,-0.13108255,12.901155
1740495082526,0.035314474,-0.50996494,12.745533
1740495082531,0.30406362,-0.51116204,12.25113
1740495082537,0.062249243,-0.1436521,11.204266
1740495082541,0.09816227,0.040102877,10.116699
1740495082546,0.16819267,0.08678981,8.835203
1740495082551,0.37708676,0.17178397,7.3190746
1740495082556,0.6135142,0.28909984,6.049549
1740495082560,1.0648212,0.29388827,5.263054
1740495082566,1.4969746,-0.1448492,4.8057613
1740495082570,1.650802,-0.62608373,4.373009
1740495082575,2.2182279,-1.3455414,4.3538556
1740495082580,3.0029275,-1.882441,4.659715
1740495082585,3.1262288,-1.6017209,4.6860514
1740495082590,3.1010897,-0.9935937,5.769428
1740495082595,2.9041667,-0.33638534,6.9545574
1740495082600,2.3331497,0.3728969,7.392098
1740495082605,1.8339585,0.59974754,8.13849
1740495082610,1.1180922,0.7098808,8.375516
1740495082614,1.4137762,0.4237737,9.076419
1740495082620,1.2814964,0.2753332,8.918402
1740495082628,1.9375077,-0.12689269,9.332
1740495082630,2.60549,-0.35314476,10.259154
1740495082634,3.116652,-0.32441434,11.273099
1740495082639,2.9963434,0.023343466,11.474811
1740495082645,3.1399956,0.16220717,11.945869
1740495082649,2.8054059,0.50038815,12.101493
1740495082655,2.3181858,0.75237787,11.559206
1740495082659,1.917157,0.88405895,11.088745
1740495082664,1.7723078,1.0223241,10.478823
1740495082669,1.857302,1.5496471,9.467871
1740495082674,1.7741034,2.042254,8.595782
1740495082679,1.7010803,2.319383,8.282741
1740495082684,1.5502456,2.6761189,7.821857
1740495082689,1.3413515,3.0442274,7.5363483
1740495082694,1.1390414,3.2609026,7.428011
1740495082699,1.240795,3.3063924,7.365163
1740495082704,1.4766239,3.1597476,7.1604586
1740495082709,1.0893618,2.8568811,6.962937
1740495082714,0.623091,2.724003,7.079056
1740495082719,-0.4914099,2.6360161,7.4806833
1740495082725,-1.1025299,2.5169046,7.6171527
1740495082729,-1.0295067,2.268506,7.428011
1740495082734,-0.9828198,2.1033063,7.1227503
1740495082739,-0.95109665,2.0530279,6.975507
1740495082744,-0.7170634,2.0817583,7.03177
1740495082748,0.0664391,2.4636335,8.794501
1740495082753,-0.6183026,3.9306808,14.481329
1740495082758,-0.95109665,4.595072,15.057733
1740495082764,-1.423353,4.64116,14.876372
1740495082768,-1.6837224,4.2317514,13.31236
1740495082773,-1.8471266,3.7654808,11.522695
1740495082778,-2.0757728,3.7104142,10.676943
1740495082783,-2.7521348,3.8660371,11.397597
1740495082788,-3.4476504,4.015076,12.052411
1740495082793,-3.882198,3.9558198,11.33056
1740495082798,-4.024653,4.406528,10.495582
1740495082803,-4.143166,4.722563,10.095152
1740495082808,-4.162918,4.8398786,9.559449
1740495082813,-4.120421,4.945224,9.0016
1740495082818,-4.0066967,4.8578353,8.426991
1740495082823,-3.6697125,4.3939586,7.69257
1740495082827,-3.1268275,3.727772,6.807314
1740495082832,-2.5611973,3.0131028,6.023213
1740495082837,-2.1948843,2.544438,5.8717794
1740495082843,-2.0937295,2.4241292,7.347805
1740495082848,-2.368464,2.468422,8.908825
1740495082855,-2.835932,2.2882583,10.796653
1740495082858,-3.4626143,1.8016368,12.299014
1740495082862,-4.022857,1.0043676,13.238738
1740495082867,-4.453215,-0.5117606,12.593501
1740495082872,-5.2444987,-1.5023615,10.108918
1740495082882,-5.2421045,-1.2826935,10.184336
1740495082883,-4.1024647,-0.83497787,11.9374895
1740495082887,-2.8078,-0.50996494,12.665926
1740495082892,-2.3546975,-0.18255788,12.460623
1740495082897,-2.806603,0.43514615,11.676521
1740495082902,-3.6122518,1.1306617,10.697293
1740495082907,-3.8402996,1.2749124,10.059837
1740495082912,-3.4237084,0.9451111,9.733627
1740495082917,-2.6569653,0.5177461,9.3182335
1740495082922,-2.0219033,0.30945057,8.215703
1740495082927,0.5979519,1.292869,3.067571
1740495082931,-1.702876,1.4838065,1.7471687
1740495082936,-1.6525977,2.6222494,0.36870706
1740495082942,-0.19812019,2.9963434,0.060453594
1740495082946,0.25378537,3.6373909,1.0755951
1740495082952,0.037110128,3.7259765,2.9293058
1740495082956,-0.2777274,3.3638535,5.807136
1740495082962,-1.5921441,3.3566709,8.692149
1740495082966,-3.2782607,3.508104,9.67018
1740495082971,-3.606865,3.3141737,10.801441
1740495082976,-3.2399535,2.8568811,11.71004
1740495082981,-2.677316,2.9460652,11.188105
1740495082986,-2.0219033,3.5314474,10.007165
1740495082991,-1.6932992,4.158728,8.595782
1740495082996,-1.614889,4.635773,7.3190746
1740495083000,-1.5251064,4.4915223,6.747459
1740495083006,-1.2443863,3.1998506,7.3645644
1740495083011,-0.5847838,2.0446482,8.570643
1740495083016,0.6428431,1.2521675,9.408015
1740495083021,2.6617537,0.7918822,10.318411
1740495083025,3.6218286,0.37469256,10.113108
1740495083030,3.1741128,0.7505822,9.102157
1740495083037,2.0506337,1.4514848,8.391677
1740495083040,0.6715736,2.4720132,8.305486
1740495083045,-0.088585466,3.7954082,8.170214
1740495083050,0.0796072,4.5274353,8.255806
1740495083054,0.6667852,4.583101,8.585608
1740495083060,0.89064306,4.361038,8.959103
1740495083096,0.830788,4.1162314,8.838794
1740495083096,0.6422446,3.70802,8.116942
1740495083096,0.42437226,3.3303347,7.3897038
1740495083097,0.06464344,2.9245174,7.5082164
1740495083097,-0.032920275,2.5366566,7.8170686
1740495083100,0.09756372,2.2822728,8.224682
1740495083100,0.37948096,2.0141222,8.5538845
1740495083100,0.6913257,1.7166426,8.811859
1740495083111,0.99179804,1.489792,8.921394
1740495083111,1.1587936,1.3024458,8.835203
1740495083114,1.2306197,1.2683283,8.817246
1740495083131,1.043872,1.1605892,8.48146
1740495083131,0.35793316,1.4119805,7.9553337
1740495083132,-0.089184016,2.0099323,7.811083
1740495083142,0.073621705,2.5157075,8.091205
1740495083142,0.18016368,2.77069,8.338406
1740495083144,0.2657564,2.795829,8.383896
1740495083149,0.4225766,2.4899697,8.422203
1740495083153,0.6847417,2.0787656,8.384495
1740495083159,0.8583213,1.7735049,8.455722
1740495083163,1.103727,1.6717514,8.659229
1740495083169,1.1755531,1.702876,8.68796
1740495083174,1.2270284,1.7597382,8.723274
1740495083179,1.3503298,1.7842789,8.89805
1740495083183,1.4873978,1.8483237,9.081805
1740495083188,1.5490485,1.8902222,9.088389
1740495083195,1.5161282,1.9219455,8.959702
1740495083199,1.4227544,1.9626468,8.725668
1740495083203,1.4437037,2.0039468,8.556278
1740495083208,1.5735891,2.0811598,8.432379
1740495083213,1.7082629,2.2343888,8.29531
1740495083218,1.9722236,2.4199393,8.2516165
1740495083223,2.2559366,2.5683799,8.277354
1740495083228,2.4372973,2.64679,8.364742
1740495083238,2.4690206,2.6192567,8.3821
1740495083250,2.44448,2.5151088,8.411429
1740495083252,2.1535845,2.3852234,8.403648
1740495083254,1.7687165,2.2697031,8.3868885
1740495083255,1.4407109,2.183512,8.597578
1740495083258,1.2312182,2.1033063,9.497798
1740495083263,0.99538934,2.1021092,10.171766
1740495083267,0.7164649,2.0560207,10.352529
1740495083273,0.48841715,1.8626889,10.359711
1740495083277,0.3866636,1.6053122,10.301651
1740495083282,0.30226797,1.335366,10.070012
1740495083287,0.22924481,1.1354501,9.974244
1740495083293,0.35434186,1.0971429,9.755774
1740495083297,0.8355764,1.423353,9.540296
1740495083301,1.3455414,2.2170308,9.221867
1740495083310,1.4927847,2.8173769,9.299079
1740495083313,1.2246342,3.4117374,9.234436
1740495083317,0.66618663,3.7469256,8.882488
1740495083322,-0.17657238,3.846285,8.358158
1740495083326,-0.94092125,3.6194344,8.293514
1740495083331,-1.460463,3.2668881,8.823232
1740495083337,-1.3904326,2.867655,8.737639
1740495083341,-1.0007763,2.5372553,8.6017685
1740495083346,-0.41479546,2.3397336,8.915408
1740495083352,0.14724341,2.332551,9.020754
1740495083356,0.6302736,2.5258827,8.963891
1740495083362,1.0097545,2.783858,8.813056
1740495083366,1.2006922,2.9831753,8.4234
1740495083371,1.2036849,3.1962593,7.8984714
1740495083377,1.0414777,3.3626564,7.4082584
1740495083381,0.6919243,3.4039562,6.9970546
1740495083386,0.41060558,3.366846,6.8228765
1740495083392,0.40342298,3.3183637,7.2382703
1740495083396,0.35553896,3.1705215,7.81228
1740495083401,0.46208093,3.0172927,8.329428
1740495083407,0.6362591,2.9753942,8.796297
1740495083411,0.7649474,3.0065188,9.350554
1740495083416,0.8571242,2.801216,10.175357
1740495083421,0.87567925,2.9706059,11.00435
1740495083426,0.8888474,3.2992098,11.40897
1740495083431,1.1007342,3.0382419,11.5316725
1740495083436,1.3910311,3.1711202,11.229404
1740495083441,1.8423382,3.1052797,11.01632
1740495083446,2.3133974,3.0909145,11.171944
1740495083451,2.6964695,3.039439,11.379042
1740495083455,3.0520086,2.8694508,11.446678
1740495083460,3.3093853,2.4714148,11.426328
1740495083465,3.5775359,1.8938135,11.188105
1740495083471,3.8893807,1.3102269,10.794258
1740495083475,4.2371383,0.7392098,10.253767
1740495083480,4.3873744,0.19393034,9.632472
1740495083485,3.7960067,-1.0785879,9.360131
1740495083490,3.6535518,-1.1258733,6.215946
1740495083495,4.6962266,-0.9600749,9.8198185
1740495083499,4.955399,-0.44352585,10.452486
1740495083505,5.1265845,0.27114335,10.460866
1740495083509,5.1930237,0.6907272,10.372879
1740495083515,4.784812,0.80564886,9.905411
1740495083519,4.1599255,0.7589619,9.430161
1740495083524,3.532046,0.7739257,9.343372
1740495083529,3.2225955,0.96905315,9.192537
1740495083534,2.9311013,1.2228385,8.996213
1740495083539,1.8441339,2.815581,8.34918
1740495083544,0.8846575,3.7062242,8.24204
1740495083549,0.47165772,3.6876693,9.096769
1740495083554,0.39564183,3.7457285,9.144653
1740495083559,0.6781576,3.7032316,8.938153
1740495083564,1.0324994,3.514688,8.675988
1740495083569,1.2844892,3.2136173,8.336012
1740495083574,1.436521,2.7180176,7.591415
1740495083579,1.8082209,2.3594859,7.849989
1740495083584,2.2996306,1.8447324,7.929596
1740495083589,2.794632,1.2276269,8.001422
1740495083607,3.4727895,0.51595044,7.964312
1740495083608,4.657321,-0.9451111,8.88608
1740495083608,4.657321,-0.9451111,8.88608
1740495083611,4.320337,-1.4107834,9.813234
1740495083614,3.9073372,-1.62686,10.352529
1740495083619,3.6966474,-1.6430209,10.448297
1740495083624,3.6361938,-1.3634979,10.478224
1740495083629,3.572149,-0.7009025,10.387842
1740495083634,3.3512838,-0.15023616,10.089765
1740495083639,3.232771,0.207697,9.753978
1740495083643,3.2315738,0.4782418,9.284116
1740495083648,3.3051953,0.7314286,8.620323
1740495083653,3.466804,0.90141696,7.855974
1740495083658,3.679888,1.0169371,7.0305734
1740495083663,3.4326868,0.5554548,6.3619924
1740495083668,4.155137,0.682946,4.4382515
1740495083673,4.2850223,1.2198458,4.187459
1740495083679,4.4657845,1.4383167,3.1489737
1740495083683,4.362834,1.8890251,2.801216
1740495083688,4.1653123,2.4199393,3.132813
1740495083693,3.8367083,2.8455088,3.66672
1740495083700,3.4003649,3.0639796,4.2610803
1740495083703,2.9532478,3.1974564,4.909311
1740495083708,2.585738,3.235165,5.543774
1740495083713,2.3660698,3.2315738,6.2345014
1740495083719,2.2337902,3.1824925,7.023391
1740495083723,2.1499932,2.9987376,7.6225395
1740495083728,2.106299,2.8060043,8.052299
1740495083733,2.148796,2.712032,8.359355
1740495083737,2.088941,2.3822308,8.269572
1740495083743,1.8471266,2.083554,8.187572
1740495083748,1.8848352,1.3359646,8.934562
1740495083752,2.2176294,0.79846627,10.032902
1740495083757,2.2014685,0.83378077,8.608353
1740495083762,2.1894975,0.8002619,7.7254906
1740495083767,2.5881321,0.5835867,8.112154
1740495083772,3.083732,0.49320555,9.063849
1740495083777,3.2626984,0.79128367,9.348161
1740495083782,3.1453824,1.0618285,8.379107
1740495083788,3.1106665,1.3335704,8.838196
1740495083793,3.0867245,1.5328877,9.743204
1740495083798,3.2136173,1.1504139,11.068395
1740495083803,2.879626,0.7715315,10.067618
1740495083807,2.8209682,0.56443304,9.317036
1740495083813,3.0083144,0.521936,9.129091
1740495083816,3.098097,0.7625532,9.106945
1740495083821,3.0310593,1.0851719,8.980052
1740495083826,2.7515364,1.4431051,8.768764
1740495083832,2.3529017,1.8656816,8.684967
1740495083837,1.9566613,2.2798786,8.59698
1740495083841,1.7531542,2.5450363,8.549694
1740495083846,1.7340006,2.6318262,8.6095495
1740495083851,1.905186,2.719813,8.796896
1740495083856,2.1625626,2.8161798,9.108741
1740495083862,2.40318,2.9706059,9.575011
1740495083867,2.6312277,3.0597897,9.993997
1740495083871,2.7048495,2.7868507,9.835979
1740495083878,2.7617116,2.2840683,9.455301
1740495083883,2.9173348,1.654992,8.9842415
1740495083886,2.9634233,1.0953473,8.685565
1740495083890,2.8048072,0.96426475,8.741829
1740495083897,2.8048072,0.96426475,8.741829
1740495083900,2.8892028,1.1025299,8.69155
1740495083905,2.6731262,1.3072342,8.338406
1740495083910,2.3169887,1.5185224,7.7147164
1740495083917,2.0177135,1.7932571,7.1688385
1740495083922,1.8417397,2.1853075,6.8773446
1740495083925,1.7441759,3.0573955,7.608773
1740495083930,1.7441759,3.0573955,7.608773
1740495083937,1.8106151,3.4141316,8.313866
1740495083940,1.9446903,3.6110547,9.126099
1740495083945,2.1254525,3.5966895,9.812037
1740495083949,2.3175871,3.3279405,10.226234
1740495083956,2.5079262,2.8736405,10.434529
1740495083960,2.633622,2.3139958,10.543466
1740495083965,2.6791117,1.774702,10.45907
1740495083969,2.618658,1.4544775,10.299257
1740495083975,2.4905684,1.3748703,10.2417965
1740495083979,2.5270798,0.91458505,10.369886
1740495083984,2.4959552,0.6697779,10.183139
1740495083990,2.432509,0.5327099,9.989806
1740495083995,2.291251,0.28491,9.8916445
1740495083999,2.0685902,0.24301147,9.569026
1740495084004,1.982399,0.45070848,9.2907
1740495084008,2.0853498,0.8343793,9.27394
1740495084015,2.2439656,1.3299791,9.423578
1740495084020,2.2780828,1.6484078,9.594764
1740495084024,2.1134815,1.7196354,9.737817
1740495084029,1.8770541,1.7100586,9.750985
1740495084033,1.6478093,1.7226281,9.572019
1740495084038,1.3329718,1.7328035,9.303269
1740495084043,1.0510546,1.7429788,9.0716305
1740495084049,0.80804306,1.8668787,8.971672
1740495084053,0.59017074,2.142212,8.990826
1740495084058,0.3693056,2.3864205,9.209297
1740495084063,0.09696517,2.4289176,9.348161
1740495084068,-0.04189853,2.3110032,9.561244
1740495084073,-0.095169514,2.2080526,10.107721
1740495084077,-0.12988544,2.0512323,10.851121
1740495084082,-0.17477672,1.543063,11.215638
1740495084087,-0.01436521,0.8331822,11.30961
1740495084093,0.29867667,0.21428105,11.415554
1740495084101,0.5398925,-0.13227965,11.283274
1740495084103,0.6805518,-0.25378537,10.969035
1740495084108,1.83336,0.2100912,10.745776
1740495084113,2.1745336,1.1019313,8.668207
1740495084121,3.4584243,2.4025815,5.6748567
1740495084122,4.086902,2.6007016,2.5737667
1740495084127,4.039018,2.0829554,1.3485341
1740495084134,3.714604,1.7429788,3.2423477
1740495084137,3.3913867,1.5682021,6.5385647
1740495084142,2.7898436,1.2419921,8.963293
1740495084147,2.191293,0.741604,10.659584
1740495084152,1.7058687,0.415394,11.818976
1740495084156,1.1917139,0.43155485,12.650363
1740495084162,0.7493851,0.7703344,13.170504
1740495084166,0.46148238,1.246182,13.4183035
1740495084172,0.3196259,1.6729485,13.178884
1740495084176,0.18614918,1.8962077,12.464214
1740495084181,0.12689269,1.8890251,11.506534
1740495084186,0.03232172,1.7543513,10.560823
1740495084191,-0.17956513,1.3443443,9.156625
1740495084196,-0.062249243,1.151611,7.807492
1740495084201,0.21188685,1.1354501,6.459556
1740495084206,0.3728969,1.216853,5.2941785
