1740495073811,-0.04474111,-0.0053263223,-0.00958738
1740495073811,-0.61572284,-0.294013,0.22690132
1740495073813,-0.81705785,-0.37603834,0.40053943
1740495073818,-0.83729786,-0.23222765,0.47297743
1740495073823,-0.78723043,-0.05219796,0.5400891
1740495073828,-0.71585774,0.12144015,0.60080916
1740495073834,-0.6348976,0.28549087,0.64341974
1740495073838,-0.5592638,0.4282363,0.65194184
1740495073844,-0.48682585,0.5400891,0.62104917
1740495073848,-0.40266997,0.63702816,0.56459016
1740495073853,-0.29933932,0.7499462,0.5006743
1740495073859,-0.18429075,0.8905611,0.45699844
1740495073864,-0.07669904,1.0439591,0.44847634
1740495073869,-0.007456851,1.1824435,0.49534798
1740495073873,-0.00958738,1.2729911,0.5784386
1740495073879,-0.18961707,1.0727214,0.58056915
1740495073884,-0.49002165,0.9331717,0.55287224
1740495073887,-0.6679208,0.99495703,0.5795039
1740495073893,-0.8522116,0.97045594,0.5699165
1740495073897,-1.0546118,0.87990844,0.52624065
1740495073903,-1.2389026,0.78936094,0.43249738
1740495073907,-1.3869743,0.7861652,0.25672874
1740495073913,-1.4647386,0.8841695,-0.0127831735
1740495073918,-1.4753913,1.0460896,-0.30253512
1740495073923,-1.4317155,1.2431636,-0.56245965
1740495073927,-1.3241237,1.4860439,-0.77444726
1740495073932,-1.1515509,1.7821875,-0.958738
1740495073937,-0.9416938,2.1560953,-1.1920309
1740495073942,-0.7254451,2.5928538,-1.401888
1740495073947,-0.50813115,3.0637007,-1.5435683
1740495073952,-0.27057716,3.5984633,-1.6064188
1740495073957,-0.007456851,4.152401,-1.6021577
1740495073963,0.27483824,4.6892943,-1.5520903
1740495073966,0.5368933,5.209143,-1.5052186
1740495073972,0.7520767,5.7055564,-1.4849787
1740495073976,0.9139969,6.1487064,-1.5009576
1740495073981,1.015197,6.529006,-1.562743
1740495073986,1.0492855,6.8368673,-1.6820526
1740495073991,1.0077401,7.0914655,-1.8716697
1740495073996,0.88203895,7.3055835,-2.1326594
1740495074002,0.6743124,7.4866786,-2.457565
1740495074007,0.42290998,7.604923,-2.8176246
1740495074011,0.19600865,7.6070533,-3.1819448
1740495074016,-0.013848438,7.492005,-3.5718317
1740495074022,-0.26205507,7.322628,-4.004329
1740495074026,-0.5581986,7.133011,-4.437892
1740495074033,-0.88949585,6.919958,-4.8320394
1740495074036,-1.2389026,6.651511,-5.1548147
1740495074041,-1.5414376,6.291452,-5.393434
1740495074046,-1.7140105,5.8504324,-5.55855
1740495074051,-1.7310548,5.336975,-5.6544237
1740495074056,-1.582983,4.7627974,-5.7332535
1740495074061,-1.2900352,4.149205,-5.8749332
1740495074066,-0.9044095,3.5302863,-6.091182
1740495074072,-0.48363006,2.9667616,-6.34365
1740495074076,-0.082025364,2.5278726,-6.6163573
1740495074081,0.2759035,2.2466428,-6.912501
1740495074085,0.60293967,2.102832,-7.177752
1740495074090,0.8905611,2.0548952,-7.360977
1740495074095,1.1153319,2.0453076,-7.4163713
1740495074101,1.2399678,1.9824572,-7.3364763
1740495074106,1.252751,1.8492991,-7.158577
1740495074110,1.2058793,1.6437031,-6.919958
1740495074115,1.1590078,1.2676647,-6.637663
1740495074120,1.1377025,0.737163,-6.3191485
1740495074125,1.1387677,0.08948222,-5.96122
1740495074130,1.1323761,-0.67963874,-5.6182046
1740495074134,1.1121361,-1.5158713,-5.305017
1740495074140,1.0695255,-2.320146,-5.0173955
1740495074146,1.0120013,-3.0423954,-4.744688
1740495074151,0.9406285,-3.6591835,-4.4698496
1740495074156,0.8873653,-4.189685,-4.189685
1740495074159,0.87990844,-4.595551,-3.9808934
1740495074166,0.8543421,-4.931109,-3.7614489
1740495074172,0.78083885,-5.192099,-3.5654402
1740495074174,0.61891866,-5.2336445,-3.3768883
1740495074180,0.3206446,-5.0355053,-3.0594394
1740495074184,-0.0053263223,-4.801147,-2.7057717
1740495074194,-0.09161274,-4.866128,-2.4469125
1740495074194,0.1587244,-5.031244,-2.2082932
1740495074199,0.44847634,-4.8650627,-1.9089539
1740495074207,0.5997439,-4.4208474,-1.5797871
1740495074209,0.64341974,-3.972371,-1.2783173
1740495074214,0.6135923,-3.597398,-1.0279802
1740495074219,0.5028048,-3.2522523,-0.813862
1740495074224,0.30146983,-2.9209552,-0.63383234
1740495074228,0.015978966,-2.670618,-0.5123922
1740495074236,-0.33768883,-2.4309335,-0.44208476
1740495074240,-0.7222493,-2.1283984,-0.40266997
1740495074243,-1.055677,-1.8066885,-0.3930826
1740495074249,-1.3422332,-1.2591426,-0.34621096
1740495074253,-1.3422332,-1.2591426,-0.34621096
1740495074260,-1.4935007,-0.70627034,-0.2545982
1740495074263,-1.4551512,-0.26205507,-0.18002969
1740495074268,-1.3390374,0.18642128,-0.22050974
1740495074273,-1.2772521,0.6593987,-0.31318775
1740495074278,-1.2974921,1.0929613,-0.42184472
1740495074293,-1.3720607,1.4168017,-0.5581986
1740495074293,-1.4839134,1.6010925,-0.716923
1740495074299,-1.6160061,1.6458336,-0.88203895
1740495074300,-1.7971011,1.582983,-1.0727214
1740495074390,-2.021872,1.4658039,-1.2740563
1740495074390,-2.211489,1.2900352,-1.4604776
1740495074391,-2.368083,1.2367721,-1.6383767
1740495074391,-2.538525,1.3070794,-1.7736653
1740495074391,-2.6738138,1.3859091,-1.8461033
1740495074391,-2.7728834,1.4604776,-1.9142802
1740495074392,-2.8687572,1.6096146,-1.9792614
1740495074392,-2.9039109,1.7960359,-1.9931098
1740495074392,-2.8985846,2.0090888,-1.9750003
1740495074392,-2.9987195,2.3020365,-1.9366508
1740495074392,-3.1276164,2.6035063,-1.8056233
1740495074393,-3.2192292,2.9039109,-1.6202673
1740495074393,-3.2682314,3.141465,-1.406149
1740495074393,-3.2852757,3.2671661,-1.1366372
1740495074393,-3.286341,3.3087113,-0.8277105
1740495074393,-3.2671661,3.3992589,-0.5656554
1740495074394,-3.222425,3.5430696,-0.47297743
1740495074394,-3.1233554,3.613377,-0.5603291
1740495074394,-2.9976542,3.593137,-0.76592517
1740495074397,-2.880475,3.5515916,-0.98856544
1740495074403,-2.7728834,3.4450653,-1.2101405
1740495074414,-2.6599653,3.2277513,-1.4327807
1740495074415,-2.4778051,2.7132285,-1.6064188
1740495074421,-2.2200112,1.9185413,-1.6937705
1740495074423,-2.1092236,1.2815131,-1.7928401
1740495074427,-2.324407,0.76485986,-1.9036276
1740495074431,-2.7345338,0.21518342,-1.8322549
1740495074436,-3.118029,-0.27057716,-1.4775218
1740495074442,-3.468501,-0.6018744,-1.0034791
1740495074445,-3.8253646,-0.7637946,-0.52624065
1740495074451,-4.20886,-0.6135923,-0.08735169
1740495074457,-4.564658,-0.07669904,0.33129725
1740495074460,-4.7063384,0.8543421,0.6498113
1740495074465,-4.667989,2.0548952,0.68816084
1740495074471,-4.5092645,2.9433258,0.6530071
1740495074477,-3.9627838,3.0317426,0.902279
1740495074481,-2.8421257,2.5523736,1.4455639
1740495074486,-1.4604776,1.9206718,2.1731396
1740495074491,-0.47404268,1.2996227,3.0381343
1740495074497,-0.19281286,1.1515509,3.7571878
1740495074502,-0.3888215,1.2506205,3.9851544
1740495074507,-0.79681784,0.9736517,3.8679752
1740495074512,-1.1984226,0.28975195,3.5462654
1740495074517,-1.5616777,-0.17470337,3.0882018
1740495074523,-1.7172064,-0.37710363,2.6620958
1740495074527,-1.5488945,-0.4079963,2.2253375
1740495074532,-1.2559468,-0.30999196,1.9483687
1740495074538,-1.1025487,-0.28229508,2.034655
1740495074542,-1.1739215,-0.44528055,2.347843
1740495074547,-1.1334413,-0.40906155,2.59818
1740495074552,-0.9012137,-0.16618125,2.7643614
1740495074557,-0.64341974,0.07989483,2.7846012
1740495074562,-0.3898868,0.1736381,2.606702
1740495074566,-0.10759171,0.20879184,2.2530344
1740495074572,0.19707392,0.33129725,1.8237327
1740495074578,0.48043427,0.52624065,1.401888
1740495074582,0.721184,0.78723043,0.9821738
1740495074588,0.94488955,1.0695255,0.58696073
1740495074591,1.1941614,1.2154667,0.23755397
1740495074598,1.4689997,1.1536814,-0.08522116
1740495074606,1.7331853,1.0471549,-0.41864893
1740495074607,1.9803267,0.9917612,-0.78083885
1740495074612,2.2221417,1.0961571,-1.1547467
1740495074620,2.4778051,1.4434333,-1.4998924
1740495074621,2.7739487,1.8695391,-1.8152106
1740495074625,3.0903323,2.1273332,-2.0932446
1740495074630,3.42376,2.23599,-2.3222766
1740495074638,3.7316215,2.23599,-2.4788704
1740495074641,3.923369,2.139051,-2.573679
1740495074647,3.9649143,1.9462382,-2.6802053
1740495074649,3.8562574,1.5936357,-2.851713
1740495074657,3.6048548,1.0365024,-3.118029
1740495074661,3.222425,0.2790993,-3.5111117
1740495074666,2.743056,-0.63702816,-4.043744
1740495074722,2.2264028,-1.5840483,-4.691425
1740495074722,1.6820526,-2.5129588,-5.3944993
1740495074722,1.1334413,-3.3587787,-6.0975738
1740495074723,0.27057716,-3.6527917,-5.970807
1740495074723,-0.850081,-3.632552,-5.4158044
1740495074723,-2.1102889,-3.8679752,-4.729774
1740495074724,-2.6333337,-5.458415,-3.5611792
1740495074726,-2.7569044,-6.716492,-2.530003
1740495074726,-2.336125,-8.013985,-1.7598169
1740495074727,-1.6511599,-8.727712,-1.2389026
1740495074728,-0.9331717,-8.474178,-0.958738
1740495074729,-0.7190535,-6.041115,-0.9555422
1740495074729,-0.8042747,-2.2732744,-1.1675298
1740495074740,-0.6380934,-0.19281286,-1.3006879
1740495074740,-0.6593987,1.0641992,-1.417867
1740495074745,-0.777643,1.768339,-1.619202
1740495074755,-0.8223842,2.05383,-1.8301244
1740495074756,-0.7861652,2.0879183,-1.9984361
1740495074769,-0.7222493,2.0122845,-2.1209416
1740495074773,-0.67005134,1.9217371,-2.1997712
1740495074773,-0.63702816,1.8237327,-2.23599
1740495074773,-0.7073356,1.7832527,-2.295645
1740495074777,-0.753142,1.6575515,-2.343582
1740495074782,-0.7669904,1.663943,-2.3297334
1740495074787,-0.7957525,1.808819,-2.2690134
1740495074792,-0.7616641,1.8439728,-2.1976407
1740495074796,-0.6785734,1.7097495,-2.150769
1740495074802,-0.60933125,1.5254587,-2.1241374
1740495074806,-0.54648066,1.3965617,-2.1007016
1740495074811,-0.49641323,1.2687299,-2.0634172
1740495074817,-0.45060685,1.1323761,-2.0090888
1740495074821,-0.3898868,1.0088054,-1.9409119
1740495074826,-0.3291667,0.8745821,-1.8663434
1740495074834,-0.14807177,0.5933523,-1.6426378
1740495074837,-0.14807177,0.5933523,-1.6426378
1740495074843,-0.014913702,0.45593318,-1.4753913
1740495074847,0.16831179,0.31957933,-1.2644689
1740495074851,0.36005938,0.25566345,-1.0471549
1740495074856,0.5187838,0.24714136,-0.84581995
1740495074861,0.6125271,0.30679616,-0.68389976
1740495074866,0.67324716,0.42290998,-0.5635249
1740495074871,0.737163,0.5581986,-0.47617322
1740495074880,0.8213189,0.69348717,-0.40053943
1740495074881,0.9321064,0.81918836,-0.32597092
1740495074889,1.063134,0.95128113,-0.25353295
1740495074892,1.1941614,1.1142666,-0.17576863
1740495074895,1.3017532,1.3273195,-0.09161274
1740495074901,1.401888,1.5542208,0.004261058
1740495074905,1.5137408,1.7630126,0.10759171
1740495074911,1.6373115,1.9398465,0.21518342
1740495074915,1.7704695,2.05383,0.30999196
1740495074920,1.8961707,2.1049626,0.39947417
1740495074925,1.965413,2.086853,0.48363006
1740495074930,1.9792614,1.9952403,0.56672066
1740495074935,1.929194,1.8333201,0.64768076
1740495074940,1.8077538,1.6085494,0.716923
1740495074945,1.6309199,1.5201324,0.7819041
1740495074950,1.4466292,2.0154803,0.87032104
1740495074955,1.2559468,2.5811357,1.0322412
1740495074960,1.1142666,2.6248116,1.293231
1740495074965,0.9800433,2.3755398,1.6000272
1740495074975,0.72011876,1.8631475,2.1720743
1740495074975,0.72011876,1.8631475,2.1720743
1740495074975,0.72011876,1.8631475,2.1720743
1740495074981,0.6668556,1.4796523,2.336125
1740495074984,0.6870956,1.0482203,2.4650218
1740495074991,0.7957525,0.62531024,2.5651567
1740495074994,0.98430437,0.1949434,2.630138
1740495075000,1.2325109,-0.2428803,2.6567695
1740495075005,1.5286545,-0.61572284,2.654639
1740495075010,1.8631475,-0.8564726,2.646117
1740495075015,2.2178805,-0.9438243,2.6738138
1740495075020,2.5353293,-0.87351686,2.7739487
1740495075024,2.6908581,-0.700944,2.9667616
1740495075030,2.6130936,-0.5795039,3.2213597
1740495075035,2.320146,-0.5816344,3.487676
1740495075040,1.8599517,-0.76059884,3.701794
1740495075044,1.2634037,-1.0780476,3.8072553
1740495075049,0.56459016,-1.284709,3.8221688
1740495075055,-0.14061491,-1.3731259,3.778493
1740495075060,-0.7755125,-1.3358417,3.685815
1740495075065,-1.2602079,-0.92038846,3.5483959
1740495075071,-1.5393071,-0.10333065,3.3641052
1740495075074,-1.5744609,0.8948221,3.1425302
1740495075079,-1.4242586,1.9611518,2.8730183
1740495075085,-1.180313,2.9997847,2.5577
1740495075090,-0.9054748,3.8690405,2.251969
1740495075094,-0.644485,4.470915,1.9931098
1740495075099,-0.43782368,4.7585363,1.7939054
1740495075103,-0.29507825,4.740427,1.6309199
1740495075109,-0.19281286,4.5572014,1.4796523
1740495075113,-0.11824436,4.3164515,1.3166668
1740495075118,-0.002130529,4.020308,1.1387677
1740495075123,0.18429075,3.6485307,0.9534117
1740495075128,0.42077947,3.1957934,0.7819041
1740495075134,0.65194184,2.7132285,0.6359629
1740495075138,0.813862,2.2370553,0.49534798
1740495075144,0.8831042,1.8152106,0.3472762
1740495075152,0.8788432,1.5009576,0.19600865
1740495075153,0.8362326,1.2921658,0.054328486
1740495075158,0.7765778,1.144094,-0.07456851
1740495075163,0.71479243,1.0205233,-0.1949434
1740495075168,0.65726817,0.89162636,-0.30679616
1740495075173,0.5997439,0.7584683,-0.40053943
1740495075179,0.5571333,0.62104917,-0.48469532
1740495075182,0.53795856,0.49321744,-0.5550028
1740495075187,0.55287224,0.3568636,-0.59867865
1740495075193,0.6061355,0.14913702,-0.60293967
1740495075197,0.6892261,-0.165116,-0.56459016
1740495075202,0.79681784,-0.54435015,-0.4825648
1740495075208,0.9289106,-0.93849796,-0.38029942
1740495075214,1.0546118,-1.3006879,-0.26418558
1740495075217,1.144094,-1.5936357,-0.128897
1740495075222,1.1877699,-1.816276,0.007456851
1740495075228,1.1941614,-1.9750003,0.13315806
1740495075232,1.1749867,-2.0293288,0.24607609
1740495075237,1.1302456,-1.9409119,0.35260254
1740495075241,1.0492855,-1.7417074,0.4495416
1740495075247,0.9310411,-1.478587,0.5305017
1740495075253,0.77444726,-1.1728562,0.5933523
1740495075257,0.59122175,-0.85327685,0.63915867
1740495075261,0.38242993,-0.5496765,0.6679208
1740495075266,0.13102753,-0.28868666,0.67324716
1740495075271,-0.1949434,-0.07669904,0.6423545
1740495075276,-0.58056915,0.036218993,0.5656554
1740495075281,-0.9054748,-0.06498113,0.4676511
1740495075286,-1.055677,-0.3121225,0.38136467
1740495075291,-1.0375676,-0.5294364,0.30360037
1740495075296,-0.9086706,-0.68389976,0.20985709
1740495075301,-0.73290193,-0.8085357,0.094808534
1740495075306,-0.5603291,-0.92464954,-0.023435818
1740495075311,-0.4111921,-0.99495703,-0.1438107
1740495075318,-0.28655612,-0.96406436,-0.2727077
1740495075320,-0.16831179,-0.8426242,-0.41225734
1740495075326,-0.05219796,-0.66365975,-0.5539375
1740495075331,0.05006743,-0.46019423,-0.6785734
1740495075336,0.13102753,-0.26738137,-0.777643
1740495075341,0.20133498,-0.096939065,-0.8564726
1740495075346,0.26525086,0.035153728,-0.9235843
1740495075350,0.31957933,0.13422333,-0.97258645
1740495075356,0.36325517,0.21092236,-1.0120013
1740495075360,0.39840892,0.29827404,-1.0439591
1740495075367,0.42397526,0.43036684,-1.0812434
1740495075371,0.42717105,0.61678815,-1.1227888
1740495075376,0.38029942,0.8309063,-1.1622036
1740495075382,0.3110572,1.051416,-1.1930962
1740495075386,0.22796659,1.2687299,-1.2197278
1740495075391,0.17044231,1.4327807,-1.2452941
1740495075395,1.5584819,-0.94275904,-1.091896
1740495075400,2.7079022,-3.0178943,-0.98856544
1740495075406,3.0391996,-4.230165,-0.91825795
1740495075410,2.492719,-3.9244342,-1.0396981
1740495075414,1.6671388,-4.8810415,-1.2080098
1740495075420,0.57311225,-6.787865,-1.639442
1740495075425,0.2727077,-5.462676,-1.8695391
1740495075429,0.43888897,-3.6591835,-1.9632823
1740495075460,0.57417756,-2.7366643,-2.0506341
1740495075461,0.51984906,-1.067395,-2.0655477
1740495075461,0.23009712,-0.46871635,-1.9973708
1740495075461,-0.25246766,-0.16618125,-1.8546255
1740495075461,-0.9214538,-0.05006743,-1.6053536
1740495075461,-1.7054884,-0.753142,-1.3475596
1740495075464,-2.4181504,-1.4221281,-1.1526161
1740495075516,-2.9997847,-3.033873,-0.2790993
1740495075516,-2.9997847,-3.033873,-0.2790993
1740495075516,-2.9997847,-3.033873,-0.2790993
1740495075517,-2.9997847,-3.033873,-0.2790993
1740495075517,-2.9997847,-3.033873,-0.2790993
1740495075517,-2.9997847,-3.033873,-0.2790993
1740495075517,-2.9997847,-3.033873,-0.2790993
1740495075518,-2.9997847,-3.033873,-0.2790993
1740495075518,-2.9997847,-3.033873,-0.2790993
1740495075519,-2.57794,-3.2330775,-0.07669904
1740495075523,-2.1007016,-3.170227,0.084155895
1740495075529,-1.6415725,-2.7675571,0.20026971
1740495075533,-1.2112057,-2.1848574,0.2695119
1740495075539,-0.84155893,-1.3337111,0.31638354
1740495075543,-0.4857606,0.69668293,0.47723848
1740495075549,-0.39840892,4.077832,0.7616641
1740495075553,-0.624245,7.7231674,1.1941614
1740495075558,-0.69774824,9.767409,1.6564863
1740495075563,-0.69774824,9.767409,1.6564863
1740495075569,-0.51984906,9.991116,2.1646173
1740495075573,-0.32170987,9.093098,2.7824707
1740495075578,-0.27696875,7.535681,3.4173684
1740495075583,-0.2790993,5.3859773,3.9361522
1740495075588,-0.330232,2.766492,4.2429485
1740495075593,-0.51665324,0.17896444,4.3036685
1740495075600,-0.7797736,-1.8482338,4.1950116
1740495075603,-1.0205233,-3.1467912,3.9617186
1740495075608,-1.1675298,-3.850931,3.6677055
1740495075612,-1.212271,-4.1193776,3.3481262
1740495075617,-1.2335763,-4.077832,3.0679617
1740495075625,-1.3038837,-3.8498657,2.8218856
1740495075627,-1.401888,-3.5910065,2.6493127
1740495075633,-1.5180018,-3.3300166,2.5513084
1740495075637,-1.6415725,-3.0903323,2.51722
1740495075642,-1.7630126,-2.880475,2.5363946
1740495075657,-1.8716697,-2.654639,2.5875273
1740495075657,-1.9419771,-2.3467777,2.63866
1740495075658,-1.9899141,-1.9451729,2.6397252
1740495075675,-2.0229373,-1.5606124,2.5577
1740495075675,-1.9558256,-1.3646038,2.4319987
1740495075676,-1.7662084,-1.3379722,2.3052323
1740495075676,-1.4562165,-1.3571469,2.1901836
1740495075687,-1.0343717,-1.406149,2.1017668
1740495075687,-0.5773733,-1.4753913,2.0836573
1740495075693,-0.11717909,-1.510545,2.1443772
1740495075696,0.43782368,-1.514806,2.283927
1740495075701,1.1217234,-1.3539511,2.5076325
1740495075732,1.845038,-0.93849796,2.8165593
1740495075732,2.466087,-0.37390783,3.2053807
1740495075732,2.9593046,0.20453078,3.564375
1740495075732,3.3502567,0.664725,3.8019288
1740495075732,3.6581182,0.90654004,3.9254994
1740495075733,3.8967373,0.9502159,3.9968722
1740495075736,4.0788975,0.94808537,4.060788
1740495075741,4.2237735,1.0162623,4.112986
1740495075746,4.326039,1.1824435,4.1321607
1740495075755,4.378237,1.4317155,4.112986
1740495075756,4.3718452,1.6873789,4.065049
1740495075761,4.26958,1.7875137,3.9787626
1740495075767,3.9531963,1.6085494,3.7657099
1740495075771,3.2011197,0.9651296,3.2437303
1740495075776,1.9963056,-0.38456047,2.3414512
1740495075781,0.41971418,-2.5481126,1.1526161
1740495075787,-1.2729911,-5.5894427,-0.13422333
1740495075790,-0.017044231,-14.661235,0.27483824
1740495075796,-0.29294774,-18.22987,0.61678815
1740495075801,0.94595486,-16.85781,1.6745957
1740495075806,3.7966025,-14.446052,4.2951465
1740495075811,6.791061,-8.708537,7.9021316
1740495075816,8.010789,-3.0562437,9.456352
1740495075821,7.5782914,-0.8021441,8.856608
1740495075826,6.0198092,0.0063915867,6.916762
1740495075832,5.0131345,1.3337111,4.436826
1740495075836,4.334561,1.865278,2.2871227
1740495075842,3.8083205,2.1411815,0.85327685
1740495075847,3.4631748,2.5150893,0.1949434
1740495075852,3.2533176,3.118029,0.07350325
1740495075857,2.8730183,4.173706,0.20240025
1740495075863,1.6777915,5.8514977,0.2609898
1740495075866,-0.25672874,7.539942,0.2130529
1740495075872,-1.7470337,8.507202,0.23329292
1740495075877,-2.4074976,8.606272,0.36112466
1740495075881,-2.4319987,7.4643083,0.5454154
1740495075887,-1.9813919,5.301821,0.7190535
1740495075891,-1.196292,3.0786142,0.86606
1740495075896,-0.11824436,1.8141453,0.9757822
1740495075901,0.9470201,1.0652645,0.9257148
1740495075907,1.9664782,0.8607337,0.72651035
1740495075917,2.8826056,1.0056096,0.39521313
1740495075917,3.625095,1.365669,-0.0031957934
1740495075921,4.182228,1.8365159,-0.37390783
1740495075926,4.563593,2.3180156,-0.69135666
1740495075931,4.802212,2.706837,-0.93423694
1740495075936,4.9470882,2.9454563,-1.0972224
1740495075941,4.970524,2.9891322,-1.1611383
1740495075946,4.849084,2.7377295,-1.1504856
1740495075951,4.6104646,2.4298682,-1.099353
1740495075956,4.3153863,2.1145499,-1.0279802
1740495075961,3.939348,1.7811222,-0.94808537
1740495075966,3.4770231,1.4508902,-0.8692558
1740495075977,2.915629,1.0887003,-0.8085357
1740495075978,2.2615564,0.6785734,-0.78723043
1740495075979,1.5446335,0.2034655,-0.829841
1740495075986,0.8032094,-0.25033715,-0.9438243
1740495075991,0.05965481,-0.5816344,-1.1217234
1740495075996,-0.700944,-0.7318367,-1.3837786
1740495075999,-1.4104102,-0.7286409,-1.7512947
1740495076006,-2.086853,0.066046394,-2.2381206
1740495076010,-2.6908581,1.603223,-2.7419908
1740495076015,-3.1084416,3.0402648,-3.2117724
1740495076020,-3.3694315,3.5441349,-3.5835497
1740495076025,-3.4930022,3.0882018,-3.7880805
1740495076060,-3.520699,2.0516994,-3.7646446
1740495076063,-2.6035063,-2.2370553,-1.7779263
1740495076064,-2.6035063,-2.2370553,-1.7779263
1740495076065,-2.6035063,-2.2370553,-1.7779263
1740495076067,-2.6035063,-2.2370553,-1.7779263
1740495076068,-2.0762005,-2.6770096,-1.1153319
1740495076069,-1.6618125,-2.5044367,-0.55074173
1740495076072,-1.2058793,-1.9483687,-0.12676647
1740495076073,-0.6295713,-1.180313,0.165116
1740495076074,0.054328486,-0.26631612,0.35792887
1740495076084,0.7052051,0.6178534,0.48363006
1740495076085,1.1771172,1.2175972,0.5763081
1740495076087,1.4029533,1.5808525,0.6348976
1740495076097,1.4871092,1.8120148,0.64768076
1740495076098,1.567004,1.824798,0.6412892
1740495076103,1.6575515,1.587244,0.624245
1740495076111,1.6820526,1.4966966,0.5123922
1740495076112,1.8524948,1.6586168,0.33129725
1740495076117,2.0133498,1.160073,0.2908172
1740495076123,2.0208068,0.42077947,0.5592638
1740495076127,2.0474384,-0.96086854,1.3667343
1740495076133,1.8034927,-3.1318774,2.663161
1740495076137,0.9108011,-5.042962,4.181163
1740495076142,-0.18748654,-5.119661,5.6693373
1740495076147,-0.6466155,-3.8690405,6.957242
1740495076152,-0.87990844,-2.2338595,7.95646
1740495076157,-1.4892397,-1.3187973,8.473113
1740495076162,-2.2690134,-0.8948221,8.281366
1740495076167,-2.9944584,-0.30786142,6.8453894
1740495076172,-3.4748926,0.0958738,4.189685
1740495076177,-3.713512,0.34301516,1.3507553
1740495076182,-3.7689056,0.56459016,-0.78723043
1740495076186,-3.6005938,0.8586032,-2.1007016
1740495076192,-3.3864758,1.2186625,-2.7238812
1740495076196,-3.3364084,1.6223978,-2.8549087
1740495076201,-3.197924,2.0229373,-2.6887274
1740495076206,-2.9976542,2.376605,-2.347843
1740495076211,-2.7526433,2.7174897,-1.969674
1740495076218,-2.4650218,3.0019152,-1.6426378
1740495076220,-2.1997712,3.149987,-1.3986923
1740495076226,-1.9984361,3.069027,-1.2399678
1740495076231,-1.8855181,2.7686224,-1.1494204
1740495076236,-1.8674086,2.3457124,-1.1014835
1740495076241,-1.865278,1.7512947,-1.1068097
1740495076246,-1.6735305,0.6689861,-1.212271
1740495076251,-1.2719258,-1.063134,-1.3795174
1740495076256,-0.7552725,-2.2285333,-1.5243934
1740495076262,-0.060720075,-1.6564863,-1.6405072
1740495076266,0.6114618,-0.08628642,-1.695901
1740495076271,1.0215886,1.5126755,-1.7832527
1740495076276,1.0695255,2.646117,-1.8109496
1740495076281,0.69668293,3.3257556,-1.9217371
1740495076286,0.06924219,3.536678,-2.049569
1740495076291,-0.43569317,3.4589138,-2.146508
1740495076296,-0.7957525,3.2000544,-2.1369205
1740495076301,-1.0365024,2.7569044,-2.0080235
1740495076306,-1.1675298,2.0527647,-1.7544906
1740495076311,-1.1856394,1.1792477,-1.3784522
1740495076315,-1.2879047,-0.03834952,-0.87138635
1740495076321,-1.3667343,-1.2452941,-0.2908172
1740495076325,-1.4221281,-2.0815268,0.23861924
1740495076331,-1.4391723,-2.4650218,0.6487461
1740495076335,-1.4349113,-2.4106934,0.9438243
1740495076340,-1.3273195,-2.1230721,1.1121361
1740495076345,-1.0535465,-1.6064188,1.2026836
1740495076351,-0.8426242,-1.3177321,1.2804478
1740495076355,-1.3060142,-1.1014835,1.2538162
1740495076361,-2.5129588,-0.8064052,0.95447695
1740495076365,-3.6602488,-0.6061355,0.5113269
1740495076370,-4.515656,-0.7052051,0.16405073
1740495076375,-5.099421,-1.0396981,-0.00958738
1740495076380,-5.354019,-1.5680692,-0.02130529
1740495076385,-5.4072824,-2.0176108,0.09054748
1740495076390,-5.389173,-2.2764702,0.30360037
1740495076398,-5.265602,-2.3734093,0.6625945
1740495076399,-5.0088735,-2.2594259,1.1419635
1740495076405,-4.6136603,-2.111354,1.7129452
1740495076410,-4.2024684,-2.111354,2.3180156
1740495076414,-3.6996634,-1.965413,2.9603698
1740495076419,-3.0903323,-1.7086842,3.5910065
1740495076424,-2.441586,-1.5723304,4.108725
1740495076430,-1.7374463,-1.6085494,4.5060687
1740495076434,-0.9672601,-1.8290591,4.8075385
1740495076439,-0.07456851,-2.1315942,4.985438
1740495076444,0.90973586,-2.444782,5.0301785
1740495076449,1.8695391,-2.6865969,4.9651976
1740495076454,2.735599,-2.8442562,4.8203216
1740495076459,3.516438,-3.0104373,4.604073
1740495076464,4.1800976,-3.1734228,4.331365
1740495076469,4.77345,-3.4503915,4.016047
1740495076473,5.3348446,-3.935087,3.625095
1740495076478,5.848302,-4.6275086,3.069027
1740495076483,6.2190137,-4.927913,2.3883228
1740495076488,5.9026303,-4.0757017,0.99282646
1740495076493,5.152684,-3.3971283,-1.8397117
1740495076498,4.181163,-2.9710226,-4.8554754
1740495076503,3.0551784,-2.8740835,-5.1377707
1740495076508,2.2700787,-2.6620958,-3.4716969
1740495076513,1.8429075,-1.619202,-1.4487597
1740495076518,1.5318503,-0.45699844,0.30466563
1740495076522,1.2239889,0.3749731,1.5478293
1740495076528,0.96939063,1.0034791,2.3318639
1740495076533,0.8032094,1.4807175,2.755839
1740495076537,0.68176925,1.8620822,2.8996499
1740495076542,0.56885123,2.1582258,2.8453214
1740495076548,0.47723848,2.340386,2.683401
1740495076552,0.4314321,2.412824,2.5033715
1740495076557,0.43782368,2.31695,2.3350596
1740495076562,0.48043427,2.098571,2.163552
1740495076567,0.5230448,1.7129452,1.9686087
1740495076574,0.5581986,1.0215886,1.7768611
1740495076577,0.49960902,-0.386691,1.6223978
1740495076582,0.49002165,-1.4721955,1.5009576
1740495076587,0.7755125,-1.7875137,1.3475596
1740495076592,1.3134711,-1.474326,1.1217234
1740495076597,1.9483687,-0.59761333,0.8223842
1740495076602,2.6375947,0.28229508,0.5294364
1740495076607,3.3310819,0.8926916,0.31638354
1740495076612,3.9585228,1.4072144,0.19068234
1740495076617,4.524178,2.078331,0.12144015
1740495076622,5.0099387,2.6599653,0.0777643
1740495076627,5.3795853,2.896454,0.053263225
1740495076631,5.603291,3.02109,0.0628506
1740495076636,5.7236657,3.1563785,0.09054748
1740495076641,5.816344,3.2937977,0.128897
1740495076646,5.9345884,3.4823494,0.17576863
1740495076651,6.0123525,3.5633097,0.21518342
1740495076656,5.9953084,3.3907368,0.25566345
1740495076662,5.9271317,3.1393344,0.30253512
1740495076666,5.8600197,2.8091023,0.36218992
1740495076671,5.877064,2.4501083,0.45167214
1740495076676,6.0762687,2.2327943,0.5613944
1740495076681,6.4022393,2.086853,0.6625945
1740495076686,6.686665,1.8429075,0.7307714
1740495076691,6.856042,1.3997575,0.72970617
1740495076696,6.774017,0.94595486,0.6402239
1740495076701,6.4267406,0.56459016,0.45912898
1740495076706,5.83978,0.44528055,0.25885928
1740495076712,5.03444,0.61572284,0.082025364
1740495076716,4.173706,0.81705785,-0.05006743
1740495076721,3.3332124,1.0162623,-0.14061491
1740495076726,2.5630262,1.1899004,-0.19707392
1740495076731,1.8961707,1.3006879,-0.24074976
1740495076735,1.3475596,1.320928,-0.26738137
1740495076741,0.89801794,1.2836437,-0.2727077
1740495076746,0.5091964,1.1984226,-0.26418558
1740495076752,0.1438107,1.015197,-0.2514024
1740495076755,-0.24181503,0.6679208,-0.23009712
1740495076761,-0.67963874,0.15765914,-0.18535602
1740495076765,-1.0567423,-0.52411014,-0.13422333
1740495076770,-1.4168017,-1.1558119,-0.051132694
1740495076775,-1.8354506,-1.695901,0.10652645
1740495076780,-2.1166804,-2.3233418,0.28868666
1740495076785,-2.457565,-2.828277,0.51452273
1740495076790,-2.6589,-3.1691618,0.8202536
1740495076795,-2.8101676,-3.186206,1.2314457
1740495076800,-2.9028456,-2.8794098,1.627724
1740495076805,-2.8005803,-2.7302728,1.3709954
1740495076811,-2.5545042,-2.5768747,-0.7616641
1740495076815,-2.283927,-2.6961844,-4.036287
1740495076820,-1.7598169,-3.0828753,-6.703709
1740495076825,-0.9736517,-2.8826056,-7.628359
1740495076830,-0.29507825,-1.9760655,-6.931676
1740495076834,0.45486793,-0.81066626,-5.3795853
1740495076840,0.99708754,0.25992453,-3.7806234
1740495076845,1.2708606,1.4572818,-2.67914
1740495076849,1.3390374,2.380866,-2.1411815
1740495076854,1.2793826,2.747317,-1.8887138
1740495076860,1.1611383,2.7100327,-1.7299895
1740495076864,1.1611383,2.7100327,-1.7299895
1740495076869,1.0247844,2.4256072,-1.6447684
1740495076874,0.84155893,1.901497,-1.6415725
1740495076879,0.6061355,1.220793,-1.7140105
1740495076884,0.36325517,0.47404268,-1.8375812
1740495076889,0.10972224,-0.27483824,-1.9867182
1740495076893,-0.17044231,-0.99495703,-2.1379857
1740495076898,-0.48469532,-1.6852484,-2.275405
1740495076904,-0.84581995,-2.3137543,-2.3776703
1740495076908,-1.2293152,-2.7846012,-2.4298682
1740495076913,-1.582983,-2.9859362,-2.4213462
1740495076918,-1.8354506,-2.8730183,-2.3297334
1740495076923,-1.9707392,-2.5193505,-2.1955101
1740495076929,-1.9877834,-2.0421119,-2.0421119
1740495076932,-1.8865833,-1.5126755,-1.9345202
1740495076938,-1.6490294,-0.95234644,-1.8865833
1740495076943,-1.3475596,-0.43888897,-1.9078887
1740495076948,-1.0972224,-0.07243799,-2.0037625
1740495076953,-1.0833739,0.17470337,-2.202967
1740495076958,-1.4881744,0.40586576,-2.5108283
1740495076963,-2.0655477,0.50813115,-2.8698225
1740495076967,-2.666357,0.40266997,-3.1531827
1740495076972,-3.3182988,0.13102753,-3.3012545
1740495076977,-3.8477352,-0.22796659,-3.2096417
1740495076982,-4.1108556,-0.608266,-2.9028456
1740495076987,-4.2120557,-0.8564726,-2.5108283
1740495076992,-3.9691753,-0.87351686,-2.0133498
1740495076997,-3.2415998,-0.922519,-1.587244
1740495077002,-2.469283,-1.0343717,-1.257012
1740495077007,-1.7459685,-0.9715212,-0.89588743
1740495077012,-1.1941614,-0.81705785,-0.49747851
1740495077017,-0.89375687,-0.7840346,-0.080960095
1740495077022,-0.91825795,-0.65194184,0.33449304
1740495077027,-1.1323761,0.027696876,0.6380934
1740495077032,-1.3411679,0.84368944,0.8117315
1740495077037,-1.7576864,0.9012137,0.9779128
1740495077042,-2.2572954,0.8245147,1.1302456
1740495077046,-2.7579696,0.8404937,1.293231
1740495077052,-3.1531827,0.65726817,1.4807175
1740495077056,-3.5057852,0.33129725,1.6437031
1740495077062,-4.000068,-0.18002969,1.7694043
1740495077066,-4.572115,-0.7307714,1.8706044
1740495077071,-5.028048,-1.2644689,1.9558256
1740495077076,-5.340171,-1.659682,2.0282636
1740495077081,-5.5138087,-1.8780613,2.1102889
1740495077086,-5.542571,-2.066613,2.2125542
1740495077091,-5.2336445,-2.010154,2.4319987
1740495077096,-4.581702,-1.9686087,2.8911278
1740495077101,-3.730556,-2.0431771,3.536678
1740495077107,-2.8421257,-2.1880531,4.2024684
1740495077112,-2.0090888,-2.3116238,4.6466837
1740495077116,-1.2325109,-2.3212113,4.8075385
1740495077121,-0.5113269,-2.1688783,4.7542753
1740495077126,0.13528858,-1.917476,4.5838327
1740495077131,0.7126619,-1.6905746,4.340953
1740495077136,1.2452941,-1.4391723,4.0394826
1740495077141,1.8034927,-1.2154667,3.629356
1740495077146,2.3734093,-1.0727214,3.0349383
1740495077151,3.009372,-1.2548815,2.2050974
1740495077156,3.6144423,-1.5350461,1.1217234
1740495077162,4.02883,-1.7395768,-0.7105314
1740495077165,3.9340217,-1.8461033,-3.9585228
1740495077171,3.242665,-1.5712651,-6.1124873
1740495077175,2.7366643,-1.627724,-5.8387146
1740495077181,2.7174897,-1.7789917,-4.1396174
1740495077185,2.83893,-1.3518206,-2.1156151
1740495077191,2.8261466,-0.5954828,-0.51026165
1740495077195,2.7601001,0.1257012,0.47191215
1740495077201,2.610963,0.97258645,0.9534117
1740495077205,2.441586,1.7896442,1.2144015
1740495077215,2.3020365,2.509763,1.3603427
1740495077216,2.2434468,3.0477216,1.4253238
1740495077221,2.2487733,3.400324,1.4359765
1740495077225,2.2572954,3.5398738,1.3891048
1740495077230,2.2008364,3.1531827,1.2708606
1740495077235,1.9952403,1.6618125,1.0844392
1740495077240,1.5925703,-0.29294774,0.9086706
1740495077245,1.2112057,-1.2591426,0.7850999
1740495077311,1.2474247,-1.9078887,0.73822826
1740495077312,1.3358417,-2.7643614,0.6924219
1740495077312,1.5137408,-3.3001893,0.608266
1740495077312,1.75236,-3.2799492,0.47617322
1740495077312,1.9995013,-2.718555,0.35153726
1740495077312,2.198706,-1.917476,0.26631612
1740495077313,2.3744745,-1.1749867,0.21731395
1740495077313,2.4937842,-0.7307714,0.16192019
1740495077313,2.641856,-0.3291667,0.12250541
1740495077313,2.7654266,0.083090626,0.09374327
1740495077314,2.8698225,0.43249738,0.06924219
1740495077314,2.9507825,0.7584683,0.036218993
1740495077314,3.0306773,0.95660746,-0.035153728
1740495077314,3.0903323,1.0578076,-0.1107875
1740495077317,3.1574438,1.1387677,-0.24927188
1740495077322,3.226686,1.2793826,-0.43888897
1740495077327,3.3832798,1.8013622,-0.6689861
1740495077332,3.5153728,2.7196202,-1.0066749
1740495077337,3.5143075,3.491937,-1.3635385
1740495077342,3.516438,3.830691,-1.6437031
1740495077346,3.5068505,3.4972632,-1.8588865
1740495077351,3.3534524,2.7174897,-2.0154803
1740495077357,3.0956585,1.7747306,-2.171009
1740495077362,2.8250813,0.7755125,-2.3212113
1740495077366,2.5917885,-0.0479369,-2.4426515
1740495077371,2.3265376,-0.43782368,-2.5182853
1740495077376,2.018676,-0.46658584,-2.5555694
1740495077381,1.7971011,-0.40266997,-2.549178
1740495077386,1.5233282,-0.39627838,-2.4916537
1740495077391,1.1334413,-0.31318775,-2.3798008
1740495077396,0.72651035,-0.3472762,-2.2008364
1740495077401,0.3206446,-0.47404268,-1.969674
1740495077406,-0.04474111,-0.64341974,-1.7097495
1740495077411,-0.32384038,-0.83942837,-1.4466292
1740495077416,-0.5209143,-0.9086706,-1.200553
1740495077420,-0.6498113,-0.9321064,-0.9853696
1740495077425,-0.74461985,-0.98430437,-0.7701862
1740495077430,-0.8341021,-1.2218584,-0.5400891
1740495077435,-0.94595486,-1.5936357,-0.2908172
1740495077440,-1.0546118,-1.7033578,-0.011717909
1740495077445,-1.051416,-1.1696603,0.89588743
1740495077451,-0.87777793,0.3930826,3.5558527
1740495077455,-0.664725,2.3180156,6.8496504
1740495077461,-0.54648066,3.625095,9.102685
1740495077465,-0.34194988,3.6474655,9.321064
1740495077470,0.46339005,2.2391858,7.3971963
1740495077475,1.4434333,1.2133362,4.3484097
1740495077480,2.3297334,0.4133226,1.506284
1740495077485,3.0434606,0.08628642,-0.6125271
1740495077490,3.4844801,0.03834952,-1.9835224
1740495077495,3.5995286,-0.084155895,-2.7089674
1740495077500,3.5015242,-0.24820662,-2.932673
1740495077504,3.327886,-0.34301516,-2.8591697
1740495077511,3.1808796,-0.33662358,-2.6141589
1740495077515,3.0264163,-0.3334278,-2.3116238
1740495077520,2.808037,-0.40906155,-1.9824572
1740495077525,2.5044367,-0.5049353,-1.7129452
1740495077530,2.0879183,-0.6103965,-1.5297197
1740495077535,1.5488945,-0.72437984,-1.4487597
1740495077540,0.8990832,-0.91825795,-1.4029533
1740495077545,0.22583607,-1.1909657,-1.3560816
1740495077550,-0.36005938,-1.5499598,-1.284709
1740495077555,-0.8767126,-1.8908445,-1.1994878
1740495077562,-1.4093449,-2.126268,-1.1217234
1740495077566,-1.9238676,-2.279666,-1.0343717
1740495077571,-2.3616912,-2.328668,-0.9310411
1740495077576,-2.666357,-2.251969,-0.82877576
1740495077581,-2.8453214,-2.0719395,-0.72437984
1740495077586,-2.9465215,-1.9813919,-0.628506
1740495077591,-3.1233554,-2.376605,-0.5496765
1740495077596,-3.5185685,-2.8112328,-0.43995422
1740495077601,-4.068245,-2.4511735,-0.3174488
1740495077605,-4.5263085,-1.2634037,-0.22903186
1740495077611,-4.677576,0.24820662,-0.23648871
1740495077616,-4.503938,1.5052186,-0.37710363
1740495077625,-4.08955,2.3105586,-0.6775082
1740495077626,-3.529221,2.7334685,-1.0801781
1740495077631,-2.8985846,2.8538435,-1.470065
1740495077635,-2.2722092,2.783536,-1.7736653
1740495077642,-1.7033578,2.582201,-1.9813919
1740495077644,-1.2282499,2.2722092,-2.0975058
1740495077650,-0.87990844,1.9281287,-2.1294637
1740495077677,-0.6583334,1.6255935,-2.0975058
1740495077685,-0.50600064,1.4274544,-1.9888487
1740495077685,-0.40053943,1.3187973,-1.8130801
1740495077686,-0.32490566,1.2942963,-1.5755261
1740495077688,-0.294013,1.2836437,-1.3177321
1740495077689,-0.3270362,1.2602079,-1.0748519
1740495077690,-0.41438788,1.1483551,-0.8309063
1740495077690,-0.50813115,0.9502159,-0.60507023
1740495077764,-0.60080916,0.680704,-0.4101268
1740495077764,-0.65513766,0.34301516,-0.23648871
1740495077765,-0.69029135,-0.19707392,-0.06391586
1740495077765,-0.78936094,-0.8042747,0.15020229
1740495077765,-0.90014845,-1.0013486,0.43888897
1740495077765,-1.1174624,-0.829841,0.9150622
1740495077765,-1.4583471,-0.6785734,1.4764565
1740495077768,-1.7715348,-0.71585774,1.9963056
1740495077768,-2.352104,-0.6178534,2.3510387
1740495077768,-3.8967373,0.21518342,2.2828617
1740495077768,-5.726862,0.8745821,2.0378509
1740495077769,-6.935937,0.8309063,1.9345202
1740495077769,-7.3279543,0.22370553,1.9504992
1740495077769,-7.025419,-0.75420725,2.0399814
1740495077769,-6.231797,-1.816276,2.1688783
1740495077770,-5.1004863,-2.5992453,2.3105586
1740495077785,-3.750796,-3.029612,2.4639566
1740495077785,-2.2860575,-3.1276164,2.5853968
1740495077786,-0.8511463,-2.8740835,2.6354642
1740495077786,0.3334278,-2.4937842,2.6482475
1740495077796,1.2378373,-2.2008364,2.5971148
1740495077798,1.9313245,-2.086853,2.457565
1740495077802,2.420281,-2.0527647,2.1923141
1740495077806,2.6780748,-2.194445,1.7257284
1740495077812,2.8399951,-2.6003106,1.0844392
1740495077852,2.795254,-2.884736,0.42290998
1740495077852,2.0687435,-2.1060278,0.1555286
1740495077852,0.9651296,-0.9672601,-0.025566347
1740495077853,0.16937704,-0.7520767,-0.77231675
1740495077853,-0.5816344,-1.3219932,-1.510545
1740495077853,-1.1685951,-1.4626081,-1.5606124
1740495077853,-1.7299895,-0.700944,-1.0897655
1740495077853,-2.2327943,0.049002163,-0.32384038
1740495077855,-2.5917885,-0.17257284,0.5368933
1740495077861,-2.7260118,-2.2210765,1.2389026
1740495077866,-2.7590349,-5.5926385,1.8269285
1740495077886,-2.641856,-7.944742,2.2903185
1740495077886,-2.207228,-8.562595,2.6482475
1740495077886,-1.3688648,-7.642207,2.7206855
1740495077886,-0.18961707,-5.844041,2.404302
1740495077891,1.1941614,-4.051201,1.7715348
1740495077895,2.731338,-2.650378,1.0088054
1740495077904,4.3196473,-1.6682042,0.28549087
1740495077905,5.780125,-0.9800433,-0.24501082
1740495077911,6.937002,-0.32810146,-0.5390238
1740495077915,7.761517,0.46019423,-0.6530071
1740495077921,8.289888,1.3358417,-0.6562029
1740495077925,8.563661,2.179531,-0.5901565
1740495077930,8.631838,2.8985846,-0.49321744
1740495077935,8.524246,3.432282,-0.39627838
1740495077940,8.261126,3.7390783,-0.32490566
1740495077945,7.85526,3.742274,-0.30466563
1740495077951,7.282148,3.338539,-0.36645097
1740495077955,6.6238146,2.7079022,-0.4889564
1740495077962,5.9995694,2.0900488,-0.6327671
1740495077965,5.445632,1.5733956,-0.76272935
1740495077970,4.970524,1.1749867,-0.87990844
1740495077975,4.564658,0.9033443,-0.9896307
1740495077980,4.257862,0.7030745,-1.0929613
1740495077985,4.036287,0.5390238,-1.1930962
1740495077991,3.891411,0.33449304,-1.2815131
1740495077996,3.8551922,0.0958738,-1.3422332
1740495078001,3.8221688,-0.15978967,-1.3677995
1740495078005,3.7444046,-0.34940675,-1.3752564
1740495078016,3.5856802,-0.36005938,-1.3592775
1740495078016,3.3832798,-0.20772657,-1.3273195
1740495078022,3.1915324,0.05219796,-1.2857742
1740495078025,3.0658312,0.36964676,-1.2516857
1740495078030,2.9763489,0.7094661,-1.2335763
1740495078034,2.867692,1.1046792,-1.2197278
1740495078039,2.6290727,1.3667343,-1.1994878
1740495078045,2.2807312,1.4604776,-1.1920309
1740495078050,2.0378509,1.582983,-1.257012
1740495078054,1.9643476,1.9323897,-1.3912354
1740495078060,2.0293288,2.7324033,-1.5947009
1740495078064,2.191249,3.645335,-1.865278
1740495078070,2.4437168,4.560397,-2.1816616
1740495078074,2.863431,5.4797206,-2.501241
1740495078079,3.5537221,6.0038304,-2.7015107
1740495078084,4.3281693,4.962002,-2.625877
1740495078089,4.5934205,2.1582258,-2.3339944
1740495078094,4.5902247,-0.29188246,-2.207228
1740495078099,4.3068643,-1.5137408,-2.171009
1740495078104,3.8072553,-2.1060278,-2.0378509
1740495078110,3.3055155,-2.2498386,-1.7491642
1740495078115,2.7462518,-1.7981664,-1.4082797
1740495078120,2.2168152,-1.3134711,-1.0546118
1740495078124,1.7459685,-0.7414241,-0.69774824
1740495078130,1.3805827,-0.07137272,-0.37284255
1740495078134,0.9619338,0.30999196,-0.094808534
1740495078139,0.29188246,0.29188246,0.11504856
1740495078144,-0.69668293,-0.59228706,0.29614353
1740495078149,-1.6980315,-2.3180156,0.48469532
1740495078154,-2.198706,-3.294863,0.61891866
1740495078160,-2.2221417,-3.448261,0.7840346
1740495078164,-1.7949706,-3.794472,3.6208339
1740495078169,-1.2175972,-3.8242993,8.228103
1740495078175,-0.6423545,-3.78595,12.695822
1740495078178,-1.0215886,-3.5707664,14.458835
1740495078210,-1.9036276,-3.6346824,13.126188
1740495078211,-2.8708878,-4.0661144,9.673667
1740495078211,-3.781689,-4.0746365,5.4914384
1740495078212,-4.424043,-2.8815403,2.1102889
1740495078212,-4.691425,-1.6788567,-0.18002969
1740495078212,-4.621117,-0.81705785,-1.6128104
1740495078212,-4.237622,-0.7094661,-2.078331
1740495078222,-4.237622,-0.7094661,-2.078331
1740495078222,-3.6069853,-0.3568636,-2.3105586
1740495078247,-2.5001757,0.05965481,-2.428803
1740495078247,1.2900352,-2.3936493,-2.2327943
1740495078247,1.2900352,-2.3936493,-2.2327943
1740495078247,1.2900352,-2.3936493,-2.2327943
1740495078247,2.312689,-1.9057581,-2.2285333
1740495078248,2.312689,-1.9057581,-2.2285333
1740495078267,3.0828753,-0.88843054,-2.340386
1740495078267,3.0828753,-0.88843054,-2.340386
1740495078267,3.0828753,-0.88843054,-2.340386
1740495078291,4.1587925,0.9736517,-2.49698
1740495078292,4.4560013,1.5456988,-2.5630262
1740495078292,4.4560013,1.5456988,-2.5630262
1740495078292,4.61153,1.8418423,-2.63866
1740495078292,4.6552057,1.9462382,-2.731338
1740495078292,4.621117,1.9089539,-2.8442562
1740495078292,4.547614,1.75236,-2.988067
1740495078292,4.4687843,1.5073493,-3.1446607
1740495078296,4.4133906,1.2080098,-3.2724924
1740495078328,4.4048686,0.8681905,-3.327886
1740495078328,4.4560013,0.47510794,-3.2735577
1740495078328,4.559332,0.00958738,-3.0903323
1740495078328,4.919391,-1.019458,-2.1976407
1740495078348,4.919391,-1.019458,-2.1976407
1740495078348,5.128183,-1.4349113,-1.7204021
1740495078348,5.3071475,-1.7385116,-1.3731259
1740495078348,5.4211307,-1.9600866,-1.1142666
1740495078349,5.4637413,-2.0857878,-0.89162636
1740495078349,5.4605455,-2.107093,-0.69987875
1740495078351,5.4072824,-2.0570257,-0.572047
1740495078356,5.264537,-1.9185413,-0.52624065
1740495078360,4.726578,-1.1611383,-0.47723848
1740495078364,3.5547874,0.58909124,-0.3355583
1740495078370,2.3840618,2.1038973,-0.17470337
1740495078374,1.6500946,2.884736,-0.060720075
1740495078379,1.2676647,3.1819448,0.0053263223
1740495078386,1.0354371,3.2895367,0.037284255
1740495078390,0.73290193,3.5089812,0.07137272
1740495078394,-0.1555286,3.1925976,0.046871636
1740495078400,-0.7861652,1.0812434,-0.07989483
1740495078405,-0.41545314,-0.81066626,-0.096939065
1740495078410,0.3089267,-1.1941614,-0.034088463
1740495078414,1.0567423,-0.67537767,0.0053263223
1740495078419,1.9558256,-0.013848438,0.025566347
1740495078424,2.8495824,0.5230448,-0.0031957934
1740495078429,3.6218991,0.8767126,-0.080960095
1740495078434,4.2685146,1.0961571,-0.18961707
1740495078439,4.789429,1.2580773,-0.294013
1740495078444,5.195295,1.3944311,-0.3749731
1740495078450,5.519135,1.530785,-0.4261058
1740495078454,5.7865167,1.7033578,-0.45486793
1740495078460,5.974003,1.9185413,-0.4495416
1740495078464,6.1092916,2.078331,-0.4282363
1740495078469,6.231797,2.0176108,-0.39734364
1740495078481,6.2989087,1.8706044,-0.35473305
1740495078486,6.375608,1.8066885,-0.24181503
1740495078487,6.375608,1.8066885,-0.24181503
1740495078501,6.3734775,2.0602214,-0.053263225
1740495078501,6.3734775,2.0602214,-0.053263225
1740495078501,6.215818,2.0367856,0.13635385
1740495078504,6.215818,2.0367856,0.13635385
1740495078508,6.0613546,1.9238676,0.22370553
1740495078513,5.825931,1.7630126,0.30786142
1740495078518,5.562811,1.6000272,0.38456047
1740495078523,5.2634716,1.3443637,0.45060685
1740495078528,4.883172,0.85753787,0.5230448
1740495078534,4.3771715,-0.0031957934,0.6040049
1740495078538,3.733752,-1.1568772,0.7041398
1740495078543,3.0679617,-2.1454427,0.813862
1740495078549,2.492719,-2.6738138,0.9108011
1740495078554,2.0154803,-2.815494,0.9736517
1740495078558,1.5531555,-2.8027108,0.9257148
1740495078563,1.0567423,-2.646117,0.6892261
1740495078568,0.49960902,-2.1656826,0.039414786
1740495078575,-0.014913702,-1.2868395,-1.816276
1740495078577,-0.5496765,-0.9395633,-4.116182
1740495078582,-0.96939063,-0.9981528,-6.585465
1740495078588,-0.7456851,-1.5968314,-7.615576
1740495078593,-0.24607609,-2.207228,-7.545268
1740495078597,0.5230448,-2.1614215,-6.694122
1740495078602,1.2942963,-2.183792,-5.721535
1740495078608,2.2221417,-2.453304,-4.0416136
1740495078612,2.4362597,-2.2327943,-1.3411679
1740495078617,1.0567423,-1.325189,1.514806
1740495078622,-1.3635385,-0.39734364,3.2128377
1740495078627,-2.8549087,0.28016454,3.8924763
1740495078632,-3.202185,0.52837116,4.048005
1740495078637,-3.06157,0.32490566,3.9254994
1740495078641,-2.7718182,-0.07456851,3.6112466
1740495078650,-2.4117587,-0.41438788,3.1712923
1740495078653,-1.9877834,-0.5795039,2.6695528
1740495078657,-1.5211977,-0.624245,2.15503
1740495078661,-1.0237192,-0.60507023,1.6437031
1740495078667,-0.47617322,-0.53263223,1.1387677
1740495078672,0.13102753,-0.43782368,0.6466155
1740495078676,0.7701862,-0.3717773,0.16192019
1740495078682,1.3837786,-0.38136467,-0.2790993
1740495078686,1.901497,-0.49534798,-0.6348976
1740495078691,2.292449,-0.67324716,-0.9267801
1740495078696,2.5790052,-0.8522116,-1.1515509
1740495078701,2.7814054,-1.0205233,-1.2793826
1740495078706,2.896454,-1.1451592,-1.2953615
1740495078712,2.8272119,-1.1174624,-1.1973573
1740495078716,2.2732744,-0.66579026,-0.9598033
1740495078721,1.2665994,0.14807177,-0.59761333
1740495078726,0.37603834,0.8809737,-0.26418558
1740495078731,-0.06178534,1.2495552,-0.07989483
1740495078735,-0.05965481,1.3070794,-0.029827405
1740495078741,0.20026971,1.1909657,-0.06178534
1740495078746,0.5496765,0.9960223,-0.13528858
1740495078751,0.8948221,0.7850999,-0.221575
1740495078755,1.1899004,0.5944176,-0.30360037
1740495078762,1.4263891,0.44101948,-0.3717773
1740495078766,1.6266588,0.33449304,-0.4111921
1740495078770,1.8141453,0.27803403,-0.42290998
1740495078775,2.0080235,0.26631612,-0.41438788
1740495078780,2.21575,0.28122982,-0.39521313
1740495078785,2.417085,0.3089267,-0.37284255
1740495078794,2.5928538,0.34194988,-0.35792887
1740495078795,2.7132285,0.37390783,-0.34834146
1740495078801,2.7856665,0.4111921,-0.34088463
1740495078808,2.8218856,0.44847634,-0.3334278
1740495078811,2.8367991,0.479369,-0.3291667
1740495078817,2.835734,0.50600064,-0.32597092
1740495078820,2.8250813,0.53476274,-0.32490566
1740495078826,2.8091023,0.56885123,-0.3270362
1740495078830,2.8027108,0.60507023,-0.33129725
1740495078836,2.803776,0.64555025,-0.33981937
1740495078839,2.8048413,0.6785734,-0.34940675
1740495078844,2.8048413,0.69774824,-0.35899413
1740495078849,2.799515,0.7030745,-0.3717773
1740495078855,2.7941887,0.6956177,-0.3834952
1740495078859,2.7867317,0.68176925,-0.39840892
1740495078866,2.7696877,0.6625945,-0.41758367
1740495078869,2.7377295,0.6317018,-0.43675843
1740495078874,2.6855316,0.59122175,-0.45912898
1740495078879,2.6088326,0.5486112,-0.48149952
1740495078884,2.5023062,0.5123922,-0.5070659
1740495078889,2.3734093,0.4910869,-0.5294364
1740495078894,2.2295985,0.48043427,-0.54648066
1740495078899,2.0719395,0.46552056,-0.5581986
1740495078905,1.8993665,0.44101948,-0.5603291
1740495078909,1.7225326,0.4101268,-0.5550028
1740495078913,1.5456988,0.3717773,-0.54648066
1740495078918,1.3709954,0.330232,-0.535828
1740495078923,1.1941614,0.28868666,-0.5251754
1740495078928,1.0183928,0.257794,-0.5134575
1740495078933,0.85327685,0.25033715,-0.5113269
1740495078938,0.7105314,0.26205507,-0.5219796
1740495078943,0.59228706,0.28229508,-0.5368933
1740495078948,0.5070659,0.29614353,-0.54648066
1740495078953,0.47297743,0.30253512,-0.56459016
1740495078958,0.48363006,0.3057309,-0.59228706
1740495078963,0.5400891,0.32384038,-0.61891866
1740495078968,0.65194184,0.35579833,-0.6348976
1740495078972,0.8085357,0.406931,-0.65194184
1740495078978,0.99282646,0.4708469,-0.6743124
1740495078982,1.1824435,0.52411014,-0.700944
1740495078988,1.3528858,0.5496765,-0.72437984
1740495078992,1.478587,0.54435015,-0.737163
1740495078997,1.5499598,0.5251754,-0.73609775
1740495079002,1.567004,0.50173956,-0.7233146
1740495079008,1.5329156,0.4910869,-0.7030745
1740495079013,1.4689997,0.5006743,-0.68389976
1740495079017,1.3923006,0.5368933,-0.6540724
1740495079022,1.3273195,0.60080916,-0.6061355
1740495079027,1.2772521,0.66579026,-0.54648066
1740495079032,1.2516857,0.71479243,-0.4889564
1740495079036,1.2538162,0.74035877,-0.43569317
1740495079042,1.2793826,0.7456851,-0.3930826
1740495079047,1.3156016,0.7616641,-0.3472762
1740495079051,1.3486248,0.8032094,-0.30040458
1740495079057,1.3773869,0.8628642,-0.25885928
1740495079062,1.401888,0.92784536,-0.23648871
1740495079067,1.4146712,1.0024139,-0.22796659
1740495079072,1.4253238,1.0705907,-0.21944448
1740495079080,1.454086,1.1132014,-0.21411815
1740495079081,1.5190672,1.107875,-0.2034655
1740495079087,1.6160061,1.0641992,-0.18109496
1740495079091,1.7353158,0.9853696,-0.15446335
1740495079096,1.8706044,0.89588743,-0.12037488
1740495079102,2.0282636,0.8032094,-0.09054748
1740495079106,2.2285333,0.6828345,-0.049002163
1740495079112,2.4522388,0.515588,0.0127831735
1740495079116,2.6908581,0.30253512,0.0958738
1740495079121,2.9230857,0.06391586,0.18961707
1740495079126,3.141465,-0.17150758,0.28975195
1740495079131,3.3204293,-0.37603834,0.39521313
1740495079136,3.4429348,-0.5134575,0.50387007
1740495079141,3.5079157,-0.5858955,0.6146576
1740495079146,3.5057852,-0.59122175,0.7105314
1740495079151,3.4365432,-0.5390238,0.7914915
1740495079155,3.3268209,-0.4676511,0.86499476
1740495079161,3.202185,-0.41545314,0.9310411
1740495079165,3.0839405,-0.38136467,1.0013486
1740495079171,2.9742184,-0.36751625,1.0940266
1740495079175,2.8613002,-0.3930826,1.2101405
1740495079180,2.7387948,-0.48469532,1.3507553
1740495079185,2.6045716,-0.65726817,1.5275892
1740495079190,2.4554346,-0.8809737,1.748099
1740495079200,2.2690134,-1.1930962,2.001632
1740495079204,1.9888487,-1.6405072,2.2242723
1740495079205,1.5893745,-2.1827269,2.385127
1740495079210,1.1536814,-2.7047064,2.5236115
1740495079216,0.6785734,-3.0913975,2.6035063
1740495079220,0.221575,-3.2096417,2.5960495
1740495079225,-0.16405073,-3.0509174,2.4980452
1740495079232,-0.42397526,-2.7174897,2.3446472
1740495079234,-0.5454154,-2.3382554,2.1816616
1740495079240,-0.54435015,-1.9973708,2.0463731
1740495079245,-0.44208476,-1.8237327,1.9835224
1740495079250,-0.25566345,-1.8769959,1.9771309
1740495079255,0.033023197,-2.0676782,1.9718045
1740495079259,0.44847634,-2.2146847,1.9270633
1740495079266,0.97471696,-2.223207,1.816276
1740495079269,1.5563514,-2.0793962,1.6468989
1740495079276,2.1497037,-1.8034927,1.442368
1740495079279,2.698315,-1.4753913,1.2250541
1740495079284,3.1766186,-1.171791,1.0077401
1740495079289,3.5473306,-0.94488955,0.77231675
1740495079294,3.7891457,-0.75420725,0.5539375
1740495079299,3.9169774,-0.56885123,0.406931
1740495079305,3.9585228,-0.39414784,0.3206446
1740495079309,3.9286952,-0.2130529,0.25566345
1740495079314,3.8381479,-0.029827405,0.18961707
1740495079322,3.7049897,0.1555286,0.11824436
1740495079325,3.529221,0.3323625,0.05752428
1740495079329,3.319364,0.47617322,0.015978966
1740495079334,3.0871365,0.5592638,-0.029827405
1740495079339,2.8410604,0.6103965,-0.07243799
1740495079343,2.602441,0.64768076,-0.101200126
1740495079348,2.3915186,0.6540724,-0.1438107
1740495079355,2.227468,0.6221144,-0.18535602
1740495079359,2.0847225,0.55074173,-0.22690132
1740495079363,1.9270633,0.4676511,-0.27164245
1740495079368,1.7289242,0.41225734,-0.3174488
1740495079373,1.4711303,0.3898868,-0.37071204
1740495079378,1.1558119,0.38242993,-0.44847634
1740495079383,0.809601,0.34194988,-0.551807
1740495079388,0.46871635,0.2247708,-0.680704
1740495079394,0.16724652,0.034088463,-0.8117315
1740495079398,-0.0777643,-0.20879184,-0.9416938
1740495079403,-0.2396845,-0.47723848,-1.0801781
1740495079407,-0.29827404,-0.6892261,-1.2154667
1740495079412,-0.26525086,-0.78723043,-1.3454291
1740495079417,-0.16724652,-0.75101143,-1.4817829
1740495079423,-0.024501082,-0.56885123,-1.6181368
1740495079429,0.13741912,-0.29614353,-1.7491642
1740495079433,0.28122982,0.017044231,-1.8663434
1740495079438,0.3898868,0.32810146,-1.9728698
1740495079443,0.4527374,0.61572284,-2.0815268
1740495079447,0.45380265,0.86606,-2.202967
1740495079452,0.39414784,1.0652645,-2.343582
1740495079457,0.26738137,1.123854,-2.4916537
1740495079462,0.07137272,1.0354371,-2.646117
1740495079468,-0.18002969,0.79894835,-2.799515
1740495079472,-0.42717105,0.49854377,-2.9379995
1740495079478,-0.60293967,0.24181503,-3.053048
1740495079482,-0.71479243,0.10759171,-3.1467912
1740495079487,-0.7637946,0.15339808,-3.2192292
1740495079493,-0.7595336,0.32384038,-3.278884
1740495079496,-0.71798825,0.5795039,-3.3268209
1740495079502,-0.64768076,0.8809737,-3.3619747
1740495079507,-0.551807,1.1462245,-3.3886063
1740495079511,-0.44208476,1.320928,-3.4056504
1740495079516,-0.33449304,1.4444987,-3.4131074
1740495079523,-0.33449304,1.4444987,-3.4131074
1740495079526,-0.23861924,1.5180018,-3.4035199
1740495079531,-0.112918034,1.5169365,-3.3981936
1740495079537,0.07669904,1.4551512,-3.3907368
1740495079543,0.3110572,1.3635385,-3.3438652
1740495079546,0.5422196,1.1345067,-3.2298818
1740495079551,0.7254451,0.3291667,-3.029612
1740495079556,0.96939063,-0.6146576,-2.8005803
1740495079562,1.2452941,-1.0599382,-2.5406556
1740495079566,1.4263891,-1.1973573,-2.07407
1740495079572,1.7289242,-1.9100192,-1.1622036
1740495079579,1.8983012,-2.7483823,0.31851408
1740495079581,1.7385116,-2.4628913,2.2913837
1740495079585,1.4966966,-1.5819178,4.2429485
1740495079590,1.28897,-0.84688526,5.765211
1740495079596,0.6583334,-1.3273195,6.7175574
1740495079601,-0.4495416,-2.2743397,7.036072
1740495079606,-1.7598169,-2.63866,6.875217
1740495079610,-2.8463867,-2.461826,6.4437847
1740495079615,-3.5356128,-1.9345202,5.724731
1740495079621,-3.7614489,-0.9193232,4.4783716
1740495079626,-3.5537221,0.479369,2.7015107
1740495079632,-3.1574438,1.4444987,0.8330368
1740495079635,-2.6844664,1.7768611,-0.6306366
1740495079640,-2.1731396,1.8642128,-1.603223
1740495079645,-1.695901,1.8844528,-2.1273332
1740495079650,-1.3145363,1.9100192,-2.3531692
1740495079655,-1.063134,1.9323897,-2.376605
1740495079662,-0.9395633,1.8503643,-2.231729
1740495079664,-0.8404937,1.7108147,-1.9877834
1740495079670,-0.737163,1.5339808,-1.7715348
1740495079674,-0.6487461,1.3006879,-1.6458336
1740495079679,-0.62744075,1.0120013,-1.6128104
1740495079684,-0.72437984,0.62744075,-1.635181
1740495079700,-0.9864349,0.10546118,-1.700162
1740495079700,-1.4146712,-0.52837116,-1.7811222
1740495079701,-1.9728698,-1.2080098,-1.8216022
1740495079714,-2.6173549,-1.8034927,-1.7864485
1740495079714,-3.2011197,-2.183792,-1.6522251
1740495079714,-3.6709013,-2.3297334,-1.4157364
1740495079721,-4.0501356,-2.299906,-1.1472899
1740495079771,-4.293016,-2.0953753,-0.90014845
1740495079771,-4.3654537,-1.7576864,-0.7094661
1740495079771,-4.3079295,-1.3550164,-0.59228706
1740495079771,-4.117247,-0.86392945,-0.5400891
1740495079771,-3.823234,-0.34088463,-0.55074173
1740495079773,-3.4674358,0.049002163,-0.62104917
1740495079774,-3.0083067,0.18429075,-0.7233146
1740495079774,-2.356365,-0.330232,-0.8426242
1740495079774,-1.4466292,-1.75236,-0.9768475
1740495079774,-0.6487461,-2.2615564,-1.010936
1740495079775,-0.21624869,-1.5382419,-0.9214538
1740495079784,0.0031957934,-0.47617322,-0.87138635
1740495079784,0.15126756,0.4133226,-0.89588743
1740495079788,0.23329292,0.9267801,-0.95660746
1740495079794,0.18322548,0.9491506,-1.0162623
1740495079801,0.026631612,0.68816084,-1.0610034
1740495079804,-0.20133498,0.3355583,-1.087635
1740495079808,-0.49002165,0.017044231,-1.1014835
1740495079813,-0.77870834,-0.18535602,-1.0950918
1740495079818,-0.99495703,-0.24181503,-1.0492855
1740495079823,-1.1174624,-0.27483824,-0.9406285
1740495079828,-1.2080098,-0.2545982,-0.757403
1740495079833,-1.3166668,-0.11504856,-0.52624065
1740495079838,-1.4093449,0.058589544,-0.28122982
1740495079843,-1.4679344,0.26205507,-0.05006743
1740495079847,-1.5158713,0.567786,0.13741912
1740495079853,-1.546764,0.84581995,0.28442562
1740495079858,-1.562743,1.0290455,0.38775626
1740495079862,-1.5616777,1.0801781,0.45380265
1740495079867,-1.6021577,0.91186637,0.49321744
1740495079873,-1.71188,0.5390238,0.52624065
1740495079877,-1.816276,0.19068234,0.53263223
1740495079882,-1.8876486,-0.21411815,0.51452273
1740495079888,-1.9515644,-0.6487461,0.49002165
1740495079893,-2.0463731,-1.0503508,0.49960902
1740495079897,-2.150769,-1.3006879,0.531567
1740495079902,-2.271144,-1.32945,0.567786
1740495079906,-2.3584955,-1.4082797,0.6125271
1740495079912,-2.4053671,-1.4370418,0.6593987
1740495079917,-2.404302,-1.2868395,0.74781567
1740495079923,-2.3212113,-1.1387677,0.8745821
1740495079928,-2.1379857,-1.0183928,1.0428939
1740495079932,-1.8738002,-0.8511463,1.2452941
1740495079937,-1.5403724,-0.6828345,1.478587
1740495079943,-1.1462245,-0.5613944,1.7172064
1740495079946,-0.71159667,-0.47617322,1.933455
1740495079952,-0.2695119,-0.42077947,2.0996363
1740495079957,0.13635385,-0.44101948,2.1997712
1740495079962,0.49321744,-0.44528055,2.231729
1740495079967,0.81705785,-0.47297743,2.198706
1740495079974,1.1100056,-0.5944176,2.0996363
1740495079978,1.3848438,-0.80533993,1.9515644
1740495079982,1.6287893,-1.087635,1.8983012
1740495079986,1.9206718,-1.530785,2.3574302
1740495079991,2.336125,-1.8439728,3.7689056
1740495079996,2.8250813,-2.521481,5.5127435
1740495080001,3.0445259,-4.0671797,6.3777385
1740495080006,2.7579696,-5.905826,6.110357
1740495080011,2.3616912,-7.5378113,4.905543
1740495080017,1.8343854,-8.003332,3.0136333
1740495080024,1.0855045,-6.9955916,1.2974921
1740495080026,0.40053943,-5.2805157,0.46232477
1740495080030,-0.12676647,-3.4887412,0.35899413
1740495080036,-0.31851408,-1.7768611,0.50600064
1740495080040,-0.18855181,-0.25246766,0.67537767
1740495080045,0.05965481,0.90973586,0.8543421
1740495080050,0.3898868,1.8013622,1.0013486
1740495080056,0.7392935,2.449043,1.128115
1740495080060,0.96299905,2.7686224,1.2048141
1740495080065,0.9576728,2.590723,1.2016183
1740495080070,0.7254451,1.7747306,1.1206582
1740495080075,0.40373522,0.5028048,1.0279802
1740495080080,0.28975195,-1.0205233,0.9267801
1740495080085,0.41864893,-2.5331988,0.7914915
1740495080089,0.5784386,-3.5260253,0.680704
1740495080095,0.70200926,-3.8701057,0.5997439
1740495080100,0.77870834,-3.6602488,0.46978164
1740495080106,0.79255676,-3.1403997,0.28229508
1740495080110,0.7584683,-2.449043,0.05006743
1740495080115,0.6988135,-1.6841831,-0.18748654
1740495080120,0.6562029,-0.9267801,-0.3920173
1740495080125,0.6508766,-0.25885928,-0.53795856
1740495080130,0.67963874,0.26205507,-0.61572284
1740495080135,0.716923,0.6593987,-0.6348976
1740495080141,0.76485986,0.9416938,-0.62744075
1740495080145,0.8223842,1.1206582,-0.60293967
1740495080149,0.85966843,1.2325109,-0.57311225
1740495080157,0.8681905,1.3528858,-0.5454154
1740495080159,0.8383631,1.4466292,-0.51771855
1740495080164,0.7861652,1.5499598,-0.49534798
1740495080170,0.71798825,1.6490294,-0.48149952
1740495080175,0.6508766,1.7491642,-0.47617322
1740495080182,0.58269966,1.8407769,-0.47617322
1740495080183,0.5028048,1.9323897,-0.47830373
1740495080189,0.39947417,2.0314593,-0.4825648
1740495080193,0.2695119,2.1017668,-0.4889564
1740495080199,0.112918034,2.159291,-0.49641323
1740495080203,-0.06498113,2.179531,-0.49854377
1740495080209,-0.26312032,2.1283984,-0.49534798
1740495080214,-0.4857606,2.0421119,-0.4825648
1740495080220,-0.7286409,1.9781961,-0.46552056
1740495080224,-0.9310411,2.014415,-0.44208476
1740495080228,-1.055677,2.143312,-0.40373522
1740495080234,-1.160073,2.2381206,-0.36218992
1740495080238,-1.2506205,2.2615564,-0.30786142
1740495080243,-1.293231,2.3020365,-0.23755397
1740495080249,-1.2261194,2.433064,-0.1555286
1740495080253,-0.9960223,2.5758095,-0.06711166
1740495080258,-0.56245965,2.6162896,0.046871636
1740495080263,0.10226539,2.356365,0.22903186
1740495080270,0.87777793,1.9387813,0.49641323
1740495080273,1.6149409,1.619202,0.8852348
1740495080277,2.275405,1.1622036,1.3646038
1740495080282,2.8453214,0.4165184,1.8461033
1740495080287,3.3065808,-0.5613944,2.2136195
1740495080293,3.6421392,-1.5094798,2.4032366
1740495080297,3.8008635,-2.126268,2.3137543
1740495080302,3.7838194,-2.444782,1.8940402
1740495080308,3.5739622,-2.5683527,1.2389026
1740495080313,3.1968586,-2.4181504,0.48363006
1740495080317,2.7217507,-1.9920446,-0.16724652
1740495080323,2.191249,-1.4519554,-0.5858955
1740495080327,1.5968314,-0.87990844,-0.7755125
1740495080332,0.9683254,-0.24820662,-0.80533993
1740495080337,0.350472,0.51984906,-0.777643
1740495080342,-0.24607609,1.3741912,-0.7190535
1740495080349,-0.7584683,2.107093,-0.6466155
1740495080352,-1.2239889,2.6333337,-0.61891866
1740495080356,-1.6383767,2.9955237,-0.6402239
1740495080361,-1.9718045,3.222425,-0.7041398
1740495080367,-2.191249,3.3843453,-0.7819041
1740495080372,-2.3350596,3.4844801,-0.87351686
1740495080376,-2.4341292,3.4738274,-0.9438243
1740495080381,-2.4756746,3.3683662,-0.95234644
1740495080386,-2.4319987,3.2373388,-0.9108011
1740495080393,-2.312689,3.0882018,-0.87564737
1740495080396,-2.1401162,2.9209552,-0.88843054
1740495080401,-1.9270633,2.7579696,-0.9715212
1740495080406,-1.6969663,2.569418,-1.0940266
1740495080411,-1.4636734,2.3638217,-1.2026836
1740495080416,-1.2357068,2.1742048,-1.2857742
1740495080421,-1.026915,2.0037625,-1.3496901
1740495080426,-0.85327685,1.8237327,-1.3986923
1740495080431,-0.7105314,1.6106799,-1.4455639
1740495080435,-0.60720074,1.3763217,-1.4924355
1740495080441,-0.531567,1.1653993,-1.5137408
1740495080446,-0.49321744,1.0162623,-1.5158713
1740495080452,-0.47830373,0.91612744,-1.4956313
1740495080456,-0.4857606,0.8522116,-1.4498249
1740495080461,-0.4889564,0.8479505,-1.3507553
1740495080466,-0.5294364,0.8511463,-1.216532
1740495080472,-0.6295713,0.7946873,-1.1845741
1740495080475,-0.6562029,0.6860303,-1.2559468
1740495080480,-0.54648066,0.4101268,-1.3688648
1740495080487,-0.32384038,-0.046871636,-1.4562165
1740495080491,-0.056459017,-0.5028048,-1.4945661
1740495080495,0.18535602,-0.6924219,-1.4860439
1740495080501,0.35899413,-0.51665324,-1.4306501
1740495080505,0.515588,-0.036218993,-1.2815131
1740495080510,0.6498113,0.55287224,-1.1100056
1740495080515,0.77125144,1.0386329,-0.9406285
1740495080520,0.92784536,1.4977618,-0.7765778
1740495080526,1.1323761,2.0208068,-0.64555025
1740495080532,1.2974921,2.4778051,-0.57311225
1740495080535,1.4093449,2.83893,-0.60293967
1740495080540,1.4508902,3.0519826,-0.75420725
1740495080545,1.3464943,3.0743532,-1.0258497
1740495080550,1.0727214,2.8229508,-1.3358417
1740495080555,0.69135666,2.271144,-1.5542208
1740495080559,0.2759035,1.433846,-1.6106799
1740495080565,-0.15233281,0.5368933,-1.5574167
1740495080570,-0.6263755,-0.12676647,-1.4349113
1740495080574,-1.0098706,-0.6764429,-1.2974921
1740495080579,-1.2634037,-1.2239889,-1.128115
1740495080585,-1.478587,-1.6202673,-0.9108011
1740495080589,-1.7779263,-1.5478293,-0.6359629
1740495080594,-2.0932446,-0.9672601,-0.3898868
1740495080600,-2.0357203,-0.92784536,-0.3355583
1740495080605,-2.218946,-0.98856544,-0.26631612
1740495080609,-2.7260118,-0.4889564,-0.036218993
1740495080614,-3.1755533,-0.551807,0.45060685
1740495080619,-3.202185,-1.2495552,1.0865698
1740495080625,-2.775014,-1.9441077,1.7225326
1740495080634,-2.2849922,-2.1880531,2.360626
1740495080634,-1.700162,-2.118811,2.9561088
1740495080638,-1.1536814,-1.892975,3.4908717
1740495080643,-0.6870956,-1.7427727,3.923369
1740495080648,-0.29614353,-1.7214674,4.2195125
1740495080654,0.068176925,-1.7299895,4.363323
1740495080658,0.45486793,-1.5808525,4.394216
1740495080664,0.902279,-1.055677,4.3484097
1740495080669,1.3763217,-0.3888215,4.1747713
1740495080673,1.6948358,-0.27164245,3.8264298
1740495080678,1.7459685,-0.15020229,3.2234902
1740495080683,1.6532904,1.0407634,2.4607608
1740495080689,1.4935007,2.2498386,1.7811222
1740495080693,1.3773869,2.9134984,1.216532
1740495080698,1.2325109,3.2671661,0.75420725
1740495080703,1.1323761,3.3736925,0.48469532
1740495080708,1.1025487,3.0871365,0.43995422
1740495080712,1.1163971,2.2690134,0.62744075
1740495080719,1.1739215,1.0162623,1.0024139
1740495080723,1.2942963,-0.406931,1.4935007
1740495080728,1.4583471,-1.7757958,1.8908445
1740495080733,1.5414376,-2.7100327,1.9824572
1740495080737,1.3912354,-2.8059065,1.6458336
1740495080742,1.1579424,-2.7718182,1.0887003
1740495080747,0.9896307,-2.8410604,0.5539375
1740495080752,0.9012137,-2.9166942,0.11930962
1740495080758,0.86392945,-3.0828753,-0.21092236
1740495080762,1.0247844,-3.0668964,-0.35153726
1740495080768,1.3784522,-2.521481,-0.4644553
1740495080772,1.7544906,-2.1252027,-0.56245965
1740495080780,2.1624868,-1.8322549,-0.60933125
1740495080782,2.593919,-1.635181,-0.5997439
1740495080789,2.973153,-1.5776566,-0.5070659
1740495080794,3.319364,-1.5606124,-0.37710363
1740495080797,3.6400087,-1.5243934,-0.2545982
1740495080802,3.9414785,-1.4487597,-0.15339808
1740495080808,4.201403,-1.3752564,-0.05219796
1740495080812,4.3814325,-1.3912354,0.084155895
1740495080832,4.438957,-1.3944311,0.23861924
1740495080832,4.345214,-1.2900352,0.28549087
1740495080832,4.1396174,-1.164334,0.27057716
1740495080832,3.7710361,-1.1068097,0.29507825
1740495080841,3.2895367,-1.0833739,0.3206446
1740495080842,2.7654266,-1.0088054,0.3206446
1740495080848,2.2423816,-0.83942837,0.29294774
1740495080855,1.736381,-0.53795856,0.30360037
1740495080855,1.1941614,0.027696876,0.3653857
1740495080860,0.7701862,0.54435015,0.3717773
1740495080866,0.5113269,0.9033443,0.32490566
1740495080870,0.3685815,1.1068097,0.28229508
1740495080876,0.3685815,1.1068097,0.28229508
1740495080880,0.26418558,1.1387677,0.26631612
1740495080886,0.15446335,1.0663297,0.257794
1740495080890,0.017044231,0.9651296,0.23116238
1740495080895,-0.15765914,0.8831042,0.17470337
1740495080901,-0.36005938,0.7765778,0.08735169
1740495080905,-0.5475459,0.59228706,-0.023435818
1740495080910,-0.74035877,0.36964676,-0.10865697
1740495080916,-1.0024139,0.20026971,-0.23542345
1740495080921,-1.2420983,-0.16937704,-0.40906155
1740495080926,-1.3954965,-0.72011876,-0.51984906
1740495080930,-1.4977618,-1.0929613,-0.6317018
1740495080937,-1.5318503,-1.4349113,-0.7637946
1740495080940,-1.5446335,-1.6927053,-0.8809737
1740495080946,-1.5563514,-1.7012273,-0.94275904
1740495080951,-1.5435683,-1.4924355,-0.89588743
1740495080955,-1.530785,-1.1366372,-0.71479243
1740495080960,-1.5776566,-0.8724516,-0.4250405
1740495080966,-1.5563514,-0.48682585,-0.13315806
1740495080970,-1.4530207,-0.07882957,0.13422333
1740495080975,-1.2420983,0.3387541,0.3536678
1740495080980,-0.9310411,0.6956177,0.5028048
1740495080985,-0.54435015,0.9395633,0.5901565
1740495080990,-0.1438107,1.0226538,0.624245
1740495080994,0.20879184,0.9235843,0.6359629
1740495081001,0.4463458,0.5901565,0.624245
1740495081005,0.5422196,0.002130529,0.60720074
1740495081009,0.5209143,-0.7456851,0.6114618
1740495081014,0.43782368,-1.4828482,0.66365975
1740495081020,0.4261058,-1.820537,0.74781567
1740495081024,0.6359629,-1.3720607,0.7957525
1740495081029,0.8831042,-0.4250405,0.7680557
1740495081034,1.0791129,0.34834146,0.6593987
1740495081040,1.3635385,0.8831042,0.47297743
1740495081044,1.8855181,1.1952267,0.2545982
1740495081049,2.2775354,0.8905611,0.17044231
1740495081056,2.5811357,0.28868666,0.21624869
1740495081058,2.8740835,-0.36751625,0.30253512
1740495081064,3.1915324,-0.9768475,0.3334278
1740495081070,3.5153728,-1.5446335,0.28868666
1740495081073,3.8221688,-2.0197413,0.20453078
1740495081079,4.051201,-2.364887,0.13528858
1740495081085,4.14814,-2.5353293,0.041545313
1740495081091,4.012851,-2.5076325,-0.12463594
1740495081093,3.7657099,-2.428803,-0.34408042
1740495081098,3.5473306,-2.1624868,-0.48682585
1740495081105,3.4131074,-1.6586168,-0.48149952
1740495081109,3.371562,-1.135572,-0.52837116
1740495081113,3.3981936,-0.70627034,-0.6892261
1740495081118,3.4716969,-0.24820662,-0.84581995
1740495081123,3.6112466,-0.04580637,-0.8905611
1740495081128,3.7316215,-0.1555286,-0.7957525
1740495081134,3.726295,-0.45380265,-0.70200926
1740495081138,3.5995286,-0.81066626,-0.6103965
1740495081143,3.2810144,-1.0247844,-0.44741106
1740495081147,2.735599,-0.8788432,-0.1555286
1740495081153,2.1805964,-0.16085494,0.16724652
1740495081158,1.5116103,0.6199839,0.2247708
1740495081163,0.7254451,1.2825783,-0.020240024
1740495081167,-0.07989483,1.7225326,-0.3472762
1740495081172,-0.7595336,2.091114,-0.644485
1740495081177,-1.1792477,2.3883228,-0.96406436
1740495081183,-1.3273195,2.4991105,-1.2740563
1740495081187,-1.2804478,2.401106,-1.5222629
1740495081192,-1.1366372,2.0250678,-1.6745957
1740495081197,-1.0748519,1.2048141,-1.7246631
1740495081204,-1.1462245,0.24714136,-1.7022926
1740495081207,-1.2974921,-0.46339005,-1.5776566
1740495081212,-1.3369069,-0.91612744,-1.442368
1740495081217,-1.212271,-1.2197278,-1.3795174
1740495081222,-0.84581995,-1.3795174,-1.401888
1740495081227,-0.3834952,-1.1419635,-1.5414376
1740495081232,-0.0479369,-0.5997439,-1.8024274
1740495081237,0.2727077,-0.1555286,-2.1816616
1740495081242,0.7094661,0.0053263223,-2.5577
1740495081246,1.3677995,-0.07563378,-2.8655615
1740495081251,2.1667478,-0.34834146,-3.0807447
1740495081256,2.7728834,-0.54648066,-3.170227
1740495081262,2.7302728,-0.5784386,-3.0360036
1740495081266,2.271144,-0.5486112,-2.7047064
1740495081271,1.6937705,-0.5752428,-2.2732744
1740495081275,1.1867046,-0.61572284,-1.8492991
1740495081282,0.78723043,-0.6040049,-1.4658039
1740495081288,0.5336975,-0.5816344,-1.1089402
1740495081291,0.40586576,-0.5273059,-0.8032094
1740495081295,0.4048005,-0.39840892,-0.551807
1740495081301,0.45806372,-0.33981937,-0.3834952
1740495081306,0.551807,-0.40266997,-0.25992453
1740495081311,0.6892261,-0.49428272,-0.13848437
1740495081316,0.70627034,-0.406931,-0.06391586
1740495081320,0.757403,-0.23542345,0.039414786
1740495081325,0.7254451,-0.0063915867,0.14487597
1740495081330,0.8127968,0.18961707,0.20453078
1740495081337,1.0524813,0.09374327,0.26738137
1740495081341,1.2687299,0.013848438,0.30466563
1740495081345,1.4849787,0.015978966,0.31318775
1740495081350,1.6714,0.07350325,0.28549087
1740495081355,1.8194717,0.12996227,0.2514024
1740495081360,1.9462382,0.23435818,0.20133498
1740495081365,2.0474384,0.31318775,0.1470065
1740495081370,2.1124194,0.3057309,0.096939065
1740495081375,2.1102889,0.22903186,0.066046394
1740495081380,2.0485036,0.112918034,0.053263225
1740495081385,1.9451729,-0.036218993,0.058589544
1740495081390,1.7928401,-0.1257012,0.06178534
1740495081398,1.6426378,-0.15020229,0.046871636
1740495081400,1.5169365,-0.1736381,0.041545313
1740495081404,1.4029533,-0.21731395,0.051132694
1740495081410,1.3070794,-0.28122982,0.05006743
1740495081415,1.24849,-0.38029942,0.049002163
1740495081420,1.3166668,-0.65726817,0.094808534
1740495081424,1.5116103,-0.9896307,0.15446335
1740495081430,1.7193369,-1.1749867,0.23861924
1740495081434,1.9046929,-1.1622036,0.34301516
1740495081439,2.058091,-1.0578076,0.4676511
1740495081444,2.143312,-1.0002834,0.5965481
1740495081449,2.1720743,-0.9076053,0.7052051
1740495081454,2.171009,-0.6892261,0.76059884
1740495081460,2.1454427,-0.39734364,0.76272935
1740495081464,2.118811,-0.08522116,0.716923
1740495081469,2.0857878,0.23222765,0.62744075
1740495081474,2.0655477,0.5400891,0.52411014
1740495081478,2.0442424,0.8202536,0.42290998
1740495081483,1.8706044,0.7882957,0.30999196
1740495081488,1.5052186,0.38562572,0.18429075
1740495081493,1.2634037,0.3057309,0.10226539
1740495081498,1.2303804,0.6466155,0.082025364
1740495081503,1.3028184,1.1408982,0.113983296
1740495081508,1.4136059,1.5638082,0.17470337
1740495081513,1.5563514,1.7587516,0.27057716
1740495081519,1.7172064,1.5446335,0.37710363
1740495081523,1.8993665,0.9395633,0.47191215
1740495081528,2.0751352,0.15020229,0.56459016
1740495081533,2.231729,-0.54435015,0.66152924
1740495081538,2.3552997,-0.96406436,0.76272935
1740495081543,2.4309335,-1.0887003,0.8767126
1740495081548,2.4405208,-1.0737866,0.99921805
1740495081554,2.3627565,-0.78723043,1.1462245
1740495081558,2.179531,-0.3110572,1.2463595
1740495081562,1.433846,-1.7086842,1.2580773
1740495081567,0.5294364,-2.2285333,1.506284
1740495081572,-0.3174488,-1.8152106,1.639442
1740495081578,-1.2367721,-1.6223978,1.5030881
1740495081583,-2.107093,-1.5680692,1.2942963
1740495081587,-2.8314729,-1.6128104,1.1100056
1740495081593,-3.4301515,-1.8290591,0.9683254
1740495081597,-3.9468048,-2.1614215,0.85966843
1740495081604,-4.4219127,-2.505502,0.77231675
1740495081607,-4.8682585,-2.7771444,0.7052051
1740495081612,-5.283712,-2.9635658,0.67963874
1740495081617,-5.642706,-3.0551784,0.69774824
1740495081622,-5.9473715,-2.9667616,0.74035877
1740495081626,-6.2584286,-2.340386,0.8085357
1740495081632,-6.703709,-0.902279,0.8788432
1740495081637,-7.0967917,0.4101268,0.9683254
1740495081641,-7.1127706,0.83942837,1.128115
1740495081646,-6.6962523,0.624245,1.3507553
1740495081652,-5.887717,0.6018744,1.5542208
1740495081657,-4.6797066,0.95128113,1.6927053
1740495081661,-3.0999196,1.1472899,1.8503643
1740495081667,-1.3081448,0.74781567,2.0644825
1740495081671,0.42397526,-0.112918034,2.2903185
1740495081677,1.8876486,-1.0077401,2.4639566
1740495081682,2.9859362,-1.546764,2.5374599
1740495081686,3.6591835,-1.6000272,2.5363946
1740495081691,3.8562574,-1.2996227,2.561961
1740495081696,3.6464002,-0.98110855,2.6567695
1740495081708,3.213903,-0.721184,2.803776
1740495081709,2.6961844,-0.531567,2.9316077
1740495081710,2.2082932,-0.47723848,2.9987195
1740495081716,1.7704695,-0.5209143,2.9870014
1740495081721,1.3859091,-0.5933523,2.8975194
1740495081726,1.0705907,-0.59122175,2.7505128
1740495081730,0.8479505,-0.60720074,2.6003106
1740495081737,0.68389976,-0.608266,2.4671526
1740495081742,0.5273059,-0.6178534,2.372344
1740495081746,0.3174488,-0.64555025,2.3212113
1740495081751,0.05965481,-0.7350325,2.2743397
1740495081756,-0.17576863,-1.0546118,2.1774006
1740495081760,-0.28549087,-1.5425029,1.9217371
1740495081765,-0.24607609,-1.9664782,1.5030881
1740495081770,-0.1736381,-2.3947146,1.2602079
1740495081776,0.008522116,-2.706837,1.4008228
1740495081781,0.350472,-2.6557043,1.7960359
1740495081790,0.66152924,-2.4362597,2.240251
1740495081790,0.922519,-2.5193505,2.6130936
1740495081795,1.1675298,-2.944391,2.7675571
1740495081800,1.3379722,-3.238404,2.8091023
1740495081805,1.4935007,-3.3683662,2.8826056
1740495081810,1.659682,-3.4631748,3.0029805
1740495081815,1.8034927,-3.4226947,3.2213597
1740495081820,1.8418423,-3.4269557,3.5079157
1740495081825,1.7065537,-3.7348173,3.7603836
1740495081830,1.3677995,-4.1555967,3.96811
1740495081835,0.8671253,-4.35054,4.153466
1740495081840,0.294013,-4.08955,4.3377566
1740495081844,-0.29188246,-3.6432045,4.527374
1740495081849,-0.79255676,-3.2682314,4.722317
1740495081856,-1.1057445,-3.037069,4.954545
1740495081859,-1.2112057,-2.9134984,5.2304482
1740495081864,-1.1291803,-2.900715,5.4797206
1740495081869,-0.9129316,-2.8730183,5.646967
1740495081874,-0.6593987,-2.735599,5.5926385
1740495081879,-0.6498113,-2.299906,4.849084
1740495081884,-1.3134711,-1.6170714,3.1968586
1740495081889,-2.082592,-1.0823087,1.2697952
1740495081894,-2.8879318,-0.72651035,-0.38242993
1740495081898,-3.568636,-0.43888897,-1.4104102
1740495081903,-4.104464,-0.18429075,-1.9281287
1740495081909,-4.4922204,0.039414786,-2.1784658
1740495081914,-4.7031426,0.22583607,-2.2743397
1740495081918,-4.7425575,0.34834146,-2.2594259
1740495081923,-4.6093993,0.3888215,-2.1145499
1740495081928,-4.335626,0.30360037,-1.8418423
1740495081933,-3.9489353,0.053263225,-1.4977618
1740495081938,-3.4855454,-0.2876214,-1.1057445
1740495081943,-2.9795446,-0.6178534,-0.67005134
1740495081948,-2.4639566,-0.85327685,-0.20985709
1740495081953,-1.9664782,-0.96619487,0.25672874
1740495081958,-1.4998924,-0.96939063,0.7094661
1740495081963,-1.0684602,-0.9044095,1.1259845
1740495081969,-0.6668556,-0.8181231,1.5094798
1740495081973,-0.29933932,-0.793622,1.8556907
1740495081978,0.018109497,-0.85753787,2.1582258
1740495081983,0.2790993,-0.97045594,2.4096282
1740495081988,0.46978164,-1.0812434,2.6130936
1740495081994,0.5784386,-1.1526161,2.7718182
1740495082001,0.60080916,-1.1696603,2.8943236
1740495082002,0.5454154,-1.139833,2.9859362
1740495082007,0.4293016,-1.0791129,3.0498521
1740495082013,0.26205507,-0.99708754,3.086071
1740495082018,0.058589544,-0.91825795,3.1041806
1740495082025,-0.18322548,-0.86179894,3.1095068
1740495082027,-0.45167214,-0.8277105,3.118029
1740495082032,-0.7392935,-0.8117315,3.1329427
1740495082037,-1.0375676,-0.8181231,3.1595743
1740495082042,-1.3464943,-0.85753787,3.206446
1740495082047,-1.6735305,-0.91612744,3.2874062
1740495082052,-2.018676,-0.97258645,3.3971283
1740495082057,-2.3787355,-0.9917612,3.5196338
1740495082061,-2.735599,-0.94808537,3.6400087
1740495082068,-3.057309,-0.85753787,3.7454698
1740495082072,-3.274623,-0.7669904,3.8370826
1740495082076,-3.3694315,-0.7094661,3.88715
1740495082081,-3.327886,-0.9076053,3.8413436
1740495082088,-3.1808796,-1.2974921,3.7603836
1740495082091,-2.9678268,-1.7576864,3.674097
1740495082096,-2.7089674,-2.1646173,3.5963328
1740495082102,-2.4298682,-2.4192157,3.564375
1740495082106,-2.1145499,-2.4564998,3.5579834
1740495082111,-1.8418423,-2.5076325,3.472762
1740495082116,-1.6298546,-2.625877,3.2639704
1740495082121,-1.4317155,-2.770753,2.9816751
1740495082127,-1.2431636,-2.9188247,2.6557043
1740495082131,-1.0929613,-3.0743532,2.2849922
1740495082136,-1.0173275,-3.242665,1.8780613
1740495082141,-1.0354371,-3.3854105,1.4594123
1740495082146,-1.135572,-3.46424,1.0567423
1740495082151,-1.2815131,-3.4386737,0.69135666
1740495082156,-1.4444987,-3.2927325,0.36964676
1740495082160,-1.598962,-3.0605047,0.08735169
1740495082165,-1.7395768,-2.7686224,-0.15020229
1740495082170,-1.816276,-2.417085,-0.3206446
1740495082175,-1.8429075,-2.082592,-0.42077947
1740495082180,-1.901497,-1.8738002,-0.45060685
1740495082185,-1.9750003,-1.7939054,-0.4314321
1740495082190,-2.062352,-1.8269285,-0.37923414
1740495082195,-2.1603563,-1.9728698,-0.28016454
1740495082200,-2.2583606,-2.2413163,-0.12037488
1740495082205,-2.3467777,-2.6003106,0.10652645
1740495082210,-2.4021714,-2.9987195,0.39095205
1740495082216,-2.4266725,-3.3768883,0.74461985
1740495082220,-2.4256072,-3.6634445,1.1483551
1740495082225,-2.4117587,-3.8136468,1.5776566
1740495082232,-2.3936493,-3.8179078,1.9888487
1740495082236,-2.3574302,-3.6815538,2.324407
1740495082240,-2.2775354,-3.4024546,2.5470474
1740495082244,-2.1497037,-3.0115025,2.6248116
1740495082252,-2.0271983,-2.5577,2.59818
1740495082255,-1.9632823,-2.082592,2.5204158
1740495082259,-1.9718045,-1.6021577,2.4298682
1740495082264,-2.0112193,-1.1121361,2.3510387
1740495082269,-1.9984361,-0.588026,2.2722092
1740495082274,-1.8578212,-0.020240024,2.1571605
1740495082279,-1.8578212,-0.020240024,2.1571605
1740495082284,-1.5701998,0.55287224,1.9781961
1740495082290,-1.1515509,1.063134,1.7417074
1740495082294,-0.63702816,1.4476944,1.474326
1740495082301,-0.07243799,1.655421,1.2069446
1740495082305,0.48469532,1.6724652,0.95128113
1740495082309,1.0045444,1.5339808,0.69774824
1740495082314,1.470065,1.3379722,0.44847634
1740495082318,1.8535602,1.1547467,0.18855181
1740495082324,2.1177456,1.0524813,-0.08522116
1740495082329,2.23599,1.0407634,-0.38242993
1740495082334,2.1880531,1.0610034,-0.71585774
1740495082339,1.9803267,1.0844392,-1.0737866
1740495082343,1.6458336,1.1089402,-1.4189322
1740495082348,1.2335763,1.1291803,-1.7140105
1740495082353,0.7946873,1.1622036,-1.9228023
1740495082358,0.37284255,1.2048141,-2.026133
1740495082364,0.002130529,1.2389026,-2.0240026
1740495082369,-0.27483824,1.2793826,-1.9228023
1740495082373,-0.47617322,1.3273195,-1.7108147
1740495082378,-0.660464,1.3241237,-1.4104102
1740495082384,-0.8447547,1.2069446,-1.0578076
1740495082388,-1.0620687,0.9534117,-0.69987875
1740495082394,-1.2985574,0.5550028,-0.36645097
1740495082398,-1.5009576,0.04261058,-0.053263225
1740495082403,-1.6660736,-0.5251754,0.2514024
1740495082408,-1.8109496,-1.0535465,0.551807
1740495082413,-1.9313245,-1.478587,0.8341021
1740495082418,-2.0229373,-1.7907095,1.0460896
1740495082422,-2.0634172,-1.973935,1.1313108
1740495082428,-2.0005667,-1.9941751,1.0663297
1740495082433,-1.7992316,-1.8311896,0.86606
1740495082438,-1.4721955,-1.5137408,0.5901565
1740495082442,-1.0791129,-1.0940266,0.29188246
1740495082448,-0.660464,-0.62744075,-0.011717909
1740495082453,-0.26312032,-0.14807177,-0.30999196
1740495082457,-0.024501082,0.45486793,-0.5454154
1740495082462,0.039414786,1.123854,-0.72437984
1740495082467,0.04474111,1.7353158,-0.9033443
1740495082472,0.020240024,2.2391858,-1.1014835
1740495082477,-0.0053263223,2.5885925,-1.3145363
1740495082483,-0.00958738,2.7398603,-1.5371766
1740495082487,-0.002130529,2.6865969,-1.7726
1740495082492,0.0010652645,2.424542,-2.0208068
1740495082497,0.0,1.9941751,-2.2860575
1740495082502,-0.004261058,1.4444987,-2.5598304
1740495082507,-0.0053263223,0.8330368,-2.8261466
1740495082511,-0.007456851,0.18322548,-3.0668964
1740495082516,-0.007456851,-0.43782368,-3.274623
1740495082522,0.002130529,-0.99708754,-3.4514568
1740495082526,0.015978966,-1.4732608,-3.6048548
1740495082531,0.034088463,-1.892975,-3.7497308
1740495082538,0.034088463,-2.263687,-3.8903458
1740495082541,-0.0053263223,-2.5672874,-4.0096555
1740495082546,-0.09374327,-2.7973845,-4.1023335
1740495082552,-0.23755397,-2.915629,-4.149205
1740495082556,-0.43782368,-2.8943236,-4.143879
1740495082561,-0.664725,-2.7324033,-4.0831585
1740495082566,-0.87351686,-2.466087,-4.0181775
1740495082575,-1.0396981,-2.1497037,-3.9904807
1740495082575,-1.1494204,-1.7832527,-3.987285
1740495082580,-1.2069446,-1.3763217,-4.0224385
1740495082586,-1.252751,-0.9896307,-4.103399
1740495082591,-1.3187973,-0.6540724,-4.2120557
1740495082595,-1.3230585,-0.36005938,-4.3249736
1740495082600,-1.2506205,-0.10652645,-4.424043
1740495082605,-1.1323761,0.098004326,-4.498612
1740495082610,-0.9353022,0.294013,-4.543353
1740495082615,-0.6498113,0.53795856,-4.543353
1740495082620,-0.29294774,0.78723043,-4.5220475
1740495082630,0.06711166,1.0045444,-4.476241
1740495082630,0.4101268,1.1206582,-4.4485445
1740495082635,0.74675035,1.0908308,-4.4528055
1740495082640,1.0759171,0.9139969,-4.4815674
1740495082645,1.3699301,0.6263755,-4.5209823
1740495082650,1.6362462,0.24074976,-4.5838327
1740495082655,1.881257,-0.17789917,-4.65201
1740495082659,2.0836573,-0.5752428,-4.705273
1740495082665,2.2604911,-0.9139969,-4.7457533
1740495082669,2.3446472,-1.1046792,-4.7510796
1740495082675,2.1827269,-1.1408982,-4.687164
1740495082680,1.9409119,-1.0982877,-4.598747
1740495082685,1.6852484,-1.0056096,-4.498612
1740495082691,1.4104102,-0.86392945,-4.3803673
1740495082695,1.1536814,-0.69774824,-4.24934
1740495082700,0.95128113,-0.51984906,-4.117247
1740495082705,0.8159926,-0.3323625,-4.0021987
1740495082710,0.74675035,-0.12250541,-3.930826
1740495082714,0.757403,0.12996227,-3.882889
1740495082720,0.8681905,0.42290998,-3.8296256
1740495082725,1.1377025,0.8926916,-3.717773
1740495082730,1.4849787,1.4753913,-3.5675707
1740495082734,1.8056233,2.0879183,-3.4248252
1740495082739,2.0836573,2.7419908,-3.2874062
1740495082745,2.3137543,3.4493263,-3.1606395
1740495082749,2.4991105,4.201403,-3.057309
1740495082754,2.561961,4.931109,-2.9507825
1740495082758,2.15503,4.6275086,-2.936934
1740495082764,1.6500946,3.879693,-2.9145637
1740495082768,1.2112057,3.1808796,-2.8304076
1740495082773,0.87138635,2.6802053,-2.6599653
1740495082779,0.60080916,2.4564998,-2.4096282
1740495082783,0.36645097,2.376605,-2.1038973
1740495082788,0.13954964,2.167813,-1.7544906
1740495082793,-0.068176925,1.75236,-1.3763217
1740495082799,-0.22050974,1.2911005,-1.0226538
1740495082803,-0.30040458,0.8788432,-0.7339672
1740495082808,-0.330232,0.5091964,-0.50813115
1740495082813,-0.32490566,0.21198763,-0.3472762
1740495082819,-0.2790993,-0.0063915867,-0.23648871
1740495082823,-0.20772657,-0.1438107,-0.16192019
1740495082828,-0.16085494,-0.19707392,-0.12676647
1740495082833,-0.17044231,-0.17470337,-0.12783173
1740495082838,-0.24714136,-0.099069595,-0.15126756
1740495082843,-0.3685815,-0.049002163,-0.18535602
1740495082848,-0.49854377,-0.17789917,-0.20240025
1740495082855,-0.6135923,-0.45380265,-0.16192019
1740495082858,-0.69135666,-0.8309063,-0.06711166
1740495082863,-0.70627034,-1.2293152,0.0628506
1740495082867,-0.64341974,-1.5584819,0.19281286
1740495082884,-0.5113269,-1.5084145,0.3206446
1740495082884,-0.36645097,-0.86392945,0.49854377
1740495082885,-0.23542345,-0.13848437,0.7105314
1740495082888,-0.08735169,0.24607609,0.86499476
1740495082892,0.06498113,0.3334278,0.92464954
1740495082897,0.19920446,0.2790993,0.9310411
1740495082902,0.314253,0.221575,0.9416938
1740495082908,0.41225734,0.22264028,0.9821738
1740495082913,0.49215218,0.23861924,1.0354371
1740495082918,0.5656554,0.2066613,1.0705907
1740495082922,0.62317973,0.10226539,1.0801781
1740495082927,0.6562029,-0.314253,1.0524813
1740495082933,0.5656554,-1.026915,0.9576728
1740495082937,0.3717773,-1.1313108,0.8948221
1740495082942,0.096939065,-0.9555422,0.8479505
1740495082947,-0.23648871,-0.68389976,0.7456851
1740495082952,-0.56245965,-0.44208476,0.6402239
1740495082957,-0.81066626,-0.19387813,0.572047
1740495082963,-0.8926916,0.04474111,0.5432849
1740495082967,-0.89588743,0.033023197,0.59867865
1740495082971,-0.8724516,-0.10972224,0.74248934
1740495082977,-0.7946873,-0.294013,0.9054748
1740495082982,-0.6892261,-0.551807,1.0503508
1740495082987,-0.61678815,-0.87564737,1.160073
1740495082991,-0.64555025,-1.2474247,1.2442288
1740495082996,-0.7946873,-1.5808525,1.3315805
1740495083001,-1.0237192,-1.8237327,1.4476944
1740495083006,-1.2303804,-1.9568908,1.6021577
1740495083011,-1.3006879,-1.9813919,1.7694043
1740495083016,-1.1941614,-1.9228023,1.9249328
1740495083021,-0.9406285,-1.8524948,1.9259981
1740495083026,-0.64341974,-1.8588865,1.7374463
1740495083031,-0.37603834,-1.8386464,1.4327807
1740495083037,-0.19813919,-1.7715348,1.0887003
1740495083040,-0.15020229,-1.7214674,0.7978831
1740495083046,-0.24394555,-1.7789917,0.6412892
1740495083050,-0.41971418,-1.8908445,0.63702816
1740495083055,-0.628506,-2.078331,0.71798825
1740495083060,-0.8426242,-2.2849922,0.79681784
1740495083100,-1.0088054,-2.4298682,0.8607337
1740495083101,-1.1057445,-2.4256072,0.9193232
1740495083101,-1.135572,-2.2125542,0.9800433
1740495083101,-1.1153319,-1.8706044,1.0535465
1740495083101,-1.0663297,-1.5190672,1.1419635
1740495083101,-1.0056096,-1.1973573,1.2250541
1740495083101,-0.94488955,-0.93423694,1.2868395
1740495083102,-0.89162636,-0.7414241,1.3145363
1740495083111,-0.84368944,-0.63702816,1.3038837
1740495083112,-0.8064052,-0.588026,1.257012
1740495083114,-0.7840346,-0.5603291,1.176052
1740495083132,-0.7584683,-0.5432849,1.0823087
1740495083132,-0.7339672,-0.49215218,0.98430437
1740495083132,-0.7073356,-0.3749731,0.9033443
1740495083142,-0.66152924,-0.22796659,0.8692558
1740495083143,-0.5944176,-0.099069595,0.87138635
1740495083143,-0.5230448,0.007456851,0.90654004
1740495083150,-0.44847634,0.09161274,0.9534117
1740495083154,-0.3749731,0.16724652,0.9768475
1740495083160,-0.30466563,0.24501082,0.94595486
1740495083164,-0.23116238,0.3153183,0.8692558
1740495083169,-0.15233281,0.3685815,0.76592517
1740495083174,-0.06924219,0.4111921,0.66152924
1740495083180,0.014913702,0.4495416,0.56672066
1740495083184,0.098004326,0.4676511,0.48469532
1740495083188,0.17789917,0.46019423,0.41971418
1740495083195,0.2428803,0.43888897,0.37710363
1740495083206,0.28016454,0.4101268,0.35899413
1740495083206,0.294013,0.38456047,0.36325517
1740495083208,0.28336033,0.3568636,0.37071204
1740495083216,0.2545982,0.3291667,0.36964676
1740495083219,0.2130529,0.3206446,0.3568636
1740495083224,0.165116,0.3355583,0.3323625
1740495083229,0.128897,0.37284255,0.2908172
1740495083238,0.11611383,0.4293016,0.24607609
1740495083255,0.128897,0.50387007,0.19813919
1740495083255,0.15659387,0.58056915,0.14487597
1740495083256,0.19600865,0.6668556,0.099069595
1740495083256,0.25033715,0.77231675,0.06711166
1740495083259,0.3472762,0.90654004,0.049002163
1740495083263,0.49960902,1.0205233,0.040480047
1740495083268,0.6775082,1.0908308,0.040480047
1740495083273,0.8479505,1.1387677,0.0479369
1740495083277,0.98750013,1.1536814,0.06391586
1740495083282,1.0855045,1.1291803,0.080960095
1740495083288,1.1387677,1.0652645,0.10013486
1740495083294,1.1558119,0.9619338,0.11824436
1740495083298,1.1536814,0.86392945,0.099069595
1740495083302,1.1547467,0.8085357,-0.034088463
1740495083310,1.1334413,0.7978831,-0.30466563
1740495083313,1.0599382,0.7584683,-0.58909124
1740495083318,0.9416938,0.6679208,-0.80107886
1740495083322,0.8064052,0.55074173,-0.9108011
1740495083327,0.6530071,0.4293016,-0.9108011
1740495083332,0.49534798,0.28122982,-0.8245147
1740495083337,0.36432046,0.08628642,-0.67963874
1740495083342,0.27803403,-0.05006743,-0.5049353
1740495083346,0.2247708,-0.12676647,-0.33449304
1740495083352,0.19068234,-0.19813919,-0.19707392
1740495083357,0.17044231,-0.27164245,-0.10546118
1740495083362,0.14594123,-0.3355583,-0.06924219
1740495083366,0.10865697,-0.3888215,-0.09161274
1740495083372,0.05752428,-0.42077947,-0.15659387
1740495083377,-0.0127831735,-0.4293016,-0.24607609
1740495083381,-0.101200126,-0.43569317,-0.3355583
1740495083386,-0.20026971,-0.45167214,-0.4079963
1740495083392,-0.29507825,-0.49002165,-0.45699844
1740495083397,-0.37923414,-0.5965481,-0.48363006
1740495083402,-0.45167214,-0.8223842,-0.49747851
1740495083407,-0.51026165,-1.1259845,-0.5070659
1740495083411,-0.5475459,-1.4636734,-0.51026165
1740495083416,-0.56459016,-1.808819,-0.51026165
1740495083421,-0.5699165,-2.1486385,-0.5123922
1740495083426,-0.5571333,-2.4586303,-0.4910869
1740495083431,-0.54435015,-2.706837,-0.42290998
1740495083437,-0.59122175,-2.8836708,-0.3206446
1740495083441,-0.7307714,-2.9561088,-0.18642128
1740495083446,-0.96619487,-2.9539783,-0.051132694
1740495083451,-1.2559468,-2.9358687,0.06711166
1740495083456,-1.5488945,-2.928412,0.15765914
1740495083461,-1.8013622,-2.944391,0.22583607
1740495083465,-1.9920446,-2.957174,0.27696875
1740495083471,-2.1209416,-2.9262815,0.31638354
1740495083476,-2.1784658,-2.819755,0.34621096
1740495083480,-2.1603563,-2.6290727,0.35153726
1740495083486,-1.6319852,-1.6916399,-0.04474111
1740495083490,-1.063134,-0.99708754,-0.39734364
1740495083495,-0.7052051,-0.6487461,-0.3898868
1740495083500,-0.38775626,-0.37603834,-0.3323625
1740495083505,-0.16298546,-0.2876214,-0.33129725
1740495083510,-0.024501082,-0.26631612,-0.3888215
1740495083515,0.05006743,-0.2514024,-0.47617322
1740495083520,0.08628642,-0.2130529,-0.5571333
1740495083524,0.0958738,-0.18748654,-0.60293967
1740495083529,0.070307456,-0.23861924,-0.6135923
1740495083535,0.01917476,-0.33662358,-0.59867865
1740495083539,-0.054328486,-0.4314321,-0.5571333
1740495083544,-0.111852765,-0.43036684,-0.41225734
1740495083549,-0.14061491,-0.44528055,-0.19920446
1740495083554,-0.17576863,-0.58696073,0.008522116
1740495083559,-0.23009712,-0.7520767,0.19920446
1740495083564,-0.30040458,-0.8831042,0.35899413
1740495083570,-0.37710363,-0.95234644,0.49321744
1740495083575,-0.46019423,-0.9598033,0.628506
1740495083580,-0.51984906,-0.90014845,0.7584683
1740495083585,-0.551807,-0.8362326,0.8767126
1740495083590,-0.5592638,-0.77444726,0.9619338
1740495083608,-0.55606806,-0.70200926,1.0002834
1740495083608,-0.43782368,-0.29827404,0.9033443
1740495083609,-0.43782368,-0.29827404,0.9033443
1740495083611,-0.24820662,-0.03195793,0.7819041
1740495083615,-0.002130529,0.07350325,0.63702816
1740495083619,0.2545982,0.07137272,0.47404268
1740495083624,0.4889564,0.0479369,0.30253512
1740495083629,0.67324716,-0.004261058,0.14061491
1740495083634,0.80533993,-0.08735169,0.0031957934
1740495083640,0.8831042,-0.19707392,-0.068176925
1740495083644,0.9129316,-0.3270362,-0.06391586
1740495083649,0.9054748,-0.47830373,-0.010652645
1740495083653,0.8628642,-0.6317018,0.049002163
1740495083658,0.79255676,-0.7637946,0.08948222
1740495083664,0.69987875,-0.85753787,0.099069595
1740495083668,0.7350325,-0.6466155,-0.05965481
1740495083675,0.76059884,-0.4016047,-0.14807177
1740495083685,0.72011876,-0.16085494,-0.11504856
1740495083686,0.68389976,0.16618125,-0.094808534
1740495083690,0.6380934,0.5049353,-0.07563378
1740495083694,0.58269966,0.8479505,-0.06711166
1740495083701,0.5230448,1.1824435,-0.05752428
1740495083704,0.4708469,1.4828482,-0.02130529
1740495083709,0.42290998,1.7267936,0.053263225
1740495083717,0.38029942,1.9132149,0.1587244
1740495083718,0.33768883,2.0367856,0.2790993
1740495083724,0.29933932,2.0996363,0.39414784
1740495083728,0.26525086,2.1177456,0.49641323
1740495083733,0.23542345,2.1081583,0.5795039
1740495083738,0.20772657,2.0836573,0.6412892
1740495083743,0.18216023,2.0655477,0.69029135
1740495083748,0.15446335,2.0399814,0.737163
1740495083755,0.15446335,2.0399814,0.737163
1740495083757,0.13741912,1.9025623,0.74781567
1740495083762,0.13422333,1.6735305,0.71798825
1740495083767,0.08522116,1.567004,0.69774824
1740495083773,0.004261058,1.5169365,0.6668556
1740495083778,-0.0628506,1.365669,0.5933523
1740495083783,-0.10652645,1.1014835,0.4889564
1740495083789,-0.15765914,0.8564726,0.39521313
1740495083794,-0.22903186,0.73822826,0.32810146
1740495083798,-0.3685815,0.5752428,0.31318775
1740495083803,-0.59867865,0.23435818,0.34194988
1740495083808,-0.757403,-0.060720075,0.34514567
1740495083815,-0.8032094,-0.10333065,0.30146983
1740495083817,-0.7584683,0.004261058,0.23755397
1740495083823,-0.6508766,0.13102753,0.16618125
1740495083827,-0.50387007,0.23542345,0.10972224
1740495083834,-0.35153726,0.31638354,0.082025364
1740495083838,-0.2066613,0.3888215,0.084155895
1740495083842,-0.084155895,0.4527374,0.11611383
1740495083848,0.004261058,0.5123922,0.17044231
1740495083852,0.058589544,0.5613944,0.23755397
1740495083857,0.08735169,0.59228706,0.30999196
1740495083865,0.10972224,0.59867865,0.37710363
1740495083866,0.14061491,0.58909124,0.43888897
1740495083872,0.20133498,0.531567,0.49747851
1740495083879,0.31318775,0.4261058,0.5486112
1740495083885,0.45167214,0.38562572,0.5784386
1740495083885,0.60293967,0.46232477,0.572047
1740495083891,0.7499462,0.624245,0.5187838
1740495083898,0.8863,0.7755125,0.43356264
1740495083901,1.0066749,0.84581995,0.33129725
1740495083906,1.0897655,0.82877576,0.21731395
1740495083911,1.1068097,0.76485986,0.12037488
1740495083918,1.0365024,0.7222493,0.07456851
1740495083921,0.8745821,0.737163,0.09054748
1740495083926,0.644485,0.7914915,0.15020229
1740495083933,0.3898868,0.8362326,0.22796659
1740495083937,0.15978967,0.83942837,0.30466563
1740495083941,-0.015978966,0.8021441,0.38029942
1740495083946,-0.12357068,0.74035877,0.45486793
1740495083950,-0.16085494,0.68816084,0.5219796
1740495083956,-0.13422333,0.6743124,0.57417756
1740495083961,-0.053263225,0.71585774,0.5997439
1740495083965,0.07243799,0.793622,0.58696073
1740495083970,0.2247708,0.8841695,0.5368933
1740495083975,0.3920173,0.96619487,0.47191215
1740495083980,0.5603291,1.0034791,0.4048005
1740495083985,0.7190535,0.9619338,0.31851408
1740495083991,0.8586032,0.86499476,0.23755397
1740495083995,0.96406436,0.7414241,0.17470337
1740495084000,1.0247844,0.61572284,0.1257012
1740495084004,1.031176,0.5187838,0.08735169
1740495084009,0.9864349,0.45380265,0.04474111
1740495084016,0.9012137,0.39734364,-0.0053263223
1740495084020,0.7882957,0.33129725,-0.06711166
1740495084025,0.65513766,0.23222765,-0.13635385
1740495084029,0.50600064,0.084155895,-0.20240025
1740495084034,0.350472,-0.084155895,-0.25672874
1740495084039,0.2034655,-0.25033715,-0.294013
1740495084044,0.06711166,-0.3898868,-0.3174488
1740495084049,-0.049002163,-0.49321744,-0.32170987
1740495084054,-0.14487597,-0.55606806,-0.29933932
1740495084058,-0.22796659,-0.57311225,-0.2428803
1740495084063,-0.30146983,-0.54648066,-0.15233281
1740495084068,-0.37071204,-0.47191215,-0.04474111
1740495084074,-0.42397526,-0.37923414,0.05965481
1740495084078,-0.45060685,-0.27696875,0.15978967
1740495084083,-0.43036684,-0.18322548,0.24394555
1740495084088,-0.3653857,-0.10972224,0.28122982
1740495084093,-0.2695119,-0.0777643,0.26205507
1740495084101,-0.14913702,-0.10972224,0.19707392
1740495084103,-0.02130529,-0.20026971,0.11504856
1740495084108,0.128897,-0.4857606,0.049002163
1740495084113,0.39840892,-1.103614,0.025566347
1740495084123,0.60507023,-1.3699301,0.0479369
1740495084123,0.608266,-1.0333065,0.07989483
1740495084127,0.41225734,-0.22583607,0.058589544
1740495084134,0.15233281,0.628506,-0.0053263223
1740495084137,-0.040480047,1.2399678,-0.06498113
1740495084142,-0.111852765,1.526524,-0.11824436
1740495084147,-0.051132694,1.6074841,-0.18642128
1740495084153,0.101200126,1.5701998,-0.27483824
1740495084157,0.30466563,1.4562165,-0.36751625
1740495084162,0.53263223,1.2729911,-0.4314321
1740495084167,0.76272935,1.0365024,-0.45380265
1740495084172,0.9768475,0.7616641,-0.4463458
1740495084176,1.1558119,0.47723848,-0.4293016
1740495084181,1.2836437,0.21518342,-0.4111921
1740495084187,1.365669,-0.02876214,-0.39734364
1740495084192,1.4189322,-0.24607609,-0.39095205
1740495084196,1.4210628,-0.3920173,-0.39521313
1740495084201,1.3486248,-0.4463458,-0.4101268
1740495084206,1.2037488,-0.39734364,-0.43675843
