1741099326839,1021.8867
1741099327017,1022.14746
1741099327194,1021.95483
1741099327374,1021.9492
1741099327552,1022.15625
1741099327729,1022.1885
1741099327910,1022.14746
1741099328085,1022.17505
1741099328262,1022.1814
1741099328443,1021.93506
1741099328632,1022.1936
1741099328799,1021.9668
1741099328976,1022.239
1741099329153,1021.97314
1741099329340,1022.0691
1741099329514,1022.1953
1741099329689,1022.178
1741099329865,1022.22925
1741099330045,1022.1704
1741099330229,1022.20996
1741099330400,1022.1875
1741099330608,1022.1218
1741099330752,1022.1814
1741099330932,1022.25757
1741099331109,1022.2561
1741099331289,1022.0769
1741099331466,1022.0012
1741099331647,1022.218
1741099331822,1022.20435
1741099332001,1022.21387
1741099332183,1022.1892
1741099332356,1022.166
1741099332536,1022.20776
1741099332719,1022.2112
1741099332888,1021.979
1741099333068,1022.0012
1741099333246,1022.0017
1741099333422,1021.99365
1741099333604,1022.0134
1741099333781,1022.14404
1741099333957,1022.1821
1741099334147,1022.1687
1741099334312,1021.9917
1741099334495,1022.2095
1741099334668,1022.18726
1741099334860,1022.2212
1741099335023,1022.19946
1741099335201,1021.93506
1741099335380,1022.1592
1741099335559,1022.1914
1741099335738,1022.13354
1741099335914,1022.1992
1741099336092,1022.1719
1741099336271,1022.21265
1741099336447,1022.1223
1741099336627,1022.155
1741099336808,1022.16626
1741099336983,1022.1609
1741099337165,1022.145
1741099337339,1022.20337
1741099337519,1022.19727
1741099337697,1022.1455
1741099337872,1022.1665
1741099338050,1022.1782
1741099338228,1022.19556
1741099338403,1022.2124
1741099338587,1022.22437
1741099338762,1022.1499
1741099338941,1022.1909
1741099339122,1022.19165
1741099339297,1022.18945
1741099339473,1022.0051
1741099339652,1022.20264
1741099339830,1022.1985
1741099340008,1022.2361
1741099340189,1022.2473
1741099340365,1022.2024
1741099340542,1022.18945
1741099340719,1022.2053
1741099340899,1022.17896
1741099341073,1022.23535
1741099341251,1022.16016
1741099341427,1022.2302
1741099341606,1022.13745
1741099341784,1022.2356
1741099341963,1022.1843
1741099342142,1022.1885
1741099342320,1022.1985
1741099342498,1022.19604
1741099342676,1022.17993
1741099342855,1022.2322
1741099343030,1022.12354
1741099343213,1022.1472
1741099343386,1021.9905
1741099343564,1022.21875
1741099343744,1022.22217
1741099343921,1022.1199
1741099344099,1022.1765
1741099344276,1022.16626
1741099344454,1022.14966
1741099344633,1022.1797
1741099344812,1022.1362
1741099344987,1022.22
1741099345168,1022.2107
1741099345345,1022.1975
1741099345521,1022.13086
1741099345701,1022.17236
1741099345879,1022.14136
1741099346056,1022.15063
1741099346235,1022.20557
1741099346412,1022.1753
1741099346592,1022.1953
1741099346772,1022.2058
1741099346959,1022.16455
1741099347123,1022.1172
1741099347301,1022.1433
1741099347479,1022.2107
1741099347658,1022.2246
1741099347836,1022.1421
1741099348012,1022.1553
1741099348189,1022.20825
1741099348369,1021.9358
1741099348548,1022.17065
1741099348729,1022.14307
1741099348902,1022.1482
1741099349080,1022.1157
1741099349259,1022.1731
1741099349434,1022.13574
1741099349616,1022.13184
1741099349790,1022.1531
1741099349976,1022.22876
1741099350148,1022.08496
1741099350326,1022.1499
1741099350503,1022.14746
1741099350681,1022.14087
1741099350863,1022.17554
1741099351038,1022.1692
1741099351217,1022.2073
1741099351397,1022.16895
1741099351571,1022.1633
1741099351750,1022.2268
1741099351928,1022.2468
1741099352105,1022.21704
1741099352283,1022.1333
1741099352460,1022.21216
1741099352640,1022.21216
1741099352818,1022.22144
1741099353005,1022.1094
1741099353174,1022.1577
1741099353351,1022.2261
1741099353533,1022.2739
1741099353708,1022.1782
1741099353884,1022.11914
1741099354062,1022.23267
1741099354244,1022.25024
1741099354417,1022.19653
1741099354597,1022.1157
1741099354778,1022.2163
1741099354951,1022.30786
1741099355130,1022.09863
1741099355308,1022.08374
1741099355496,1022.2334
1741099355663,1022.3115
1741099355841,1022.2173
1741099356020,1022.12524
1741099356198,1022.23145
1741099356380,1022.32837
1741099356552,1022.06104
1741099356730,1022.1262
1741099356909,1022.2717
1741099357087,1022.2827
1741099357263,1022.0288
1741099357440,1022.1221
1741099357618,1022.21606
1741099357799,1022.2815
1741099357976,1022.2046
1741099358156,1022.07495
1741099358333,1022.2329
1741099358510,1022.3352
1741099358689,1022.0742
1741099358866,1022.094
1741099359043,1022.2529
1741099359221,1022.2554
1741099359400,1022.13354
1741099359577,1022.11304
1741099359766,1022.2422
1741099359934,1022.26
1741099360113,1022.2866
1741099360292,1022.1365
1741099360470,1022.2422
1741099360644,1022.2471
1741099360826,1022.2561
1741099361002,1022.157
1741099361180,1022.10645
1741099361358,1022.2283
1741099361534,1022.26807
1741099361714,1022.1775
1741099361891,1022.1196
1741099362070,1022.2246
1741099362251,1022.2427
1741099362428,1022.2815
1741099362602,1022.0381
1741099362782,1022.1467
1741099362960,1022.24414
1741099363136,1022.26807
1741099363315,1022.16187
1741099363493,1022.1172
1741099363679,1022.2219
1741099363846,1022.15967
1741099364023,1021.9624
1741099364201,1021.9824
1741099364379,1022.18384
1741099364559,1022.0332
1741099364735,1022.03076
1741099364912,1022.2112
1741099365091,1022.0127
1741099365272,1021.98535
1741099365451,1022.02026
1741099365626,1022.26733
1741099365805,1022.1089
1741099365983,1022.156
1741099366164,1022.1775
1741099366345,1022.2615
1741099366530,1022.06885
1741099366693,1021.989
1741099366870,1022.0674
1741099367048,1022.0049
1741099367227,1021.98926
1741099367407,1022.0325
1741099367597,1022.18677
1741099367761,1022.1284
1741099367937,1022.0117
1741099368116,1022.0691
1741099368296,1021.9678
1741099368471,1021.92993
1741099368650,1021.9988
1741099368830,1021.96826
1741099369008,1022.1509
1741099369187,1022.1013
1741099369365,1022.1062
1741099369540,1022.0696
1741099369720,1022.1599
1741099369897,1022.0869
1741099370078,1022.04614
1741099370252,1022.125
1741099370431,1022.083
1741099370610,1022.13354
1741099370789,1022.1101
1741099370967,1022.0559
1741099371146,1022.2427
1741099371320,1021.86206
1741099371496,1021.8784
1741099371674,1022.114
1741099371855,1021.90137
1741099372042,1021.9387
1741099372214,1022.083
1741099372389,1022.02515
1741099372575,1022.0298
1741099372743,1022.0283
1741099372922,1022.03174
1741099373098,1022.0486
1741099373275,1021.99585
