1741113599612,1022.41626
1741113599626,1022.46185
1741113599665,1022.50684
1741113599705,1022.5276
1741113599725,1022.55054
1741113599765,1022.5545
1741113599805,1022.5615
1741113599826,1022.5719
1741113599865,1022.57263
1741113599905,1022.5737
1741113599926,1022.5737
1741113599965,1022.57654
1741113599985,1022.57263
1741113600027,1022.5659
1741113600065,1022.5767
1741113600109,1022.5774
1741113600133,1022.57117
1741113600166,1022.56714
1741113600206,1022.5698
1741113600226,1022.57385
1741113600268,1022.5814
1741113600305,1022.5787
1741113600327,1022.5631
1741113600366,1022.5581
1741113600406,1022.5608
1741113600425,1022.5582
1741113600465,1022.5589
1741113600507,1022.5556
1741113600526,1022.5508
1741113600566,1022.5499
1741113600606,1022.56665
1741113600627,1022.5631
1741113600665,1022.5612
1741113600705,1022.5629
1741113600725,1022.5617
1741113600765,1022.56165
1741113600805,1022.56445
1741113600826,1022.56555
1741113600864,1022.566
1741113600904,1022.5643
1741113600924,1022.57104
1741113600964,1022.56934
1741113601004,1022.56934
1741113601024,1022.56604
1741113601064,1022.5656
1741113601104,1022.56714
1741113601124,1022.569
1741113601195,1022.5725
1741113601204,1022.5715
1741113601227,1022.5807
1741113601267,1022.569
1741113601305,1022.5657
1741113601325,1022.57324
1741113601424,1022.5654
1741113601447,1022.57477
1741113601485,1022.57355
1741113601524,1022.5803
1741113601548,1022.58997
1741113601584,1022.57916
1741113601623,1022.57495
1741113601644,1022.5807
1741113601684,1022.57935
1741113601723,1022.58203
1741113601745,1022.5932
1741113601784,1022.6012
1741113601824,1022.59106
1741113601845,1022.597
1741113601890,1022.58887
1741113601923,1022.58356
1741113601945,1022.587
1741113601984,1022.588
1741113602024,1022.58105
1741113602045,1022.578
1741113602084,1022.58374
1741113602124,1022.5901
1741113602145,1022.5869
1741113602184,1022.58435
1741113602223,1022.5908
1741113602244,1022.5961
1741113602283,1022.6087
1741113602323,1022.6071
1741113602344,1022.60315
1741113602384,1022.60034
1741113602423,1022.60266
1741113602443,1022.60925
1741113602483,1022.6054
1741113602523,1022.60425
1741113602543,1022.6056
1741113602583,1022.616
1741113602623,1022.6178
1741113602643,1022.61774
1741113602683,1022.61755
1741113602723,1022.61646
1741113602743,1022.6191
1741113602783,1022.6259
1741113602823,1022.62915
1741113602843,1022.6293
1741113602884,1022.63184
1741113602923,1022.6304
1741113602943,1022.6334
1741113602983,1022.62744
1741113603023,1022.6155
1741113603043,1022.6074
1741113603083,1022.60803
1741113603123,1022.61945
1741113603143,1022.62415
1741113603183,1022.6161
1741113603223,1022.6035
1741113603243,1022.60596
1741113603283,1022.6094
1741113603323,1022.61053
1741113603343,1022.6105
1741113603389,1022.6127
1741113603423,1022.6083
1741113603447,1022.6068
1741113603485,1022.60516
1741113603523,1022.60443
1741113603543,1022.6001
1741113603583,1022.60535
1741113603623,1022.605
1741113603642,1022.60254
1741113603683,1022.5919
1741113603723,1022.59094
1741113603743,1022.5998
1741113603782,1022.6006
1741113603822,1022.5957
1741113603845,1022.5944
1741113603884,1022.58875
1741113603923,1022.5935
1741113603942,1022.6
1741113603984,1022.60266
1741113604022,1022.6108
1741113604043,1022.60834
1741113604082,1022.5969
1741113604123,1022.576
1741113604142,1022.58594
1741113604183,1022.6015
1741113604223,1022.5998
1741113604242,1022.60236
1741113604283,1022.5997
1741113604323,1022.6002
1741113604343,1022.5925
1741113604387,1022.5913
1741113604422,1022.5986
1741113604442,1022.5876
1741113604482,1022.58264
1741113604523,1022.57654
1741113604542,1022.574
1741113604583,1022.5802
1741113604624,1022.5856
1741113604643,1022.58044
1741113604682,1022.57825
1741113604722,1022.5758
1741113604742,1022.57404
1741113604782,1022.57825
1741113604823,1022.56854
1741113604842,1022.5634
1741113604883,1022.5578
1741113604923,1022.5599
1741113604943,1022.55963
1741113604982,1022.55304
1741113605022,1022.56104
1741113605042,1022.5547
1741113605082,1022.55084
1741113605122,1022.5444
1741113605142,1022.5554
1741113605182,1022.55634
1741113605222,1022.56067
1741113605242,1022.5617
1741113605282,1022.5499
1741113605322,1022.53735
1741113605343,1022.53656
1741113605382,1022.5349
1741113605422,1022.5394
1741113605442,1022.5475
1741113605482,1022.55444
1741113605522,1022.54443
1741113605542,1022.5378
1741113605582,1022.532
1741113605621,1022.53
1741113605642,1022.5403
1741113605681,1022.5393
1741113605722,1022.53564
1741113605743,1022.532
1741113605783,1022.53296
1741113605822,1022.52155
1741113605843,1022.51917
1741113605882,1022.5209
1741113605930,1022.5178
1741113605944,1022.51886
1741113605983,1022.52686
1741113606031,1022.5302
1741113606050,1022.5248
1741113606085,1022.52814
1741113606131,1022.5154
1741113606150,1022.5115
1741113606185,1022.52686
1741113606222,1022.5329
1741113606245,1022.5256
1741113606283,1022.5314
1741113606325,1022.5369
1741113606342,1022.5296
1741113606382,1022.5218
1741113606425,1022.5189
1741113606443,1022.52454
1741113606485,1022.5298
1741113606524,1022.52783
1741113606543,1022.52673
1741113606582,1022.5233
1741113606623,1022.5148
1741113606642,1022.53156
1741113606682,1022.53125
1741113606724,1022.5216
1741113606743,1022.5223
1741113606782,1022.5226
1741113606823,1022.5304
1741113606843,1022.5348
1741113606884,1022.5285
1741113606932,1022.52216
1741113606948,1022.5165
1741113606983,1022.5217
1741113607021,1022.519
1741113607044,1022.5205
1741113607082,1022.5192
1741113607124,1022.52094
1741113607152,1022.5172
1741113607182,1022.51624
1741113607222,1022.50867
1741113607248,1022.5108
1741113607282,1022.5181
1741113607321,1022.5059
1741113607345,1022.50256
1741113607386,1022.5124
1741113607422,1022.51807
1741113607445,1022.51013
1741113607485,1022.51636
1741113607521,1022.51587
1741113607544,1022.50726
1741113607584,1022.5132
1741113607620,1022.50494
1741113607647,1022.51965
1741113607682,1022.5259
1741113607720,1022.52563
1741113607742,1022.52
1741113607782,1022.5107
1741113607822,1022.5098
1741113607841,1022.50714
1741113607884,1022.51654
1741113607920,1022.515
1741113607942,1022.51746
1741113607985,1022.5201
1741113608021,1022.51404
1741113608044,1022.5161
1741113608080,1022.51324
1741113608121,1022.51105
1741113608142,1022.5128
1741113608183,1022.51044
1741113608221,1022.5144
1741113608241,1022.5137
1741113608285,1022.51416
1741113608321,1022.517
1741113608340,1022.51294
1741113608387,1022.51874
1741113608421,1022.5255
1741113608440,1022.5223
1741113608484,1022.5238
1741113608520,1022.52124
1741113608540,1022.5187
1741113608582,1022.524
1741113608629,1022.52936
1741113608640,1022.52203
1741113608688,1022.5104
1741113608722,1022.506
1741113608740,1022.5141
1741113608788,1022.50793
1741113608832,1022.5128
1741113608845,1022.5203
1741113608882,1022.5177
1741113608920,1022.5208
1741113608940,1022.5151
1741113608987,1022.5168
1741113609020,1022.5137
1741113609040,1022.5208
1741113609081,1022.5304
1741113609121,1022.52844
1741113609140,1022.51807
1741113609183,1022.5096
1741113609221,1022.51184
1741113609240,1022.51953
1741113609289,1022.5237
1741113609321,1022.5265
1741113609339,1022.51636
1741113609382,1022.5178
1741113609421,1022.5254
1741113609442,1022.5112
1741113609485,1022.5121
1741113609522,1022.5115
1741113609539,1022.5149
1741113609581,1022.51154
1741113609622,1022.50494
1741113609640,1022.5083
1741113609686,1022.50903
1741113609723,1022.50745
1741113609739,1022.512
1741113609780,1022.51166
1741113609820,1022.5175
1741113609845,1022.5224
1741113609879,1022.522
1741113609920,1022.51184
1741113609939,1022.5182
1741113609983,1022.51624
1741113610019,1022.51465
1741113610040,1022.5149
1741113610079,1022.5172
1741113610122,1022.5228
1741113610141,1022.5109
1741113610180,1022.5176
1741113610220,1022.5147
1741113610239,1022.51416
1741113610279,1022.51697
1741113610319,1022.5143
1741113610340,1022.50696
1741113610379,1022.5086
1741113610430,1022.5021
1741113610440,1022.5126
1741113610480,1022.5121
1741113610620,1022.51025
1741113610640,1022.51904
1741113610680,1022.51886
1741113610723,1022.5127
1741113610742,1022.50836
1741113610780,1022.50586
1741113610822,1022.501
1741113610859,1022.50446
1741113610881,1022.50415
1741113610919,1022.5137
1741113610940,1022.5083
1741113610982,1022.4983
1741113611021,1022.49884
1741113611056,1022.5041
1741113611079,1022.50555
1741113611119,1022.50073
1741113611139,1022.50433
1741113611179,1022.507
1741113611223,1022.5086
1741113611247,1022.51184
1741113611280,1022.5073
1741113611323,1022.5144
1741113611344,1022.51465
1741113611381,1022.5152
1741113611422,1022.51263
1741113611442,1022.5086
1741113611481,1022.5095
1741113611532,1022.5143
1741113611546,1022.50854
1741113611580,1022.5143
1741113611619,1022.50946
1741113611643,1022.5122
1741113611682,1022.51
1741113611720,1022.5049
1741113611739,1022.5093
1741113611782,1022.51227
1741113611822,1022.5094
1741113611842,1022.5185
1741113611882,1022.5223
1741113611920,1022.5197
1741113611940,1022.51416
1741113611984,1022.51056
1741113612024,1022.52057
1741113612039,1022.51996
1741113612083,1022.51685
1741113612120,1022.5196
1741113612139,1022.51294
1741113612180,1022.51465
1741113612224,1022.5165
1741113612239,1022.5173
1741113612285,1022.50934
1741113612323,1022.50824
1741113612341,1022.51227
1741113612382,1022.5072
1741113612427,1022.5023
1741113612443,1022.5061
1741113612484,1022.51013
1741113612520,1022.5151
1741113612543,1022.5167
1741113612590,1022.51917
1741113612619,1022.5053
1741113612640,1022.50757
1741113612681,1022.51135
1741113612724,1022.5141
1741113612743,1022.51587
1741113612780,1022.5143
1741113612824,1022.51404
1741113612839,1022.5134
1741113612879,1022.5116
1741113612919,1022.5117
1741113612939,1022.518
1741113612982,1022.51416
1741113613023,1022.50275
1741113613042,1022.5093
1741113613082,1022.5161
1741113613119,1022.50903
1741113613139,1022.5241
1741113613179,1022.5245
1741113613218,1022.5173
1741113613238,1022.51465
1741113613278,1022.5209
1741113613318,1022.52014
1741113613338,1022.5158
1741113613379,1022.51276
1741113613420,1022.5102
1741113613439,1022.5121
1741113613478,1022.51544
1741113613521,1022.50964
1741113613546,1022.5066
1741113613585,1022.50525
1741113613622,1022.51495
1741113613647,1022.5085
1741113613685,1022.50684
1741113613718,1022.5078
1741113613739,1022.515
1741113613780,1022.512
1741113613822,1022.5108
1741113613838,1022.51263
1741113613897,1022.5027
1741113613919,1022.506
1741113613939,1022.51404
1741113613983,1022.51447
1741113614019,1022.5168
1741113614039,1022.5165
1741113614086,1022.51215
1741113614120,1022.5161
1741113614143,1022.5184
1741113614180,1022.5137
1741113614219,1022.5066
1741113614246,1022.5183
1741113614281,1022.5203
1741113614318,1022.5271
1741113614338,1022.53064
1741113614380,1022.5318
1741113614422,1022.5328
1741113614438,1022.5336
1741113614478,1022.54047
1741113614520,1022.5371
1741113614544,1022.5334
1741113614580,1022.5292
1741113614619,1022.5157
1741113614639,1022.51575
1741113614679,1022.52405
1741113614717,1022.52954
1741113614740,1022.5275
1741113614784,1022.52014
1741113614819,1022.51935
1741113614838,1022.52075
1741113614878,1022.51447
1741113614921,1022.5191
1741113614944,1022.5235
1741113614984,1022.52637
1741113615017,1022.52423
1741113615038,1022.529
1741113615077,1022.52954
1741113615117,1022.5232
1741113615139,1022.52844
1741113615177,1022.5266
1741113615245,1022.5255
1741113615246,1022.5199
1741113615277,1022.5276
1741113615319,1022.5355
1741113615338,1022.529
1741113615380,1022.53064
1741113615420,1022.5382
1741113615440,1022.53827
1741113615479,1022.53784
1741113615517,1022.5346
1741113615539,1022.52826
1741113615582,1022.5249
1741113615621,1022.5276
1741113615642,1022.5292
1741113615679,1022.5265
1741113615717,1022.5107
1741113615744,1022.51
1741113615788,1022.507
1741113615825,1022.5
1741113615837,1022.50287
1741113615881,1022.5123
1741113615922,1022.51483
1741113615936,1022.521
1741113615980,1022.5172
1741113616020,1022.5116
1741113616039,1022.5104
1741113616081,1022.51385
1741113616117,1022.5119
1741113616137,1022.5136
1741113616180,1022.51227
1741113616219,1022.50165
1741113616238,1022.5061
1741113616282,1022.51636
1741113616319,1022.523
1741113616341,1022.52673
1741113616381,1022.52673
1741113616417,1022.52295
1741113616439,1022.5201
1741113616476,1022.5205
1741113616517,1022.5104
1741113616538,1022.51416
1741113616580,1022.5214
1741113616624,1022.51874
1741113616637,1022.5112
1741113616679,1022.5093
1741113616722,1022.5099
1741113616742,1022.5194
1741113616780,1022.5183
1741113616821,1022.5203
1741113616840,1022.5271
1741113616883,1022.5205
1741113616919,1022.5243
1741113616954,1022.5175
1741113616977,1022.516
1741113617016,1022.51904
1741113617036,1022.5077
1741113617079,1022.51294
1741113617119,1022.5094
1741113617137,1022.5143
1741113617180,1022.50867
1741113617218,1022.50836
1741113617241,1022.5131
1741113617278,1022.51294
1741113617320,1022.50824
1741113617340,1022.5128
1741113617377,1022.51526
1741113617418,1022.51263
1741113617436,1022.5067
1741113617483,1022.51324
1741113617517,1022.50494
1741113617543,1022.5112
1741113617583,1022.5115
1741113617618,1022.5246
1741113617639,1022.5205
1741113617680,1022.5178
1741113617719,1022.514
1741113617738,1022.5098
1741113617784,1022.5096
1741113617818,1022.5132
1741113617839,1022.52
1741113617877,1022.5133
1741113617920,1022.5101
1741113617945,1022.5112
1741113617977,1022.5079
1741113618022,1022.50696
1741113618036,1022.5069
1741113618080,1022.50323
1741113618120,1022.51526
1741113618138,1022.5122
1741113618178,1022.5144
1741113618217,1022.5048
1741113618237,1022.5073
1741113618278,1022.50836
1741113618323,1022.50824
1741113618336,1022.5065
1741113618377,1022.5048
1741113618428,1022.5084
1741113618440,1022.5151
1741113618478,1022.5228
1741113618519,1022.5249
1741113618539,1022.5208
1741113618578,1022.516
1741113618618,1022.5174
1741113618636,1022.517
1741113618683,1022.5132
1741113618716,1022.5138
1741113618737,1022.5171
1741113618785,1022.51526
1741113618816,1022.5102
1741113618838,1022.4998
1741113618877,1022.50684
1741113618927,1022.5085
1741113618945,1022.51886
1741113618975,1022.52484
1741113619016,1022.512
1741113619036,1022.51996
1741113619080,1022.5191
1741113619122,1022.51794
1741113619136,1022.5171
1741113619182,1022.5065
1741113619219,1022.5035
1741113619239,1022.50934
1741113619276,1022.5088
1741113619317,1022.5077
1741113619337,1022.4963
1741113619376,1022.50195
1741113619415,1022.50104
1741113619440,1022.5082
1741113619475,1022.50354
1741113619520,1022.5017
1741113619535,1022.4944
1741113619576,1022.49335
1741113619616,1022.48376
1741113619641,1022.483
1741113619677,1022.4777
1741113619722,1022.4816
1741113619735,1022.48956
1741113619776,1022.496
1741113619824,1022.5001
1741113619838,1022.48804
1741113619876,1022.48615
1741113619918,1022.4879
1741113619944,1022.48364
1741113619976,1022.48486
1741113620015,1022.4903
1741113620042,1022.4882
1741113620075,1022.48566
1741113620118,1022.48785
1741113620149,1022.49274
1741113620174,1022.4947
1741113620232,1022.49304
1741113620241,1022.4952
1741113620275,1022.495
1741113620317,1022.5034
1741113620335,1022.503
1741113620374,1022.50494
1741113620418,1022.50146
1741113620439,1022.5052
1741113620474,1022.50354
1741113620516,1022.4935
1741113620543,1022.4976
1741113620574,1022.4988
1741113620622,1022.4966
1741113620637,1022.49097
1741113620676,1022.4949
1741113620716,1022.49585
1741113620734,1022.48364
1741113620778,1022.4879
1741113620818,1022.4854
1741113620835,1022.4812
1741113620875,1022.47736
1741113620915,1022.4767
1741113620934,1022.47754
1741113620974,1022.47534
1741113621015,1022.4767
1741113621035,1022.4856
1741113621112,1022.4879
1741113621114,1022.4844
1741113621134,1022.48645
1741113621179,1022.4904
1741113621218,1022.49817
1741113621236,1022.5005
1741113621276,1022.4978
1741113621316,1022.49817
1741113621334,1022.50507
1741113621376,1022.4961
1741113621415,1022.48865
1741113621435,1022.49756
1741113621474,1022.49133
1741113621515,1022.48114
1741113621536,1022.48584
1741113621586,1022.48035
1741113621622,1022.48065
1741113621633,1022.4859
1741113621677,1022.4856
1741113621723,1022.4968
1741113621735,1022.49536
1741113621784,1022.4971
1741113621832,1022.49554
1741113621834,1022.4973
1741113621874,1022.48926
1741113621923,1022.48083
1741113621934,1022.49554
1741113621976,1022.4905
1741113622014,1022.4886
1741113622037,1022.48083
1741113622078,1022.47876
1741113622119,1022.4769
1741113622135,1022.4795
1741113622176,1022.4815
1741113622220,1022.4701
1741113622241,1022.46893
1741113622274,1022.4675
1741113622316,1022.46625
1741113622335,1022.47687
1741113622379,1022.4801
1741113622413,1022.47485
1741113622436,1022.48553
1741113622475,1022.48865
1741113622513,1022.4884
1741113622533,1022.48315
1741113622577,1022.4845
1741113622616,1022.4865
1741113622635,1022.4926
1741113622684,1022.4828
1741113622714,1022.4833
1741113622735,1022.48645
1741113622774,1022.4847
1741113622819,1022.4857
1741113622833,1022.48364
1741113622875,1022.4833
1741113622916,1022.4768
1741113622945,1022.4785
1741113622974,1022.48236
1741113623016,1022.49304
1741113623040,1022.4842
1741113623079,1022.4827
1741113623115,1022.4924
1741113623136,1022.49255
1741113623177,1022.48486
1741113623218,1022.49347
1741113623236,1022.499
1741113623276,1022.4957
1741113623313,1022.4936
1741113623334,1022.49506
1741113623373,1022.489
1741113623414,1022.4851
1741113623438,1022.47974
1741113623474,1022.4835
1741113623516,1022.48206
1741113623542,1022.4792
1741113623575,1022.48395
1741113623620,1022.4819
1741113623635,1022.4736
1741113623684,1022.47144
1741113623715,1022.47784
1741113623735,1022.48444
1741113623774,1022.4915
1741113623815,1022.4867
1741113623836,1022.49475
1741113623875,1022.49615
1741113623913,1022.4962
1741113623935,1022.4803
1741113623972,1022.4869
1741113624022,1022.48126
1741113624032,1022.4733
1741113624074,1022.47394
1741113624117,1022.4684
1741113624134,1022.4697
1741113624178,1022.47003
1741113624217,1022.4686
1741113624235,1022.4742
1741113624273,1022.4778
1741113624314,1022.4876
1741113624334,1022.4851
1741113624375,1022.4905
1741113624415,1022.48096
1741113624435,1022.46826
1741113624474,1022.46924
1741113624515,1022.4795
1741113624535,1022.4822
1741113624583,1022.4811
1741113624615,1022.47327
1741113624636,1022.47437
1741113624676,1022.47626
1741113624717,1022.4817
1741113624732,1022.4804
1741113624773,1022.47534
1741113624814,1022.48267
1741113624839,1022.4873
1741113624875,1022.4905
1741113624914,1022.4908
1741113624942,1022.4916
1741113624972,1022.49243
1741113625019,1022.48315
1741113625032,1022.47565
1741113625075,1022.47766
1741113625115,1022.48145
1741113625134,1022.47675
1741113625176,1022.4894
1741113625216,1022.48206
1741113625235,1022.4758
1741113625285,1022.48065
1741113625314,1022.47955
1741113625335,1022.48254
1741113625373,1022.46967
1741113625413,1022.47424
1741113625436,1022.47546
1741113625472,1022.47174
1741113625513,1022.47064
1741113625532,1022.47205
1741113625582,1022.4789
1741113625618,1022.46814
1741113625638,1022.47266
1741113625682,1022.4742
1741113625711,1022.46875
1741113625734,1022.4741
1741113625772,1022.4699
1741113625813,1022.47015
1741113625832,1022.4657
1741113625877,1022.4673
1741113625912,1022.4692
1741113625931,1022.4692
1741113625974,1022.4603
1741113626012,1022.4589
1741113626034,1022.4662
1741113626113,1022.46564
1741113626113,1022.4654
1741113626133,1022.4727
1741113626173,1022.4839
1741113626214,1022.4866
1741113626233,1022.49414
1741113626273,1022.4829
1741113626314,1022.47595
1741113626333,1022.47986
1741113626371,1022.4815
1741113626413,1022.4845
1741113626433,1022.4789
1741113626473,1022.4832
1741113626513,1022.4975
1741113626533,1022.49036
1741113626573,1022.4784
1741113626615,1022.48
1741113626634,1022.4836
1741113626674,1022.4857
1741113626712,1022.48267
1741113626731,1022.4772
1741113626773,1022.4805
1741113626812,1022.48413
1741113626832,1022.4752
1741113626873,1022.47974
1741113626915,1022.47626
1741113626933,1022.4858
1741113626990,1022.4859
1741113627011,1022.4786
1741113627037,1022.4826
1741113627074,1022.48175
1741113627113,1022.48315
1741113627132,1022.481
1741113627174,1022.4824
1741113627216,1022.4802
1741113627236,1022.48157
1741113627270,1022.4727
1741113627317,1022.4729
1741113627332,1022.47473
1741113627374,1022.48425
1741113627412,1022.49097
1741113627433,1022.4881
1741113627480,1022.48816
1741113627512,1022.48175
1741113627533,1022.47626
1741113627585,1022.4809
1741113627611,1022.4832
1741113627631,1022.4928
1741113627671,1022.48553
1741113627715,1022.4858
1741113627739,1022.48035
1741113627772,1022.47626
1741113627815,1022.473
1741113627832,1022.4759
1741113627873,1022.4818
1741113627915,1022.48944
1741113627934,1022.48755
1741113627977,1022.4814
1741113628018,1022.4833
1741113628033,1022.4846
1741113628074,1022.48224
1741113628110,1022.4811
1741113628132,1022.47485
1741113628176,1022.4846
1741113628218,1022.48755
1741113628230,1022.4852
1741113628274,1022.48706
1741113628318,1022.48474
1741113628331,1022.4851
1741113628374,1022.48145
1741113628420,1022.4786
1741113628434,1022.4771
1741113628480,1022.4757
1741113628510,1022.4796
1741113628530,1022.4856
1741113628573,1022.4949
1741113628611,1022.4932
1741113628631,1022.48425
1741113628672,1022.4803
1741113628710,1022.4802
1741113628732,1022.48065
1741113628771,1022.47626
1741113628809,1022.47644
1741113628830,1022.47833
1741113628873,1022.48157
1741113628918,1022.4813
1741113628931,1022.4818
1741113628975,1022.47314
1741113629013,1022.477
1741113629035,1022.47125
1741113629072,1022.47656
1741113629119,1022.48315
1741113629130,1022.4871
1741113629172,1022.477
1741113629212,1022.47986
1741113629238,1022.47363
1741113629272,1022.4839
1741113629313,1022.47974
1741113629335,1022.46967
1741113629384,1022.47406
1741113629410,1022.4647
1741113629432,1022.4654
1741113629470,1022.4649
1741113629512,1022.476
1741113629535,1022.4745
1741113629570,1022.4788
1741113629611,1022.47235
1741113629630,1022.47046
1741113629669,1022.4672
1741113629709,1022.4749
1741113629729,1022.4785
1741113629769,1022.4695
1741113629811,1022.47144
1741113629832,1022.4669
1741113629872,1022.47125
1741113629910,1022.46954
1741113629930,1022.46765
1741113629969,1022.46704
1741113630012,1022.4794
1741113630030,1022.47864
1741113630069,1022.486
1741113630110,1022.49133
1741113630129,1022.4811
1741113630170,1022.47955
1741113630224,1022.46674
1741113630235,1022.45984
1741113630269,1022.4703
1741113630314,1022.4681
1741113630337,1022.47363
1741113630371,1022.47473
1741113630412,1022.4851
1741113630432,1022.49304
1741113630472,1022.48987
1741113630528,1022.4875
1741113630536,1022.4894
1741113630581,1022.48816
1741113630609,1022.484
1741113630630,1022.48865
1741113630673,1022.4931
1741113630723,1022.4977
1741113630729,1022.49365
1741113630770,1022.49115
1741113630812,1022.4944
1741113630832,1022.49133
1741113630868,1022.49786
1741113630911,1022.4989
1741113630931,1022.49963
1741113630970,1022.49664
1741113631020,1022.498
1741113631030,1022.4892
1741113631073,1022.4781
1741113631108,1022.4712
1741113631130,1022.46783
1741113631172,1022.469
1741113631210,1022.4658
1741113631233,1022.4643
1741113631282,1022.4656
1741113631310,1022.4648
1741113631346,1022.4655
1741113631371,1022.4545
1741113631411,1022.4452
1741113631429,1022.44434
1741113631472,1022.444
1741113631513,1022.4501
1741113631539,1022.4662
1741113631570,1022.4655
1741113631616,1022.4652
1741113631629,1022.4733
1741113631669,1022.47766
1741113631713,1022.483
1741113631729,1022.48315
1741113631768,1022.4952
1741113631812,1022.50244
1741113631840,1022.5102
1741113631869,1022.5094
1741113631918,1022.51697
1741113631934,1022.52875
1741113631975,1022.5276
1741113632010,1022.53424
1741113632031,1022.5327
1741113632070,1022.53906
1741113632109,1022.5423
1741113632130,1022.5388
1741113632172,1022.53894
1741113632210,1022.53156
1741113632228,1022.5288
1741113632275,1022.5374
1741113632313,1022.53894
1741113632329,1022.5442
1741113632371,1022.5362
1741113632409,1022.53516
1741113632452,1022.5449
1741113632468,1022.5508
1741113632515,1022.56274
1741113632549,1022.56494
1741113632569,1022.5663
1741113632608,1022.5628
1741113632631,1022.5625
1741113632672,1022.562
1741113632712,1022.557
1741113632750,1022.5586
1741113632769,1022.5624
1741113632808,1022.55664
1741113632851,1022.56226
1741113632869,1022.56464
1741113632908,1022.5656
1741113632958,1022.56885
1741113632968,1022.562
1741113633011,1022.5685
1741113633050,1022.57416
1741113633071,1022.57385
1741113633109,1022.5704
1741113633153,1022.5714
1741113633169,1022.5614
1741113633210,1022.5624
1741113633248,1022.5593
1741113633269,1022.56726
1741113633313,1022.5769
1741113633349,1022.58075
1741113633371,1022.56903
1741113633412,1022.56433
1741113633448,1022.56305
1741113633468,1022.5675
1741113633519,1022.5704
1741113633549,1022.57574
1741113633583,1022.5775
1741113633608,1022.57996
1741113633649,1022.5765
1741113633671,1022.56445
1741113633715,1022.5593
1741113633748,1022.55505
1741113633770,1022.563
1741113633810,1022.5684
1741113633849,1022.5644
1741113633871,1022.56287
1741113633907,1022.56744
1741113633949,1022.5648
1741113633969,1022.56244
1741113634009,1022.55804
1741113634050,1022.5631
1741113634068,1022.56213
1741113634107,1022.56085
1741113634148,1022.5653
1741113634169,1022.5658
1741113634208,1022.5697
1741113634248,1022.5775
1741113634268,1022.5686
1741113634309,1022.55457
1741113634349,1022.55774
1741113634369,1022.55646
1741113634413,1022.55743
1741113634450,1022.55725
1741113634470,1022.5513
1741113634512,1022.5515
1741113634551,1022.55884
1741113634566,1022.56085
1741113634609,1022.55316
1741113634649,1022.55505
1741113634667,1022.5515
1741113634709,1022.55145
1741113634752,1022.5571
1741113634766,1022.5588
1741113634807,1022.5521
1741113634849,1022.5497
1741113634868,1022.54956
1741113634911,1022.5489
1741113634949,1022.5532
1741113634971,1022.5506
1741113635008,1022.5489
1741113635046,1022.5333
1741113635066,1022.5374
1741113635106,1022.5443
1741113635147,1022.5421
1741113635166,1022.537
1741113635216,1022.54443
1741113635249,1022.5542
1741113635267,1022.5506
1741113635306,1022.549
1741113635359,1022.54456
1741113635376,1022.5347
1741113635407,1022.5288
1741113635456,1022.52893
1741113635466,1022.53046
1741113635508,1022.5277
1741113635549,1022.5301
1741113635574,1022.52185
1741113635606,1022.52075
1741113635649,1022.529
1741113635669,1022.5309
1741113635708,1022.53235
1741113635752,1022.5266
1741113635767,1022.50946
1741113635807,1022.50085
1741113635848,1022.5049
1741113635871,1022.5147
1741113635906,1022.51196
1741113635949,1022.5054
1741113635969,1022.502
1741113636006,1022.49585
1741113636053,1022.4874
1741113636065,1022.49384
1741113636118,1022.49365
1741113636152,1022.49866
1741113636166,1022.4951
1741113636207,1022.49677
1741113636256,1022.49036
1741113636267,1022.48486
1741113636307,1022.47656
1741113636346,1022.47766
1741113636366,1022.48425
1741113636406,1022.48663
1741113636448,1022.48834
1741113636470,1022.47986
1741113636509,1022.4696
1741113636559,1022.4725
1741113636569,1022.47424
1741113636607,1022.46735
1741113636647,1022.4665
1741113636669,1022.4735
1741113636710,1022.484
1741113636746,1022.4792
1741113636777,1022.46954
1741113636806,1022.46606
1741113636847,1022.4629
1741113636867,1022.4704
1741113636907,1022.4692
1741113636952,1022.4621
1741113636969,1022.46155
1741113637018,1022.4722
1741113637046,1022.4739
1741113637068,1022.46826
1741113637117,1022.46533
1741113637148,1022.4681
1741113637169,1022.45746
1741113637208,1022.44415
1741113637247,1022.44403
1741113637268,1022.44775
1741113637309,1022.4537
1741113637347,1022.45624
1741113637371,1022.45544
1741113637405,1022.4536
1741113637446,1022.45416
1741113637468,1022.4552
1741113637506,1022.4484
1741113637546,1022.4523
1741113637569,1022.4521
1741113637609,1022.45715
1741113637647,1022.4537
1741113637669,1022.4479
1741113637712,1022.4485
1741113637748,1022.438
1741113637768,1022.4388
1741113637806,1022.4409
1741113637847,1022.43384
1741113637869,1022.43646
1741113637909,1022.4385
1741113637947,1022.4314
1741113637965,1022.4306
1741113638007,1022.42676
1741113638046,1022.4144
1741113638067,1022.4207
1741113638106,1022.43005
1741113638146,1022.4317
1741113638167,1022.4334
1741113638207,1022.4387
1741113638247,1022.44073
1741113638267,1022.44556
1741113638306,1022.445
1741113638353,1022.4332
1741113638366,1022.4254
1741113638405,1022.43964
1741113638446,1022.44507
1741113638467,1022.4391
1741113638506,1022.42773
1741113638558,1022.4228
1741113638565,1022.4242
1741113638606,1022.4232
1741113638649,1022.42365
1741113638667,1022.4258
1741113638710,1022.42615
1741113638746,1022.4283
1741113638765,1022.428
1741113638805,1022.4124
1741113638844,1022.3996
1741113638866,1022.41565
1741113638905,1022.41724
1741113638945,1022.4262
1741113638969,1022.4236
1741113639005,1022.4337
1741113639058,1022.42957
1741113639067,1022.42236
1741113639120,1022.41284
1741113639145,1022.4177
1741113639166,1022.417
1741113639207,1022.4214
1741113639245,1022.41425
1741113639268,1022.4093
1741113639304,1022.4064
1741113639347,1022.4067
1741113639368,1022.415
1741113639407,1022.41125
1741113639446,1022.4134
1741113639474,1022.422
1741113639512,1022.4253
1741113639545,1022.42365
1741113639566,1022.4244
1741113639608,1022.4163
1741113639645,1022.4024
1741113639664,1022.4115
1741113639706,1022.4127
1741113639748,1022.4099
1741113639769,1022.40515
1741113639814,1022.40814
1741113639844,1022.40314
1741113639870,1022.4011
1741113639912,1022.3998
1741113639946,1022.3987
1741113639967,1022.3966
1741113640006,1022.3975
1741113640053,1022.40076
1741113640065,1022.39984
1741113640104,1022.40155
1741113640143,1022.4009
1741113640165,1022.4016
1741113640204,1022.4086
1741113640246,1022.4131
1741113640267,1022.4131
1741113640309,1022.4042
1741113640346,1022.40436
1741113640370,1022.4055
1741113640405,1022.4095
1741113640449,1022.4105
1741113640464,1022.40247
1741113640504,1022.40564
1741113640544,1022.41394
1741113640563,1022.4186
1741113640603,1022.4105
1741113640644,1022.41437
1741113640664,1022.40497
1741113640706,1022.4039
1741113640745,1022.4075
1741113640765,1022.4057
1741113640809,1022.4028
1741113640846,1022.40344
1741113640869,1022.40125
1741113640904,1022.40625
1741113640945,1022.40063
1741113640966,1022.4039
1741113641006,1022.4015
1741113641045,1022.4005
1741113641068,1022.411
1741113641113,1022.4036
1741113641145,1022.3989
1741113641164,1022.3954
1741113641206,1022.399
1741113641256,1022.3972
1741113641266,1022.39844
1741113641314,1022.3898
1741113641356,1022.3949
1741113641365,1022.38904
1741113641406,1022.3939
1741113641450,1022.3945
1741113641464,1022.391
1741113641507,1022.39606
1741113641548,1022.39453
1741113641572,1022.3897
1741113641605,1022.3893
1741113641649,1022.38605
1741113641665,1022.3923
1741113641704,1022.39453
1741113641744,1022.3984
1741113641764,1022.4036
1741113641813,1022.3976
1741113641844,1022.39453
1741113641869,1022.39465
1741113641907,1022.39056
1741113641948,1022.3884
1741113641967,1022.3895
1741113642006,1022.39484
1741113642046,1022.3955
1741113642063,1022.39496
1741113642104,1022.3948
1741113642155,1022.3943
1741113642165,1022.3949
1741113642204,1022.3892
1741113642246,1022.39813
1741113642267,1022.3939
1741113642306,1022.39374
1741113642346,1022.40137
1741113642366,1022.40686
1741113642404,1022.405
1741113642444,1022.40045
1741113642466,1022.41003
1741113642515,1022.41425
1741113642548,1022.40375
1741113642565,1022.3987
1741113642604,1022.3971
1741113642644,1022.392
1741113642664,1022.38684
1741113642709,1022.39435
1741113642744,1022.3963
1741113642766,1022.395
1741113642805,1022.39136
1741113642850,1022.39404
1741113642863,1022.38794
1741113642903,1022.39746
1741113642948,1022.3985
1741113642964,1022.39905
1741113643008,1022.3987
1741113643045,1022.3961
1741113643063,1022.39954
1741113643104,1022.3965
1741113643143,1022.4016
1741113643167,1022.39343
1741113643205,1022.38855
1741113643244,1022.3874
1741113643263,1022.39087
1741113643306,1022.3961
1741113643343,1022.39355
1741113643364,1022.39905
1741113643409,1022.3959
1741113643442,1022.39307
1741113643468,1022.3859
1741113643504,1022.3839
1741113643543,1022.3917
1741113643567,1022.39844
1741113643605,1022.40674
1741113643646,1022.4013
1741113643666,1022.40454
1741113643709,1022.40076
1741113643742,1022.3948
1741113643765,1022.3988
1741113643801,1022.4039
1741113643844,1022.3987
1741113643863,1022.4029
1741113643914,1022.40137
1741113643944,1022.40015
1741113643964,1022.3933
1741113644003,1022.3952
1741113644045,1022.4027
1741113644062,1022.4095
1741113644105,1022.4096
1741113644149,1022.4082
1741113644163,1022.40125
1741113644207,1022.4011
1741113644249,1022.3961
1741113644265,1022.39575
1741113644303,1022.38916
1741113644343,1022.40027
1741113644364,1022.4065
1741113644404,1022.40375
1741113644443,1022.40576
1741113644463,1022.4078
1741113644508,1022.408
1741113644543,1022.40173
1741113644564,1022.3951
1741113644609,1022.3959
1741113644641,1022.3934
1741113644662,1022.38965
1741113644703,1022.3901
1741113644743,1022.3912
1741113644766,1022.39905
1741113644803,1022.39996
1741113644845,1022.39923
1741113644864,1022.4031
1741113644903,1022.397
1741113644941,1022.3923
1741113644972,1022.39453
1741113645005,1022.3849
1741113645042,1022.38403
1741113645060,1022.39307
1741113645113,1022.4012
1741113645151,1022.39667
1741113645164,1022.39886
1741113645203,1022.4058
1741113645244,1022.40674
1741113645264,1022.3877
1741113645305,1022.3898
1741113645345,1022.38745
1741113645366,1022.38715
1741113645401,1022.3944
1741113645444,1022.39667
1741113645464,1022.39923
1741113645503,1022.38873
1741113645556,1022.39294
1741113645565,1022.4005
1741113645604,1022.39795
1741113645645,1022.393
1741113645668,1022.3965
1741113645702,1022.3983
1741113645746,1022.404
1741113645762,1022.40137
1741113645803,1022.4032
1741113645850,1022.4016
1741113645868,1022.4011
1741113645907,1022.40546
1741113645942,1022.41284
1741113645963,1022.4031
1741113646003,1022.40686
1741113646046,1022.4022
1741113646065,1022.4
1741113646126,1022.40204
1741113646140,1022.40735
1741113646164,1022.3994
1741113646202,1022.40045
1741113646240,1022.4004
1741113646263,1022.4032
1741113646304,1022.4094
1741113646343,1022.4099
1741113646364,1022.4031
1741113646403,1022.40393
1741113646442,1022.4109
1741113646465,1022.41797
1741113646504,1022.4117
1741113646541,1022.41003
1741113646566,1022.3981
1741113646614,1022.3959
1741113646642,1022.3986
1741113646666,1022.40875
1741113646703,1022.4136
1741113646745,1022.4133
1741113646765,1022.4104
1741113646811,1022.4031
1741113646840,1022.4009
1741113646861,1022.4017
1741113646909,1022.39734
1741113646941,1022.3982
1741113646964,1022.4032
1741113647004,1022.40674
1741113647050,1022.4049
1741113647059,1022.404
1741113647107,1022.411
1741113647140,1022.4061
1741113647160,1022.4011
1741113647204,1022.4112
1741113647243,1022.422
1741113647260,1022.41394
1741113647303,1022.41876
1741113647344,1022.42737
1741113647363,1022.4176
1741113647400,1022.4153
1741113647440,1022.4142
1741113647460,1022.41187
1741113647502,1022.4109
1741113647543,1022.41327
1741113647578,1022.4044
1741113647601,1022.41003
1741113647642,1022.4005
1741113647660,1022.3992
1741113647700,1022.4098
1741113647748,1022.40717
1741113647767,1022.3959
1741113647806,1022.39087
1741113647843,1022.3949
1741113647865,1022.40204
1741113647909,1022.4003
1741113647939,1022.3969
1741113647959,1022.40594
1741113647999,1022.4047
1741113648046,1022.41693
1741113648065,1022.4182
1741113648104,1022.4102
1741113648149,1022.41174
1741113648165,1022.401
1741113648200,1022.4092
1741113648243,1022.4172
1741113648259,1022.4185
1741113648305,1022.421
1741113648344,1022.4146
1741113648359,1022.41736
1741113648403,1022.4191
1741113648442,1022.4189
1741113648468,1022.42126
1741113648504,1022.4226
1741113648545,1022.4258
1741113648559,1022.4264
1741113648601,1022.42773
1741113648643,1022.4337
1741113648660,1022.42993
1741113648709,1022.4254
1741113648740,1022.42596
1741113648763,1022.4236
1741113648802,1022.4281
1741113648840,1022.4307
1741113648864,1022.4375
1741113648902,1022.4402
1741113648940,1022.44574
1741113648959,1022.45184
1741113649001,1022.45514
1741113649039,1022.46014
1741113649060,1022.4502
1741113649101,1022.45435
1741113649144,1022.45935
1741113649164,1022.4592
1741113649199,1022.46423
1741113649240,1022.4682
1741113649260,1022.46484
1741113649307,1022.4659
1741113649347,1022.4691
1741113649360,1022.4746
1741113649405,1022.47076
1741113649439,1022.47534
1741113649468,1022.4815
1741113649499,1022.47626
1741113649560,1022.4766
1741113649560,1022.4795
1741113649600,1022.4739
1741113649641,1022.4708
1741113649679,1022.4756
1741113649707,1022.48193
1741113649740,1022.4873
1741113649759,1022.48303
1741113649802,1022.49
1741113649840,1022.489
1741113649861,1022.4794
1741113649898,1022.47565
1741113649942,1022.47925
1741113649959,1022.4823
1741113650000,1022.4821
1741113650039,1022.47076
1741113650062,1022.4657
1741113650101,1022.46643
1741113650146,1022.46014
1741113650161,1022.46387
1741113650202,1022.4603
1741113650240,1022.4569
1741113650265,1022.4615
1741113650305,1022.47144
1741113650340,1022.4818
1741113650369,1022.47687
1741113650399,1022.4717
1741113650440,1022.4689
1741113650463,1022.47974
1741113650500,1022.48004
1741113650542,1022.482
1741113650558,1022.47687
1741113650602,1022.4739
1741113650642,1022.4711
1741113650662,1022.4762
1741113650709,1022.4809
1741113650742,1022.47754
1741113650757,1022.4739
1741113650800,1022.4725
1741113650841,1022.46356
1741113650859,1022.46594
1741113650898,1022.45734
1741113650939,1022.4552
1741113650961,1022.4608
1741113651006,1022.46277
1741113651038,1022.46436
1741113651109,1022.46204
1741113651109,1022.4696
1741113651138,1022.47375
1741113651158,1022.46594
1741113651198,1022.4621
1741113651238,1022.4644
1741113651260,1022.4692
1741113651306,1022.4685
1741113651344,1022.4706
1741113651357,1022.4602
1741113651414,1022.45276
1741113651438,1022.4526
1741113651459,1022.45825
1741113651498,1022.45703
1741113651542,1022.4549
1741113651558,1022.4621
1741113651602,1022.46106
1741113651639,1022.4619
1741113651659,1022.4657
1741113651701,1022.4586
1741113651740,1022.4623
1741113651761,1022.4685
1741113651800,1022.4652
1741113651842,1022.4563
1741113651858,1022.4547
1741113651900,1022.4579
1741113651941,1022.4641
1741113651965,1022.46936
1741113652000,1022.4659
1741113652039,1022.46436
1741113652059,1022.4519
1741113652099,1022.4703
1741113652141,1022.4762
1741113652160,1022.4665
1741113652197,1022.46576
1741113652237,1022.4644
1741113652257,1022.46765
1741113652299,1022.46204
1741113652354,1022.45374
1741113652361,1022.4626
1741113652403,1022.4674
1741113652438,1022.4609
1741113652472,1022.45184
1741113652497,1022.4524
1741113652538,1022.46045
1741113652560,1022.4631
1741113652599,1022.4609
1741113652640,1022.4664
1741113652659,1022.47034
1741113652702,1022.46564
1741113652738,1022.4703
1741113652760,1022.4659
1741113652799,1022.4617
1741113652836,1022.46204
1741113652858,1022.4607
1741113652899,1022.457
1741113652937,1022.4564
1741113652960,1022.4579
1741113652999,1022.4771
1741113653037,1022.477
1741113653060,1022.4751
1741113653096,1022.4789
1741113653137,1022.4707
1741113653159,1022.4696
1741113653200,1022.46326
1741113653243,1022.4647
1741113653257,1022.46716
1741113653311,1022.47107
1741113653336,1022.4713
1741113653358,1022.4719
1741113653402,1022.4717
1741113653440,1022.47107
1741113653466,1022.4717
1741113653498,1022.4702
1741113653538,1022.46545
1741113653557,1022.46875
1741113653601,1022.46875
1741113653638,1022.47064
1741113653659,1022.4612
1741113653698,1022.4687
1741113653742,1022.4709
1741113653755,1022.4685
1741113653798,1022.47205
1741113653842,1022.47253
1741113653856,1022.4719
1741113653897,1022.46826
1741113653940,1022.4661
1741113653956,1022.4707
1741113654007,1022.4705
1741113654036,1022.4708
1741113654056,1022.47485
1741113654100,1022.47034
1741113654140,1022.47473
1741113654158,1022.4741
1741113654197,1022.4695
1741113654239,1022.4659
1741113654282,1022.4641
1741113654296,1022.46967
1741113654345,1022.4679
1741113654384,1022.46484
1741113654395,1022.46576
1741113654439,1022.45715
1741113654479,1022.45996
1741113654497,1022.472
1741113654537,1022.47675
1741113654560,1022.46857
1741113654604,1022.47156
1741113654639,1022.48193
1741113654680,1022.48016
1741113654696,1022.47394
1741113654738,1022.4719
1741113654777,1022.465
1741113654806,1022.46484
1741113654839,1022.4663
1741113654858,1022.4718
1741113654902,1022.4574
1741113654937,1022.4624
1741113654979,1022.469
1741113654997,1022.4702
1741113655042,1022.4676
1741113655076,1022.4607
1741113655098,1022.46216
1741113655135,1022.4665
1741113655158,1022.47797
1741113655196,1022.47876
1741113655242,1022.47174
1741113655276,1022.46674
1741113655297,1022.464
1741113655338,1022.46216
1741113655379,1022.464
1741113655395,1022.4576
1741113655439,1022.46454
1741113655480,1022.4585
1741113655498,1022.46277
1741113655542,1022.45575
1741113655578,1022.46735
1741113655596,1022.45825
1741113655637,1022.4634
1741113655675,1022.4746
1741113655698,1022.47015
1741113655735,1022.4647
1741113655779,1022.4614
1741113655795,1022.46936
1741113655836,1022.45996
1741113655880,1022.4603
1741113655899,1022.468
1741113655937,1022.47156
1741113655975,1022.4899
1741113655996,1022.49176
1741113656038,1022.4908
1741113656125,1022.4795
1741113656125,1022.4776
1741113656136,1022.48016
1741113656183,1022.47107
1741113656196,1022.47015
1741113656244,1022.4724
1741113656275,1022.4661
1741113656297,1022.46655
1741113656336,1022.46716
1741113656377,1022.46796
1741113656399,1022.4709
1741113656444,1022.47095
1741113656477,1022.4761
1741113656498,1022.47363
1741113656545,1022.46704
1741113656575,1022.4669
1741113656596,1022.4578
1741113656643,1022.46295
1741113656675,1022.46497
1741113656698,1022.4706
1741113656736,1022.48175
1741113656776,1022.48157
1741113656798,1022.47943
1741113656840,1022.48083
1741113656884,1022.4785
1741113656897,1022.4717
1741113656944,1022.4751
1741113656976,1022.4746
1741113656997,1022.4684
1741113657034,1022.4665
1741113657075,1022.4724
1741113657095,1022.4647
1741113657139,1022.4612
1741113657180,1022.4686
1741113657200,1022.4666
1741113657236,1022.4642
1741113657285,1022.4758
1741113657300,1022.48444
1741113657344,1022.48773
1741113657375,1022.47894
1741113657402,1022.47205
1741113657435,1022.4754
1741113657477,1022.4752
1741113657496,1022.4785
1741113657535,1022.46606
1741113657574,1022.46564
1741113657594,1022.47144
1741113657643,1022.46594
1741113657676,1022.4639
1741113657698,1022.4755
1741113657736,1022.4669
1741113657774,1022.47235
1741113657796,1022.4636
1741113657839,1022.467
1741113657884,1022.4749
1741113657896,1022.4749
1741113657934,1022.46783
1741113657978,1022.4735
1741113657996,1022.469
1741113658035,1022.467
1741113658075,1022.4645
1741113658102,1022.4607
1741113658134,1022.4625
1741113658180,1022.45825
1741113658197,1022.4628
1741113658236,1022.4668
1741113658287,1022.4668
1741113658297,1022.46326
1741113658343,1022.4669
1741113658376,1022.4694
1741113658403,1022.4773
1741113658436,1022.48114
1741113658475,1022.47363
1741113658496,1022.4763
1741113658540,1022.48474
1741113658576,1022.47736
1741113658595,1022.4796
1741113658637,1022.4774
1741113658673,1022.4771
1741113658696,1022.4783
1741113658737,1022.48157
1741113658774,1022.4821
1741113658798,1022.4704
1741113658837,1022.4658
1741113658877,1022.47455
1741113658904,1022.47046
1741113658936,1022.46466
1741113658976,1022.4634
1741113658996,1022.46313
1741113659038,1022.46765
1741113659074,1022.4686
1741113659094,1022.46686
1741113659134,1022.46484
1741113659178,1022.4645
1741113659194,1022.45514
1741113659233,1022.4536
1741113659273,1022.4537
1741113659294,1022.4457
1741113659336,1022.4528
1741113659374,1022.4565
1741113659393,1022.45953
1741113659435,1022.4641
1741113659475,1022.45856
1741113659494,1022.4502
1741113659535,1022.4476
1741113659575,1022.4509
1741113659595,1022.4584
1741113659634,1022.4602
1741113659675,1022.47284
1741113659697,1022.46655
1741113659742,1022.4694
1741113659775,1022.4583
1741113659796,1022.46387
1741113659835,1022.46533
1741113659874,1022.45337
1741113659894,1022.45703
1741113659934,1022.4612
1741113659975,1022.4486
1741113659995,1022.4593
1741113660033,1022.4592
1741113660075,1022.45764
1741113660096,1022.45996
1741113660143,1022.469
1741113660173,1022.4766
1741113660195,1022.478
1741113660232,1022.4743
1741113660272,1022.4785
1741113660294,1022.4704
1741113660334,1022.468
1741113660376,1022.464
1741113660393,1022.4649
1741113660433,1022.4688
1741113660474,1022.46655
1741113660495,1022.47284
1741113660534,1022.4756
1741113660573,1022.46375
1741113660592,1022.46094
1741113660636,1022.47217
1741113660673,1022.476
1741113660692,1022.47034
1741113660733,1022.46655
1741113660772,1022.4796
1741113660793,1022.48315
1741113660831,1022.49396
1741113660871,1022.49646
1741113660893,1022.49316
1741113660947,1022.48755
1741113660974,1022.49866
1741113660993,1022.50073
1741113661038,1022.50195
1741113661074,1022.4951
1741113661094,1022.4976
1741113661135,1022.4902
1741113661178,1022.49255
1741113661193,1022.49866
1741113661242,1022.50073
1741113661277,1022.4927
1741113661296,1022.49945
1741113661356,1022.49445
1741113661372,1022.4909
1741113661395,1022.4984
1741113661435,1022.4869
1741113661473,1022.4896
1741113661495,1022.4948
1741113661548,1022.49133
1741113661574,1022.4947
1741113661595,1022.4995
1741113661635,1022.4948
1741113661678,1022.49115
1741113661693,1022.49036
1741113661734,1022.48627
1741113661773,1022.4862
1741113661799,1022.49097
1741113661838,1022.48987
1741113661874,1022.4862
1741113661906,1022.49207
1741113661943,1022.50525
1741113661972,1022.49854
1741113662009,1022.50134
1741113662034,1022.4992
1741113662072,1022.4891
1741113662093,1022.4848
1741113662135,1022.48804
1741113662174,1022.4843
1741113662192,1022.4812
1741113662234,1022.4859
1741113662273,1022.4821
1741113662295,1022.4798
1741113662336,1022.4719
1741113662372,1022.4692
1741113662391,1022.4685
1741113662431,1022.47144
1741113662474,1022.46924
1741113662503,1022.4845
1741113662533,1022.4833
1741113662579,1022.47394
1741113662593,1022.47217
1741113662634,1022.4718
1741113662675,1022.4707
1741113662696,1022.46344
1741113662733,1022.4637
1741113662773,1022.4589
1741113662792,1022.45605
1741113662842,1022.4542
1741113662871,1022.4606
1741113662895,1022.471
1741113662932,1022.4689
1741113662976,1022.469
1741113662995,1022.463
1741113663035,1022.46313
1741113663073,1022.45123
1741113663094,1022.4575
1741113663133,1022.4547
1741113663175,1022.44995
1741113663192,1022.449
1741113663233,1022.4511
1741113663271,1022.44824
1741113663293,1022.4642
1741113663332,1022.4619
1741113663375,1022.46313
1741113663391,1022.45764
1741113663435,1022.45483
1741113663471,1022.45325
1741113663493,1022.4586
1741113663534,1022.4553
1741113663576,1022.4526
1741113663594,1022.46344
1741113663631,1022.46826
1741113663672,1022.4571
1741113663693,1022.4485
1741113663735,1022.4495
1741113663782,1022.4515
1741113663792,1022.4519
1741113663833,1022.45764
1741113663871,1022.4491
1741113663890,1022.4482
1741113663932,1022.4601
1741113663976,1022.45496
1741113663992,1022.4534
1741113664032,1022.45483
1741113664076,1022.4526
1741113664093,1022.4494
1741113664134,1022.4568
1741113664174,1022.4597
1741113664194,1022.4511
1741113664232,1022.4429
1741113664276,1022.447
1741113664292,1022.4511
1741113664335,1022.4481
1741113664374,1022.4492
1741113664393,1022.44604
1741113664433,1022.4458
1741113664472,1022.44727
1741113664491,1022.4556
1741113664534,1022.4535
1741113664573,1022.46027
1741113664594,1022.4608
1741113664635,1022.454
1741113664670,1022.45123
1741113664698,1022.45526
1741113664732,1022.45996
1741113664774,1022.4619
1741113664794,1022.46106
1741113664843,1022.4614
1741113664873,1022.4597
1741113664892,1022.4616
1741113664933,1022.45996
1741113664976,1022.4632
1741113665005,1022.46405
1741113665030,1022.47314
1741113665070,1022.4743
1741113665090,1022.4722
1741113665133,1022.4773
1741113665171,1022.4733
1741113665190,1022.478
1741113665237,1022.489
1741113665272,1022.4713
1741113665293,1022.4606
1741113665343,1022.45715
1741113665373,1022.44727
1741113665391,1022.4375
1741113665434,1022.43225
1741113665472,1022.42395
1741113665489,1022.4148
1741113665534,1022.4077
1741113665570,1022.4042
1741113665592,1022.3914
1741113665635,1022.3918
1741113665674,1022.3857
1741113665693,1022.38086
1741113665733,1022.3733
1741113665771,1022.3805
1741113665795,1022.37646
1741113665843,1022.3704
1741113665869,1022.3778
1741113665900,1022.3834
1741113665929,1022.37946
1741113665972,1022.37695
1741113665992,1022.379
1741113666033,1022.37134
1741113666071,1022.36505
1741113666091,1022.363
1741113666133,1022.37305
1741113666169,1022.37836
1741113666192,1022.3822
1741113666231,1022.38947
1741113666270,1022.4021
1741113666289,1022.40594
1741113666331,1022.4053
1741113666373,1022.3938
1741113666394,1022.38995
1741113666436,1022.386
1741113666478,1022.39355
1741113666495,1022.39197
1741113666532,1022.39465
1741113666572,1022.3907
1741113666590,1022.3946
1741113666646,1022.39484
1741113666672,1022.39764
1741113666694,1022.3952
1741113666730,1022.3921
1741113666772,1022.39124
1741113666791,1022.39624
1741113666835,1022.3949
1741113666870,1022.39557
1741113666890,1022.38934
1741113666932,1022.39294
1741113666970,1022.39734
1741113666991,1022.399
1741113667032,1022.39825
1741113667070,1022.4087
1741113667104,1022.41034
1741113667130,1022.4086
1741113667170,1022.40466
1741113667193,1022.4048
1741113667232,1022.4072
1741113667271,1022.39856
1741113667294,1022.40314
1741113667331,1022.4106
1741113667382,1022.40985
1741113667390,1022.4083
1741113667428,1022.4099
1741113667468,1022.4148
1741113667488,1022.4241
1741113667531,1022.41394
1741113667572,1022.408
1741113667590,1022.40796
1741113667635,1022.4225
1741113667669,1022.4273
1741113667690,1022.42126
1741113667737,1022.4204
1741113667769,1022.41785
1741113667788,1022.4176
1741113667842,1022.4264
1741113667870,1022.4348
1741113667890,1022.43744
1741113667937,1022.4301
1741113667969,1022.4378
1741113667989,1022.44366
1741113668031,1022.44165
1741113668069,1022.4459
1741113668088,1022.4496
1741113668135,1022.45734
1741113668170,1022.46405
1741113668188,1022.4617
1741113668231,1022.4574
1741113668271,1022.4646
1741113668291,1022.4717
1741113668333,1022.4711
1741113668372,1022.47723
1741113668391,1022.47076
1741113668429,1022.4827
1741113668470,1022.49506
1741113668491,1022.50867
1741113668529,1022.5109
1741113668569,1022.50275
1741113668589,1022.50275
1741113668631,1022.50903
1741113668672,1022.5022
1741113668690,1022.50635
1741113668733,1022.5079
1741113668774,1022.5138
1741113668788,1022.50836
1741113668830,1022.50964
1741113668871,1022.526
1741113668895,1022.5276
1741113668928,1022.53375
1741113668971,1022.5285
1741113668998,1022.5322
1741113669028,1022.5417
1741113669078,1022.54395
1741113669090,1022.5404
1741113669130,1022.5455
1741113669169,1022.5421
1741113669190,1022.55396
1741113669231,1022.55334
1741113669270,1022.5602
1741113669292,1022.5601
1741113669329,1022.5588
1741113669370,1022.5437
1741113669396,1022.5474
1741113669428,1022.5487
1741113669473,1022.5534
1741113669489,1022.55066
1741113669530,1022.5577
1741113669571,1022.5663
1741113669589,1022.5583
1741113669629,1022.5607
1741113669669,1022.5656
1741113669688,1022.5598
1741113669731,1022.55615
1741113669769,1022.55444
1741113669788,1022.54785
1741113669833,1022.55084
1741113669869,1022.55884
1741113669888,1022.55505
1741113669928,1022.5532
1741113669970,1022.55273
1741113669988,1022.5559
1741113670031,1022.56396
1741113670080,1022.56903
1741113670088,1022.5681
1741113670129,1022.55786
1741113670168,1022.5586
1741113670187,1022.56195
1741113670228,1022.56757
1741113670269,1022.56836
1741113670290,1022.56836
1741113670332,1022.57684
1741113670374,1022.57556
1741113670389,1022.5627
1741113670432,1022.57043
1741113670468,1022.57007
1741113670488,1022.5668
1741113670526,1022.56683
1741113670568,1022.5602
1741113670602,1022.56573
1741113670628,1022.566
1741113670670,1022.57227
1741113670693,1022.5771
1741113670728,1022.58276
1741113670768,1022.57697
1741113670788,1022.5742
1741113670829,1022.57605
1741113670868,1022.578
1741113670888,1022.5813
1741113670930,1022.5768
1741113670970,1022.5895
1741113670988,1022.58093
1741113671029,1022.5808
1741113671069,1022.57355
1741113671088,1022.56866
1741113671143,1022.5709
1741113671168,1022.56287
1741113671188,1022.55664
1741113671234,1022.558
1741113671272,1022.56335
1741113671291,1022.572
1741113671337,1022.57635
1741113671366,1022.5786
1741113671387,1022.5695
1741113671439,1022.5764
1741113671468,1022.57825
1741113671488,1022.57416
1741113671528,1022.5863
1741113671567,1022.5808
1741113671590,1022.5687
1741113671634,1022.5629
1741113671675,1022.5685
1741113671686,1022.5712
1741113671727,1022.58905
1741113671767,1022.5978
1741113671787,1022.59375
1741113671829,1022.5909
1741113671868,1022.58014
1741113671888,1022.57776
1741113671942,1022.57007
1741113671966,1022.5612
1741113671991,1022.5654
1741113672027,1022.56885
1741113672068,1022.57056
1741113672086,1022.5766
1741113672127,1022.57715
1741113672166,1022.57245
1741113672193,1022.58167
1741113672226,1022.578
1741113672266,1022.5801
1741113672288,1022.5767
1741113672328,1022.5758
1741113672367,1022.5768
1741113672386,1022.5841
1741113672427,1022.58105
1741113672468,1022.58527
1741113672488,1022.5744
1741113672527,1022.57355
1741113672568,1022.56616
1741113672589,1022.56274
1741113672628,1022.56665
1741113672676,1022.57733
1741113672688,1022.57043
1741113672727,1022.56866
1741113672768,1022.5749
1741113672789,1022.57196
1741113672829,1022.5747
1741113672870,1022.5709
1741113672886,1022.57074
1741113672926,1022.57385
1741113672970,1022.57916
1741113672986,1022.5875
1741113673028,1022.5847
1741113673068,1022.5763
1741113673087,1022.56696
1741113673128,1022.5748
1741113673170,1022.5652
1741113673187,1022.55676
1741113673230,1022.56964
1741113673267,1022.5747
1741113673286,1022.576
1741113673328,1022.5759
1741113673368,1022.56964
1741113673387,1022.5703
1741113673434,1022.5685
1741113673466,1022.5819
1741113673485,1022.5842
1741113673526,1022.57764
1741113673567,1022.57007
1741113673589,1022.5618
1741113673627,1022.5654
1741113673669,1022.56586
1741113673696,1022.57294
1741113673727,1022.56696
1741113673767,1022.5644
1741113673788,1022.5668
1741113673828,1022.56104
1741113673869,1022.5608
1741113673885,1022.56134
1741113673927,1022.5602
1741113673967,1022.56714
1741113673989,1022.56946
1741113674026,1022.56793
1741113674074,1022.5606
1741113674089,1022.5497
1741113674126,1022.55786
1741113674166,1022.55664
1741113674192,1022.5645
1741113674234,1022.5711
1741113674266,1022.5658
1741113674286,1022.55817
1741113674325,1022.55505
1741113674365,1022.55566
1741113674386,1022.5524
1741113674426,1022.55804
1741113674468,1022.5541
1741113674485,1022.56024
1741113674529,1022.55273
1741113674567,1022.56036
1741113674587,1022.5635
1741113674625,1022.56104
1741113674665,1022.5446
1741113674687,1022.5405
1741113674725,1022.5454
1741113674767,1022.5419
1741113674788,1022.5383
1741113674825,1022.5281
1741113674865,1022.5181
1741113674887,1022.52515
1741113674925,1022.5189
1741113674973,1022.5238
1741113674988,1022.5228
1741113675034,1022.52246
1741113675065,1022.52527
1741113675085,1022.5254
1741113675125,1022.5166
1741113675164,1022.52576
1741113675187,1022.5189
1741113675244,1022.51685
1741113675265,1022.5045
1741113675284,1022.49994
1741113675326,1022.51135
1741113675366,1022.5126
1741113675387,1022.5173
1741113675424,1022.51746
1741113675466,1022.5073
1741113675499,1022.50464
1741113675526,1022.50525
1741113675568,1022.5122
1741113675585,1022.50006
1741113675627,1022.50287
1741113675665,1022.4983
1741113675684,1022.4944
1741113675724,1022.5062
1741113675770,1022.4983
1741113675788,1022.4944
1741113675826,1022.495
1741113675874,1022.4877
1741113675886,1022.4839
1741113675925,1022.4844
1741113675969,1022.4864
1741113675987,1022.489
1741113676028,1022.48413
1741113676068,1022.48926
1741113676088,1022.48145
1741113676129,1022.48956
1741113676168,1022.4897
1741113676205,1022.48755
1741113676224,1022.48035
1741113676267,1022.48047
1741113676305,1022.4822
1741113676324,1022.48773
1741113676366,1022.4874
1741113676405,1022.49023
1741113676427,1022.4822
1741113676464,1022.4759
1741113676508,1022.4751
1741113676528,1022.4717
1741113676565,1022.46326
1741113676605,1022.45776
1741113676625,1022.458
1741113676667,1022.46216
1741113676704,1022.4629
1741113676725,1022.46936
1741113676766,1022.4732
1741113676804,1022.46466
1741113676824,1022.4653
1741113676866,1022.45746
1741113676909,1022.4517
1741113676925,1022.4597
1741113676964,1022.45807
1741113677008,1022.45337
1741113677039,1022.45593
1741113677066,1022.447
1741113677109,1022.4456
1741113677124,1022.4541
1741113677175,1022.4482
1741113677207,1022.44995
1741113677224,1022.45123
1741113677265,1022.4547
1741113677307,1022.4582
1741113677324,1022.4542
1741113677363,1022.4578
1741113677405,1022.4592
1741113677429,1022.45734
1741113677466,1022.4602
1741113677504,1022.4659
1741113677525,1022.4573
1741113677563,1022.44745
1741113677605,1022.443
1741113677624,1022.4498
1741113677670,1022.4459
1741113677704,1022.4409
1741113677724,1022.44354
1741113677765,1022.4547
1741113677803,1022.4493
1741113677823,1022.4454
1741113677870,1022.4418
1741113677904,1022.4419
1741113677926,1022.43176
1741113677972,1022.433
1741113678005,1022.4215
1741113678026,1022.42706
1741113678069,1022.4265
1741113678105,1022.42487
1741113678130,1022.427
1741113678163,1022.43365
1741113678204,1022.42926
1741113678225,1022.4264
1741113678267,1022.4218
1741113678309,1022.4149
1741113678326,1022.4177
1741113678365,1022.4197
1741113678404,1022.4159
1741113678427,1022.4131
1741113678465,1022.4191
1741113678511,1022.4226
1741113678525,1022.4267
1741113678565,1022.4403
1741113678605,1022.44214
1741113678627,1022.44305
1741113678664,1022.4442
1741113678707,1022.44464
1741113678727,1022.4403
1741113678764,1022.4335
1741113678806,1022.4231
1741113678823,1022.4106
1741113678863,1022.41425
1741113678909,1022.42194
1741113678924,1022.41846
1741113678967,1022.423
1741113679006,1022.42413
1741113679034,1022.4288
1741113679063,1022.42615
1741113679104,1022.4212
1741113679125,1022.4171
1741113679163,1022.4154
1741113679212,1022.41394
1741113679223,1022.4208
1741113679266,1022.4252
1741113679307,1022.4267
1741113679323,1022.4313
1741113679363,1022.4255
1741113679409,1022.4239
1741113679424,1022.4264
1741113679468,1022.4286
1741113679503,1022.4257
1741113679523,1022.4227
1741113679568,1022.4264
1741113679603,1022.4277
1741113679624,1022.41925
1741113679666,1022.42053
1741113679706,1022.42676
1741113679725,1022.4296
1741113679764,1022.4317
1741113679805,1022.42017
1741113679823,1022.4211
1741113679869,1022.4193
1741113679905,1022.4241
1741113679925,1022.4276
1741113679965,1022.4227
1741113680003,1022.4227
1741113680027,1022.4204
1741113680066,1022.4281
1741113680105,1022.42786
1741113680122,1022.4283
1741113680164,1022.43005
1741113680224,1022.4319
1741113680224,1022.42725
1741113680270,1022.42487
1741113680305,1022.4255
1741113680322,1022.4144
1741113680367,1022.4129
1741113680406,1022.41254
1741113680423,1022.409
1741113680465,1022.4142
1741113680504,1022.41003
1741113680524,1022.4116
1741113680563,1022.41534
1741113680602,1022.4133
1741113680625,1022.41455
1741113680662,1022.41144
1741113680704,1022.40875
1741113680723,1022.41187
1741113680770,1022.4122
1741113680803,1022.4129
1741113680823,1022.41125
1741113680864,1022.4114
1741113680902,1022.4093
1741113680921,1022.4021
1741113680966,1022.40906
1741113681002,1022.4159
1741113681024,1022.4172
1741113681066,1022.42377
1741113681106,1022.4175
1741113681135,1022.41595
1741113681164,1022.4177
1741113681202,1022.41205
1741113681229,1022.41626
1741113681261,1022.4149
1741113681308,1022.4156
1741113681322,1022.4136
1741113681363,1022.4065
1741113681402,1022.4091
1741113681424,1022.42255
1741113681466,1022.42285
1741113681501,1022.4151
1741113681525,1022.41876
1741113681570,1022.42084
1741113681605,1022.41675
1741113681622,1022.4131
1741113681663,1022.41016
1741113681703,1022.4138
1741113681723,1022.41895
1741113681762,1022.4225
1741113681804,1022.42114
1741113681824,1022.4218
1741113681862,1022.4224
1741113681902,1022.41583
1741113681921,1022.4077
1741113681966,1022.41876
1741113682011,1022.426
1741113682023,1022.4207
1741113682069,1022.4186
1741113682102,1022.42
1741113682126,1022.41187
1741113682162,1022.41766
1741113682202,1022.41736
1741113682220,1022.4293
1741113682265,1022.4222
1741113682302,1022.42615
1741113682323,1022.4371
1741113682361,1022.4348
1741113682402,1022.4396
1741113682423,1022.4406
1741113682463,1022.4363
1741113682505,1022.4347
1741113682522,1022.43665
1741113682566,1022.4292
1741113682602,1022.4322
1741113682626,1022.429
1741113682662,1022.43616
1741113682702,1022.4374
1741113682730,1022.4423
1741113682766,1022.4522
1741113682810,1022.45404
1741113682822,1022.45166
1741113682862,1022.44855
1741113682903,1022.44714
1741113682925,1022.44684
1741113682964,1022.4497
1741113683003,1022.4635
1741113683022,1022.47473
1741113683062,1022.46985
1741113683109,1022.4692
1741113683123,1022.47186
1741113683161,1022.474
1741113683201,1022.4774
1741113683222,1022.4866
1741113683263,1022.48865
1741113683299,1022.5117
1741113683322,1022.4993
1741113683362,1022.49347
1741113683403,1022.5012
1741113683427,1022.50085
1741113683462,1022.50354
1741113683504,1022.494
1741113683522,1022.4964
1741113683562,1022.4978
1741113683602,1022.5045
1741113683623,1022.5083
1741113683659,1022.50586
1741113683702,1022.50653
1741113683720,1022.50415
1741113683764,1022.4949
1741113683801,1022.493
1741113683829,1022.4934
1741113683861,1022.48737
1741113683899,1022.49347
1741113683919,1022.49084
1741113683960,1022.49536
1741113684001,1022.48553
1741113684025,1022.48956
1741113684063,1022.4839
1741113684100,1022.4807
1741113684120,1022.48047
1741113684162,1022.4799
1741113684203,1022.48334
1741113684220,1022.4801
1741113684262,1022.4818
1741113684306,1022.4885
1741113684323,1022.485
1741113684362,1022.4768
1741113684403,1022.46857
1741113684421,1022.4717
1741113684462,1022.46906
1741113684499,1022.4791
1741113684524,1022.48706
1741113684568,1022.4846
1741113684606,1022.4858
1741113684623,1022.4923
1741113684659,1022.49805
1741113684714,1022.4991
1741113684721,1022.4909
1741113684765,1022.4932
1741113684799,1022.48444
1741113684821,1022.48474
1741113684863,1022.481
1741113684900,1022.4752
1741113684922,1022.4727
1741113684968,1022.4734
1741113685001,1022.4691
1741113685022,1022.47327
1741113685059,1022.4761
1741113685098,1022.47595
1741113685129,1022.47217
1741113685166,1022.4789
1741113685200,1022.4797
1741113685223,1022.47485
1741113685259,1022.4746
1741113685301,1022.479
1741113685322,1022.4873
1741113685363,1022.4883
1741113685399,1022.4868
1741113685424,1022.48456
1741113685462,1022.4807
1741113685500,1022.4833
1741113685521,1022.4861
1741113685563,1022.4908
1741113685598,1022.48694
1741113685621,1022.48114
1741113685659,1022.4813
1741113685704,1022.48364
1741113685719,1022.4885
1741113685766,1022.4851
1741113685802,1022.4885
1741113685818,1022.4894
1741113685859,1022.4896
1741113685902,1022.4802
1741113685918,1022.4729
1741113685959,1022.469
1741113686000,1022.4644
1741113686023,1022.4735
1741113686062,1022.4762
1741113686100,1022.4768
1741113686124,1022.47217
1741113686163,1022.4707
1741113686199,1022.4783
1741113686220,1022.48413
1741113686260,1022.4908
1741113686304,1022.4943
1741113686318,1022.49365
1741113686359,1022.4905
1741113686399,1022.48303
1741113686419,1022.4796
1741113686462,1022.4855
1741113686503,1022.49457
1741113686519,1022.4906
1741113686559,1022.49316
1741113686599,1022.49066
1741113686623,1022.4906
1741113686661,1022.48926
1741113686700,1022.4868
1741113686718,1022.4817
1741113686760,1022.48035
1741113686803,1022.4764
1741113686820,1022.477
1741113686866,1022.4856
1741113686898,1022.48706
1741113686919,1022.4874
1741113686962,1022.4866
1741113687009,1022.4877
1741113687023,1022.4824
1741113687059,1022.4756
1741113687105,1022.47046
1741113687118,1022.4713
1741113687160,1022.47266
1741113687199,1022.4713
1741113687224,1022.472
1741113687258,1022.47815
1741113687303,1022.4769
1741113687321,1022.47754
1741113687363,1022.48083
1741113687403,1022.4833
1741113687418,1022.48505
1741113687465,1022.4844
1741113687503,1022.48425
1741113687518,1022.4938
1741113687565,1022.4933
1741113687599,1022.4869
1741113687619,1022.47327
1741113687658,1022.47473
1741113687698,1022.473
1741113687720,1022.47974
1741113687759,1022.4779
1741113687805,1022.4807
1741113687817,1022.47925
1741113687858,1022.48535
1741113687904,1022.48694
1741113687919,1022.4771
1741113687960,1022.48145
1741113687998,1022.48145
1741113688019,1022.47894
1741113688071,1022.4863
1741113688098,1022.4844
1741113688118,1022.4784
1741113688169,1022.4812
1741113688200,1022.48724
1741113688218,1022.4852
1741113688275,1022.48846
1741113688298,1022.4884
1741113688318,1022.48706
1741113688360,1022.4842
1741113688397,1022.48206
1741113688419,1022.4879
1741113688459,1022.4894
1741113688499,1022.487
1741113688519,1022.4781
1741113688563,1022.47546
1741113688598,1022.47656
1741113688623,1022.4772
1741113688659,1022.4884
1741113688697,1022.49567
1741113688718,1022.4877
1741113688761,1022.48413
1741113688798,1022.4897
1741113688818,1022.4862
1741113688859,1022.4813
1741113688898,1022.4828
1741113688918,1022.4783
1741113688959,1022.479
1741113688997,1022.47876
1741113689019,1022.4771
1741113689059,1022.4867
1741113689097,1022.4898
1741113689116,1022.4942
1741113689165,1022.4943
1741113689203,1022.4851
1741113689223,1022.4795
1741113689260,1022.48303
1741113689297,1022.48254
1741113689317,1022.4868
1741113689356,1022.4867
1741113689399,1022.48486
1741113689416,1022.4926
1741113689460,1022.4933
1741113689496,1022.49115
1741113689518,1022.4985
1741113689559,1022.48535
1741113689600,1022.4815
1741113689619,1022.4927
1741113689658,1022.4887
1741113689697,1022.4868
1741113689716,1022.49115
1741113689758,1022.48944
1741113689800,1022.49304
1741113689818,1022.48346
1741113689856,1022.4818
1741113689900,1022.4772
1741113689926,1022.4842
1741113689960,1022.4913
1741113689998,1022.49164
1741113690023,1022.4848
1741113690057,1022.48926
1741113690100,1022.4907
1741113690120,1022.4865
1741113690159,1022.484
1741113690197,1022.4933
1741113690221,1022.4934
1741113690258,1022.49133
1741113690299,1022.4933
1741113690317,1022.4906
1741113690365,1022.4945
1741113690398,1022.49164
1741113690424,1022.49664
1741113690457,1022.4947
1741113690498,1022.49756
1741113690518,1022.4999
1741113690557,1022.49384
1741113690612,1022.4916
1741113690620,1022.48126
1741113690656,1022.4801
1741113690696,1022.4863
1741113690717,1022.4901
1741113690759,1022.4821
1741113690796,1022.48785
1741113690817,1022.4877
1741113690856,1022.4847
1741113690900,1022.49176
1741113690916,1022.49255
1741113690960,1022.4957
1741113690995,1022.49426
1741113691016,1022.4886
1741113691056,1022.4896
1741113691095,1022.4854
1741113691116,1022.4764
1741113691156,1022.4852
1741113691197,1022.4894
1741113691215,1022.48486
1741113691256,1022.494
1741113691296,1022.4971
1741113691315,1022.49274
1741113691357,1022.4939
1741113691395,1022.4906
1741113691419,1022.4899
1741113691455,1022.4899
1741113691496,1022.4914
1741113691518,1022.49286
1741113691556,1022.49194
1741113691595,1022.48926
1741113691615,1022.48706
1741113691655,1022.49243
1741113691697,1022.4923
1741113691717,1022.4918
1741113691761,1022.49023
1741113691797,1022.4836
1741113691821,1022.4889
1741113691855,1022.48413
1741113691896,1022.4887
1741113691918,1022.4953
1741113691959,1022.48975
1741113692003,1022.49457
1741113692023,1022.48926
1741113692054,1022.48236
1741113692096,1022.4821
1741113692115,1022.485
1741113692154,1022.4876
1741113692219,1022.48724
1741113692220,1022.4863
1741113692256,1022.4884
1741113692298,1022.4899
1741113692318,1022.4906
1741113692367,1022.49304
1741113692397,1022.5051
1741113692423,1022.5038
1741113692457,1022.5055
1741113692497,1022.5092
1741113692518,1022.5049
1741113692556,1022.5047
1741113692597,1022.5016
1741113692616,1022.49384
1741113692655,1022.4982
1741113692696,1022.4967
1741113692716,1022.4972
1741113692754,1022.496
1741113692799,1022.5033
1741113692822,1022.4946
1741113692857,1022.4962
1741113692903,1022.4934
1741113692916,1022.49695
1741113692956,1022.4889
1741113692999,1022.4858
1741113693014,1022.4814
1741113693057,1022.483
1741113693097,1022.4826
1741113693122,1022.47687
1741113693164,1022.4839
1741113693195,1022.48334
1741113693216,1022.49384
1741113693264,1022.49585
1741113693295,1022.501
1741113693317,1022.50244
1741113693356,1022.5082
1741113693398,1022.50696
1741113693417,1022.50555
1741113693457,1022.4913
1741113693496,1022.48846
1741113693515,1022.49176
1741113693558,1022.49164
1741113693595,1022.4987
1741113693617,1022.4985
1741113693663,1022.50085
1741113693695,1022.49365
1741113693730,1022.4825
1741113693758,1022.48346
1741113693797,1022.4939
1741113693815,1022.49316
1741113693854,1022.5076
1741113693894,1022.5055
1741113693916,1022.49774
1741113693958,1022.50366
1741113693996,1022.4998
1741113694016,1022.4992
1741113694059,1022.4946
1741113694095,1022.48895
1741113694115,1022.49457
1741113694155,1022.49304
1741113694197,1022.49023
1741113694223,1022.49286
1741113694255,1022.50214
1741113694303,1022.49567
1741113694316,1022.4981
1741113694362,1022.4983
1741113694395,1022.48987
1741113694417,1022.48035
1741113694454,1022.48694
1741113694494,1022.488
1741113694517,1022.4844
1741113694557,1022.49316
1741113694596,1022.4889
1741113694623,1022.49365
1741113694656,1022.4982
1741113694696,1022.50305
1741113694716,1022.50885
1741113694754,1022.50543
1741113694799,1022.5126
1741113694824,1022.5108
1741113694854,1022.4998
1741113694898,1022.49457
1741113694916,1022.4861
1741113694957,1022.4857
1741113694994,1022.49097
1741113695015,1022.49396
1741113695055,1022.49115
1741113695095,1022.4967
1741113695119,1022.50037
1741113695154,1022.4889
1741113695193,1022.48706
1741113695215,1022.4913
1741113695256,1022.50134
1741113695302,1022.5006
1741113695313,1022.4904
1741113695355,1022.4889
1741113695394,1022.49664
1741113695414,1022.50446
1741113695456,1022.505
1741113695496,1022.4968
1741113695517,1022.4946
1741113695556,1022.494
1741113695593,1022.4923
1741113695622,1022.495
1741113695658,1022.49097
1741113695702,1022.48663
1741113695718,1022.4829
1741113695753,1022.485
1741113695798,1022.48206
1741113695819,1022.48474
1741113695855,1022.48944
1741113695897,1022.49255
1741113695922,1022.4823
1741113695956,1022.48254
1741113696000,1022.48
1741113696014,1022.475
1741113696055,1022.4763
1741113696093,1022.47577
1741113696114,1022.47406
1741113696162,1022.4736
1741113696203,1022.47864
1741113696214,1022.48553
1741113696258,1022.49
1741113696297,1022.4864
1741113696317,1022.48627
1741113696364,1022.49194
1741113696394,1022.49365
1741113696415,1022.49133
1741113696458,1022.48193
1741113696492,1022.4851
1741113696515,1022.49164
1741113696556,1022.4922
1741113696597,1022.4927
1741113696616,1022.48755
1741113696656,1022.4897
1741113696696,1022.49066
1741113696717,1022.4965
1741113696764,1022.4897
1741113696793,1022.4752
1741113696815,1022.4762
1741113696853,1022.4771
1741113696894,1022.4813
1741113696913,1022.48706
1741113696959,1022.4894
1741113696994,1022.496
1741113697014,1022.49414
1741113697056,1022.49335
1741113697096,1022.5
1741113697115,1022.4927
1741113697154,1022.48627
1741113697195,1022.47986
1741113697221,1022.478
1741113697256,1022.4909
1741113697302,1022.49243
1741113697314,1022.4832
1741113697355,1022.48096
1741113697395,1022.47327
1741113697416,1022.48285
1741113697453,1022.49146
1741113697497,1022.4929
1741113697518,1022.4907
1741113697553,1022.48865
1741113697594,1022.4878
1741113697615,1022.4905
1741113697659,1022.4859
1741113697698,1022.4795
1741113697713,1022.46875
1741113697757,1022.4807
1741113697793,1022.48193
1741113697813,1022.48755
1741113697853,1022.4928
1741113697897,1022.4938
1741113697932,1022.4795
1741113697954,1022.47974
1741113697994,1022.48596
1741113698035,1022.4985
1741113698053,1022.4825
1741113698094,1022.4759
1741113698135,1022.4846
1741113698153,1022.4875
1741113698195,1022.48376
1741113698240,1022.49414
1741113698254,1022.4867
1741113698293,1022.4783
1741113698335,1022.4759
1741113698358,1022.4868
1741113698392,1022.49536
1741113698441,1022.49725
1741113698452,1022.4936
1741113698499,1022.49866
1741113698533,1022.4988
1741113698553,1022.4957
1741113698593,1022.4857
1741113698636,1022.4873
1741113698663,1022.50037
1741113698695,1022.49475
1741113698734,1022.4946
1741113698755,1022.4866
1741113698793,1022.4867
1741113698835,1022.4947
1741113698856,1022.5
1741113698895,1022.49097
1741113698934,1022.48584
1741113698953,1022.49023
1741113698992,1022.49585
1741113699034,1022.49915
1741113699060,1022.489
1741113699094,1022.4873
1741113699133,1022.49756
1741113699154,1022.4944
1741113699193,1022.48785
1741113699233,1022.4858
1741113699252,1022.49194
1741113699292,1022.49744
1741113699334,1022.50323
1741113699354,1022.4981
1741113699394,1022.49725
1741113699435,1022.4914
1741113699456,1022.48914
1741113699491,1022.49176
1741113699536,1022.4891
1741113699557,1022.49023
1741113699592,1022.49115
1741113699645,1022.48535
1741113699664,1022.482
1741113699693,1022.4882
1741113699734,1022.4969
1741113699760,1022.4984
1741113699792,1022.49243
1741113699833,1022.4899
1741113699852,1022.48315
1741113699893,1022.48834
1741113699936,1022.4739
1741113699957,1022.4835
1741113699994,1022.4886
1741113700035,1022.4934
1741113700066,1022.47986
1741113700090,1022.4772
1741113700133,1022.479
1741113700165,1022.4756
1741113700194,1022.4704
1741113700231,1022.47577
1741113700251,1022.4807
1741113700294,1022.48346
1741113700331,1022.4791
1741113700358,1022.47064
1741113700396,1022.47815
1741113700434,1022.4719
1741113700456,1022.4796
1741113700494,1022.48035
1741113700533,1022.4839
1741113700560,1022.4875
1741113700593,1022.49524
1741113700631,1022.4877
1741113700652,1022.48315
1741113700691,1022.4901
1741113700733,1022.49225
1741113700752,1022.49347
1741113700799,1022.4855
1741113700835,1022.4727
1741113700851,1022.4733
1741113700891,1022.47766
1741113700936,1022.47565
1741113700953,1022.4869
1741113700994,1022.49146
1741113701032,1022.49396
1741113701054,1022.4964
1741113701095,1022.49176
1741113701134,1022.49066
1741113701152,1022.4969
1741113701197,1022.5066
1741113701230,1022.5093
1741113701252,1022.5047
1741113701297,1022.5039
1741113701331,1022.4934
1741113701353,1022.4972
1741113701396,1022.4938
1741113701431,1022.4888
1741113701455,1022.4833
1741113701496,1022.4772
1741113701532,1022.4767
1741113701553,1022.49365
1741113701596,1022.49274
1741113701631,1022.4969
1741113701654,1022.5038
1741113701696,1022.5049
1741113701732,1022.49677
1741113701752,1022.4943
1741113701795,1022.4943
1741113701830,1022.4938
1741113701850,1022.4938
1741113701892,1022.4924
1741113701934,1022.4939
1741113701950,1022.4891
1741113701991,1022.48706
1741113702031,1022.4823
1741113702051,1022.4939
1741113702093,1022.4925
1741113702130,1022.4974
1741113702163,1022.5001
1741113702189,1022.5067
1741113702234,1022.5035
1741113702255,1022.49945
1741113702295,1022.5043
1741113702329,1022.4962
1741113702360,1022.5
1741113702393,1022.4939
1741113702431,1022.49347
1741113702452,1022.4855
1741113702489,1022.49994
1741113702533,1022.5011
1741113702550,1022.5011
1741113702604,1022.5045
1741113702630,1022.5117
1741113702652,1022.51495
1741113702692,1022.51245
1741113702729,1022.506
1741113702754,1022.5148
1741113702803,1022.5157
1741113702830,1022.511
1741113702852,1022.51404
1741113702893,1022.5203
1741113702930,1022.5241
1741113702957,1022.51465
1741113702992,1022.5157
1741113703036,1022.5104
1741113703052,1022.5207
1741113703089,1022.51605
1741113703131,1022.50745
1741113703149,1022.51575
1741113703198,1022.5138
1741113703234,1022.51086
1741113703263,1022.50366
1741113703292,1022.5067
1741113703331,1022.5065
1741113703354,1022.50555
1741113703393,1022.5096
1741113703432,1022.5086
1741113703454,1022.5033
1741113703489,1022.5109
1741113703530,1022.5132
1741113703556,1022.50635
1741113703594,1022.51294
1741113703630,1022.51587
1741113703650,1022.51495
1741113703694,1022.5148
1741113703729,1022.5192
1741113703748,1022.5166
1741113703791,1022.50903
1741113703831,1022.5062
1741113703850,1022.50574
1741113703895,1022.5028
1741113703929,1022.5083
1741113703951,1022.5109
1741113703991,1022.5119
1741113704030,1022.5054
1741113704049,1022.51013
1741113704090,1022.5093
1741113704134,1022.50543
1741113704153,1022.5074
1741113704189,1022.5097
1741113704235,1022.5083
1741113704260,1022.5163
1741113704288,1022.5155
1741113704331,1022.511
1741113704364,1022.5158
1741113704389,1022.51227
1741113704442,1022.5162
1741113704454,1022.51636
1741113704493,1022.50354
1741113704537,1022.50635
1741113704556,1022.51263
1741113704592,1022.5171
1741113704636,1022.5148
1741113704649,1022.5128
1741113704692,1022.5194
1741113704734,1022.51447
1741113704749,1022.51917
1741113704793,1022.52124
1741113704828,1022.51526
1741113704850,1022.5203
1741113704889,1022.51166
1741113704934,1022.51056
1741113704948,1022.51416
1741113704993,1022.50916
1741113705033,1022.5067
1741113705055,1022.5018
1741113705089,1022.4979
1741113705129,1022.4971
1741113705151,1022.49725
1741113705188,1022.501
1741113705230,1022.5009
1741113705248,1022.501
1741113705291,1022.4893
1741113705329,1022.4889
1741113705348,1022.4925
1741113705389,1022.4925
1741113705430,1022.4866
1741113705451,1022.49194
1741113705495,1022.49
1741113705529,1022.4951
1741113705549,1022.4997
1741113705588,1022.49744
1741113705631,1022.48987
1741113705652,1022.50397
1741113705690,1022.50415
1741113705731,1022.5093
1741113705754,1022.5053
1741113705788,1022.5011
1741113705829,1022.5021
1741113705848,1022.50104
1741113705890,1022.50507
1741113705927,1022.4993
1741113705950,1022.50055
1741113705991,1022.5014
1741113706031,1022.4996
1741113706049,1022.50104
1741113706088,1022.5015
1741113706129,1022.49927
1741113706148,1022.4967
1741113706189,1022.4917
1741113706228,1022.49524
1741113706252,1022.4982
1741113706291,1022.49634
1741113706329,1022.50354
1741113706348,1022.50836
1741113706388,1022.5087
1741113706427,1022.51044
1741113706449,1022.5025
1741113706489,1022.50543
1741113706528,1022.51044
1741113706547,1022.5126
1741113706589,1022.5038
1741113706630,1022.51154
1741113706653,1022.5118
1741113706687,1022.5091
1741113706733,1022.5072
1741113706748,1022.506
1741113706789,1022.50165
1741113706829,1022.4993
1741113706849,1022.50653
1741113706888,1022.50183
1741113706928,1022.49744
1741113706952,1022.4855
1741113706988,1022.4918
1741113707032,1022.491
1741113707053,1022.4959
1741113707090,1022.49133
1741113707129,1022.4893
1741113707149,1022.49506
1741113707188,1022.48676
1741113707228,1022.47864
1741113707249,1022.48267
1741113707289,1022.47986
1741113707333,1022.48254
1741113707352,1022.4875
1741113707388,1022.4936
1741113707430,1022.48706
1741113707451,1022.48785
1741113707497,1022.48254
1741113707529,1022.47626
1741113707547,1022.48706
1741113707587,1022.4875
1741113707630,1022.4833
1741113707648,1022.48126
1741113707696,1022.4868
1741113707728,1022.4876
1741113707748,1022.4884
1741113707788,1022.4895
1741113707828,1022.4888
1741113707849,1022.48755
1741113707888,1022.4774
1741113707928,1022.47986
1741113707950,1022.4807
1741113707989,1022.4835
1741113708030,1022.4789
1741113708058,1022.47845
1741113708096,1022.4768
1741113708127,1022.47546
1741113708149,1022.48444
1741113708189,1022.4823
1741113708227,1022.4732
1741113708250,1022.47424
1741113708287,1022.4752
1741113708328,1022.4782
1741113708349,1022.47595
1741113708387,1022.4841
1741113708427,1022.4967
1741113708448,1022.49646
1741113708492,1022.489
1741113708526,1022.4935
1741113708546,1022.49414
1741113708590,1022.49646
1741113708627,1022.4968
1741113708646,1022.4917
1741113708687,1022.48486
1741113708726,1022.4896
1741113708747,1022.4918
1741113708790,1022.48254
1741113708827,1022.4943
1741113708850,1022.49457
1741113708887,1022.49304
1741113708928,1022.4879
1741113708947,1022.48834
1741113708993,1022.4888
1741113709028,1022.49414
1741113709049,1022.487
1741113709091,1022.4767
1741113709127,1022.4705
1741113709146,1022.4746
1741113709188,1022.4784
1741113709233,1022.4822
1741113709247,1022.4871
1741113709289,1022.496
1741113709326,1022.4974
1741113709348,1022.49414
1741113709387,1022.49554
1741113709442,1022.4858
1741113709446,1022.4816
1741113709495,1022.48114
1741113709527,1022.4731
1741113709548,1022.48004
1741113709586,1022.4816
1741113709626,1022.4717
1741113709647,1022.4727
1741113709687,1022.47943
1741113709726,1022.4855
1741113709745,1022.485
1741113709791,1022.4847
1741113709826,1022.47736
1741113709849,1022.48236
1741113709896,1022.4697
1741113709926,1022.4789
1741113709947,1022.48065
1741113709986,1022.4785
1741113710028,1022.474
1741113710046,1022.474
1741113710089,1022.47266
1741113710128,1022.4743
1741113710147,1022.47925
1741113710189,1022.48285
1741113710230,1022.47473
1741113710246,1022.4789
1741113710286,1022.48425
1741113710329,1022.48346
1741113710347,1022.4811
1741113710386,1022.4837
1741113710433,1022.47925
1741113710448,1022.4885
1741113710485,1022.4914
1741113710532,1022.48425
1741113710547,1022.4773
1741113710584,1022.46857
1741113710625,1022.468
1741113710648,1022.468
1741113710687,1022.46814
1741113710726,1022.46643
1741113710747,1022.47327
1741113710792,1022.47577
1741113710826,1022.47485
1741113710848,1022.48083
1741113710885,1022.4882
1741113710925,1022.4862
1741113710945,1022.49066
1741113710989,1022.4925
1741113711028,1022.49243
1741113711046,1022.4873
1741113711085,1022.4816
1741113711127,1022.4851
1741113711146,1022.4823
1741113711187,1022.4795
1741113711228,1022.47107
1741113711249,1022.47266
1741113711286,1022.4777
1741113711329,1022.475
1741113711349,1022.47217
1741113711386,1022.4721
1741113711425,1022.47015
1741113711446,1022.46844
1741113711488,1022.47253
1741113711526,1022.47424
1741113711547,1022.4758
1741113711588,1022.477
1741113711632,1022.47736
1741113711646,1022.4879
1741113711685,1022.4911
1741113711725,1022.4912
1741113711745,1022.4866
1741113711789,1022.48987
1741113711830,1022.484
1741113711844,1022.478
1741113711886,1022.4816
1741113711925,1022.48047
1741113711946,1022.49036
1741113711985,1022.48883
1741113712027,1022.48425
1741113712047,1022.4867
1741113712086,1022.4871
1741113712129,1022.4837
1741113712144,1022.4879
1741113712187,1022.49133
1741113712226,1022.4896
1741113712245,1022.47864
1741113712286,1022.48474
1741113712325,1022.4821
1741113712344,1022.4806
1741113712389,1022.48376
1741113712426,1022.4819
1741113712447,1022.47955
1741113712485,1022.4737
1741113712526,1022.4749
1741113712548,1022.46857
1741113712586,1022.46594
1741113712628,1022.4608
1741113712644,1022.45135
1741113712685,1022.45526
1741113712728,1022.4469
1741113712749,1022.4413
1741113712784,1022.44324
1741113712826,1022.4524
1741113712850,1022.4512
1741113712888,1022.452
1741113712925,1022.45905
1741113712944,1022.46454
1741113712984,1022.4697
1741113713025,1022.4644
1741113713047,1022.46234
1741113713086,1022.4522
1741113713127,1022.4505
1741113713144,1022.4567
1741113713186,1022.4679
1741113713228,1022.4749
1741113713245,1022.46704
1741113713284,1022.47003
1741113713325,1022.47327
1741113713344,1022.473
1741113713391,1022.4783
1741113713425,1022.48267
1741113713446,1022.48035
1741113713491,1022.4818
1741113713523,1022.47327
1741113713544,1022.47144
1741113713588,1022.4769
1741113713627,1022.4774
1741113713645,1022.47595
1741113713685,1022.4758
1741113713726,1022.47974
1741113713745,1022.4741
1741113713786,1022.46875
1741113713827,1022.46704
1741113713850,1022.46893
1741113713884,1022.4748
1741113713925,1022.4717
1741113713944,1022.47705
1741113713989,1022.47253
1741113714026,1022.4799
1741113714044,1022.4714
1741113714084,1022.4746
1741113714124,1022.48627
1741113714148,1022.48035
1741113714184,1022.4917
1741113714225,1022.4917
1741113714247,1022.4888
1741113714286,1022.5011
1741113714325,1022.50073
1741113714345,1022.4911
1741113714385,1022.4904
1741113714430,1022.4898
1741113714452,1022.49805
1741113714488,1022.4937
1741113714525,1022.4949
1741113714546,1022.49756
1741113714585,1022.50244
1741113714625,1022.496
1741113714644,1022.4936
1741113714685,1022.48413
1741113714724,1022.48615
1741113714745,1022.4862
1741113714785,1022.4828
1741113714824,1022.496
1741113714843,1022.4945
1741113714886,1022.5
1741113714925,1022.49976
1741113714947,1022.5
1741113714987,1022.4932
1741113715023,1022.49084
1741113715050,1022.497
1741113715084,1022.50464
1741113715123,1022.4994
1741113715144,1022.4876
1741113715191,1022.48785
1741113715225,1022.48645
1741113715245,1022.4803
1741113715285,1022.4864
1741113715324,1022.48413
1741113715343,1022.48615
1741113715386,1022.48956
1741113715423,1022.4933
1741113715443,1022.49786
1741113715489,1022.4993
1741113715524,1022.4972
1741113715542,1022.4891
1741113715585,1022.48956
1741113715628,1022.50244
1741113715647,1022.50867
1741113715686,1022.4989
1741113715728,1022.49744
1741113715743,1022.4962
1741113715789,1022.50024
1741113715824,1022.50726
1741113715844,1022.50806
1741113715890,1022.50165
1741113715922,1022.49475
1741113715942,1022.4942
1741113715985,1022.49316
1741113716029,1022.4926
1741113716045,1022.4968
1741113716082,1022.4873
1741113716126,1022.4901
1741113716145,1022.4828
1741113716187,1022.4828
1741113716228,1022.476
1741113716246,1022.484
1741113716284,1022.4862
1741113716323,1022.4792
1741113716352,1022.48376
1741113716382,1022.48425
1741113716425,1022.49176
1741113716443,1022.4833
1741113716487,1022.4839
1741113716525,1022.4838
1741113716542,1022.47864
1741113716589,1022.48773
1741113716622,1022.48096
1741113716643,1022.4779
1741113716685,1022.48
1741113716724,1022.4875
1741113716743,1022.4956
1741113716786,1022.4867
1741113716822,1022.48737
1741113716846,1022.49554
1741113716882,1022.4886
1741113716924,1022.4888
1741113716945,1022.4796
1741113716983,1022.482
1741113717024,1022.472
1741113717043,1022.4662
1741113717085,1022.4728
1741113717125,1022.4868
1741113717147,1022.48267
1741113717181,1022.48486
1741113717220,1022.48645
1741113717243,1022.48193
1741113717285,1022.4787
1741113717322,1022.4891
1741113717342,1022.48724
1741113717384,1022.49036
1741113717421,1022.4918
1741113717448,1022.4841
1741113717482,1022.48096
1741113717523,1022.4873
1741113717542,1022.4864
1741113717584,1022.4882
1741113717624,1022.48126
1741113717660,1022.48267
1741113717683,1022.47156
1741113717722,1022.47345
1741113717746,1022.4759
1741113717783,1022.47217
1741113717822,1022.47034
1741113717845,1022.4783
1741113717883,1022.48157
1741113717925,1022.4896
1741113717950,1022.486
1741113717980,1022.4817
1741113718028,1022.4824
1741113718045,1022.4832
1741113718081,1022.4786
1741113718125,1022.4743
1741113718144,1022.4676
1741113718183,1022.4626
1741113718226,1022.4664
1741113718243,1022.47034
1741113718281,1022.4766
1741113718323,1022.4739
1741113718342,1022.4695
1741113718384,1022.46155
1741113718422,1022.4658
1741113718441,1022.47327
1741113718485,1022.47284
1741113718534,1022.47144
1741113718544,1022.4693
1741113718581,1022.4744
1741113718622,1022.4705
1741113718644,1022.4738
1741113718689,1022.4752
1741113718721,1022.47656
1741113718742,1022.47626
1741113718785,1022.4701
1741113718823,1022.47327
1741113718841,1022.47845
1741113718885,1022.47485
1741113718923,1022.47314
1741113718942,1022.4818
1741113718981,1022.474
1741113719023,1022.458
1741113719043,1022.4691
1741113719086,1022.4693
1741113719122,1022.4637
1741113719143,1022.4636
1741113719184,1022.4753
1741113719224,1022.4792
1741113719242,1022.4817
1741113719284,1022.4868
1741113719323,1022.48676
1741113719349,1022.4807
1741113719380,1022.4727
1741113719423,1022.47473
1741113719443,1022.4751
1741113719481,1022.4832
1741113719521,1022.47766
1741113719547,1022.4785
1741113719585,1022.483
1741113719622,1022.4839
1741113719643,1022.4839
1741113719681,1022.4773
1741113719721,1022.473
1741113719743,1022.469
1741113719784,1022.4705
1741113719823,1022.46075
1741113719862,1022.46484
1741113719892,1022.4705
1741113719921,1022.4788
1741113719965,1022.47095
1741113719981,1022.4652
1741113720020,1022.46295
1741113720062,1022.46387
1741113720083,1022.4674
1741113720122,1022.47186
1741113720163,1022.4702
1741113720188,1022.4767
1741113720220,1022.4801
1741113720263,1022.478
1741113720284,1022.4757
1741113720324,1022.4735
1741113720361,1022.46606
1741113720389,1022.47064
1741113720419,1022.47314
1741113720460,1022.47437
1741113720482,1022.47473
1741113720522,1022.4729
1741113720565,1022.4744
1741113720591,1022.46674
1741113720620,1022.46594
1741113720660,1022.4685
1741113720682,1022.47437
1741113720724,1022.4702
1741113720762,1022.46655
1741113720780,1022.47064
1741113720826,1022.4666
1741113720860,1022.47095
1741113720879,1022.47504
1741113720919,1022.47546
1741113720962,1022.47876
1741113720984,1022.4764
1741113721019,1022.4718
1741113721061,1022.4647
1741113721080,1022.463
1741113721119,1022.46655
1741113721166,1022.4577
1741113721190,1022.454
1741113721222,1022.45886
1741113721259,1022.4565
1741113721282,1022.4691
1741113721319,1022.4595
1741113721363,1022.46643
1741113721384,1022.46576
1741113721420,1022.4712
1741113721462,1022.4702
1741113721478,1022.4691
1741113721523,1022.4686
1741113721559,1022.462
1741113721581,1022.4641
1741113721625,1022.46954
1741113721661,1022.459
1741113721681,1022.4617
1741113721723,1022.4614
1741113721759,1022.4579
1741113721778,1022.4555
1741113721819,1022.4551
1741113721868,1022.4592
1741113721881,1022.46277
1741113721919,1022.46765
1741113721959,1022.4705
1741113721978,1022.46625
1741113722019,1022.4659
1741113722059,1022.4607
1741113722079,1022.468
1741113722119,1022.47
1741113722159,1022.46436
1741113722180,1022.46387
1741113722218,1022.456
1741113722258,1022.46356
1741113722278,1022.4578
1741113722329,1022.45984
1741113722359,1022.46295
1741113722378,1022.46875
1741113722421,1022.4703
1741113722462,1022.4611
1741113722493,1022.4632
1741113722519,1022.47
1741113722560,1022.4673
1741113722579,1022.4722
1741113722619,1022.4667
1741113722661,1022.46564
1741113722685,1022.4692
1741113722721,1022.4667
1741113722759,1022.4669
1741113722780,1022.4714
1741113722823,1022.4727
1741113722859,1022.47375
1741113722884,1022.4772
1741113722919,1022.48254
1741113722965,1022.48987
1741113722978,1022.4887
1741113723022,1022.48987
1741113723080,1022.48553
1741113723081,1022.46826
1741113723118,1022.4729
1741113723160,1022.48865
1741113723178,1022.47815
1741113723219,1022.47046
1741113723258,1022.47363
1741113723281,1022.4627
1741113723326,1022.46484
1741113723359,1022.46454
1741113723386,1022.46326
1741113723417,1022.4489
1741113723462,1022.44275
1741113723486,1022.4469
1741113723522,1022.44415
1741113723559,1022.45764
1741113723580,1022.44995
1741113723632,1022.44104
1741113723657,1022.4325
1741113723680,1022.4342
1741113723718,1022.4255
1741113723766,1022.4291
1741113723778,1022.43146
1741113723820,1022.4358
1741113723864,1022.4363
1741113723877,1022.43945
1741113723923,1022.4246
1741113723958,1022.4237
1741113723978,1022.4219
1741113724021,1022.4206
1741113724060,1022.42786
1741113724078,1022.421
1741113724117,1022.4234
1741113724157,1022.433
1741113724178,1022.4328
1741113724220,1022.4299
1741113724273,1022.4335
1741113724277,1022.4269
1741113724316,1022.42456
1741113724357,1022.41846
1741113724377,1022.4211
1741113724418,1022.42114
1741113724456,1022.4173
1741113724476,1022.42584
1741113724517,1022.43164
1741113724558,1022.4429
1741113724578,1022.4332
1741113724629,1022.42444
1741113724656,1022.41266
1741113724676,1022.4125
1741113724718,1022.41235
1741113724757,1022.41437
1741113724780,1022.4227
1741113724817,1022.4345
1741113724856,1022.43475
1741113724877,1022.43176
1741113724920,1022.43353
1741113724957,1022.44226
1741113724980,1022.43744
1741113725018,1022.43463
1741113725058,1022.4426
1741113725080,1022.4323
1741113725117,1022.4276
1741113725156,1022.4252
1741113725176,1022.4173
1741113725221,1022.4281
1741113725256,1022.4295
1741113725279,1022.43646
1741113725317,1022.4342
1741113725357,1022.4354
1741113725382,1022.4294
1741113725416,1022.4226
1741113725456,1022.4144
1741113725482,1022.4145
1741113725516,1022.42487
1741113725556,1022.4287
1741113725584,1022.4287
1741113725621,1022.42773
1741113725656,1022.4204
1741113725685,1022.41754
1741113725721,1022.41754
1741113725756,1022.42096
1741113725781,1022.42847
1741113725816,1022.43164
1741113725856,1022.43726
1741113725883,1022.4317
1741113725916,1022.4284
1741113725956,1022.41797
1741113725982,1022.4154
1741113726016,1022.4159
1741113726056,1022.41516
1741113726083,1022.41144
1741113726116,1022.422
1741113726156,1022.4201
1741113726183,1022.42535
1741113726216,1022.4277
1741113726256,1022.4317
1741113726278,1022.4417
1741113726317,1022.4418
1741113726356,1022.43634
1741113726383,1022.4336
1741113726418,1022.4243
1741113726456,1022.41956
1741113726477,1022.41614
1741113726517,1022.413
1741113726583,1022.4275
1741113726584,1022.43494
1741113726617,1022.4429
1741113726656,1022.442
1741113726679,1022.4365
1741113726722,1022.44336
1741113726758,1022.4481
1741113726780,1022.4558
1741113726820,1022.45776
1741113726857,1022.4637
1741113726879,1022.473
1741113726916,1022.47943
1741113726956,1022.4884
1741113726979,1022.49176
1741113727016,1022.4867
1741113727058,1022.495
1741113727080,1022.48676
1741113727116,1022.4883
1741113727157,1022.49445
1741113727178,1022.4988
1741113727224,1022.4991
1741113727256,1022.50507
1741113727278,1022.51086
1741113727322,1022.5214
1741113727357,1022.5262
1741113727379,1022.522
1741113727417,1022.5226
1741113727458,1022.53
1741113727477,1022.5276
1741113727516,1022.5371
1741113727556,1022.5425
1741113727579,1022.55176
1741113727617,1022.5506
1741113727656,1022.5508
1741113727676,1022.54114
1741113727730,1022.55273
1741113727757,1022.5611
1741113727776,1022.5648
1741113727823,1022.5705
1741113727856,1022.5789
1741113727878,1022.5738
1741113727916,1022.574
1741113727957,1022.57855
1741113727977,1022.5836
1741113728019,1022.5825
1741113728057,1022.5828
1741113728077,1022.58765
1741113728115,1022.5858
1741113728155,1022.588
1741113728177,1022.5952
1741113728221,1022.58905
1741113728257,1022.5869
1741113728275,1022.58923
1741113728318,1022.59143
1741113728356,1022.6021
1741113728375,1022.599
1741113728418,1022.603
1741113728456,1022.5991
1741113728478,1022.59326
1741113728515,1022.593
1741113728555,1022.6063
1741113728579,1022.59705
1741113728616,1022.6003
1741113728658,1022.6023
1741113728682,1022.59076
1741113728715,1022.5906
1741113728759,1022.58716
1741113728776,1022.5949
1741113728828,1022.602
1741113728856,1022.60266
1741113728876,1022.5901
1741113728919,1022.5877
1741113728956,1022.5875
1741113728976,1022.5842
1741113729019,1022.5842
1741113729070,1022.58606
1741113729080,1022.5928
1741113729136,1022.58704
1741113729154,1022.5835
1741113729174,1022.5862
1741113729218,1022.5814
1741113729255,1022.5806
1741113729288,1022.58466
1741113729314,1022.57465
1741113729353,1022.5726
1741113729374,1022.57587
1741113729414,1022.59
1741113729453,1022.58795
1741113729474,1022.5851
1741113729513,1022.58777
1741113729554,1022.5802
1741113729574,1022.57385
1741113729613,1022.5757
1741113729654,1022.57587
1741113729673,1022.5763
1741113729713,1022.56964
1741113729754,1022.5647
1741113729773,1022.56885
1741113729813,1022.5695
1741113729854,1022.56714
1741113729873,1022.5772
1741113729913,1022.56604
1741113729953,1022.5497
1741113729981,1022.54205
1741113730055,1022.5436
1741113730056,1022.5405
1741113730105,1022.5427
1741113730113,1022.5277
1741113730160,1022.5194
1741113730173,1022.5111
1741113730213,1022.5012
1741113730254,1022.4957
1741113730273,1022.4958
1741113730313,1022.49194
1741113730355,1022.4896
1741113730374,1022.4866
1741113730413,1022.48083
1741113730454,1022.4796
1741113730474,1022.4843
1741113730513,1022.4833
1741113730556,1022.4813
1741113730574,1022.485
1741113730613,1022.4795
1741113730653,1022.4828
1741113730673,1022.49097
1741113730715,1022.48987
1741113730754,1022.49207
1741113730774,1022.48883
1741113730815,1022.48486
1741113730855,1022.48376
1741113730875,1022.47784
1741113730914,1022.4697
1741113730954,1022.4708
1741113730974,1022.47034
1741113731014,1022.4629
1741113731053,1022.45526
1741113731073,1022.4587
1741113731112,1022.4475
1741113731153,1022.45166
1741113731226,1022.43665
1741113731226,1022.4396
1741113731258,1022.43646
1741113731273,1022.4431
1741113731312,1022.444
1741113731353,1022.44324
1741113731372,1022.44543
1741113731412,1022.44214
1741113731454,1022.44653
1741113731473,1022.4586
1741113731512,1022.4631
1741113731552,1022.46313
1741113731572,1022.46246
1741113731612,1022.4531
1741113731652,1022.45105
1741113731672,1022.459
1741113731712,1022.4574
1741113731752,1022.4579
1741113731773,1022.45624
1741113731812,1022.45154
1741113731852,1022.4462
1741113731872,1022.44855
1741113731912,1022.44354
1741113731952,1022.44635
1741113731972,1022.4459
1741113732012,1022.44214
1741113732052,1022.4428
1741113732072,1022.4437
1741113732112,1022.43805
1741113732152,1022.4328
1741113732172,1022.44293
1741113732215,1022.4306
1741113732266,1022.4314
1741113732272,1022.42633
1741113732312,1022.422
1741113732353,1022.4316
