1741114692626,1022.4219
1741114692645,1022.59753
1741114692684,1022.6599
1741114692724,1022.69116
1741114692745,1022.71155
1741114692784,1022.7271
1741114692804,1022.7326
1741114692844,1022.7419
1741114692884,1022.748
1741114692924,1022.7473
1741114692944,1022.743
1741114692988,1022.75037
1741114693024,1022.75635
1741114693045,1022.75525
1741114693093,1022.765
1741114693106,1022.76855
1741114693147,1022.77515
1741114693186,1022.7721
1741114693226,1022.7588
1741114693246,1022.7612
1741114693286,1022.7583
1741114693324,1022.7632
1741114693346,1022.76404
1741114693388,1022.75244
1741114693426,1022.7529
1741114693445,1022.7456
1741114693486,1022.74414
1741114693531,1022.7395
1741114693544,1022.73816
1741114693586,1022.73444
1741114693625,1022.7404
1741114693645,1022.73645
1741114693688,1022.74365
1741114693724,1022.74744
1741114693745,1022.7329
1741114693789,1022.7331
1741114693825,1022.72723
1741114693845,1022.73895
1741114693891,1022.73224
1741114693925,1022.72754
1741114693946,1022.7251
1741114693984,1022.71814
1741114694025,1022.72076
1741114694044,1022.72845
1741114694092,1022.7243
1741114694125,1022.7224
1741114694144,1022.7256
1741114694186,1022.72723
1741114694224,1022.7258
1741114694246,1022.7267
1741114694288,1022.7239
1741114694325,1022.72437
1741114694346,1022.712
1741114694385,1022.71423
1741114694427,1022.7215
1741114694447,1022.72595
1741114694484,1022.7232
1741114694523,1022.71564
1741114694545,1022.724
1741114694598,1022.7203
1741114694624,1022.70764
1741114694644,1022.70667
1741114694684,1022.7061
1741114694725,1022.713
1741114694745,1022.7118
1741114694788,1022.7228
1741114694828,1022.72876
1741114694845,1022.7282
1741114694883,1022.71747
1741114694924,1022.718
1741114694943,1022.7149
1741114694986,1022.72046
1741114695025,1022.72284
1741114695044,1022.731
1741114695085,1022.7233
1741114695127,1022.7155
1741114695144,1022.72235
1741114695185,1022.7195
1741114695226,1022.71436
1741114695244,1022.7101
1741114695285,1022.7112
1741114695326,1022.71027
1741114695344,1022.71826
1741114695384,1022.7068
1741114695425,1022.70807
1741114695446,1022.7037
1741114695483,1022.7067
1741114695524,1022.7119
1741114695544,1022.7167
1741114695585,1022.71735
1741114695623,1022.7175
1741114695643,1022.71936
1741114695683,1022.7203
1741114695723,1022.71686
1741114695743,1022.7246
1741114695783,1022.72327
1741114695823,1022.71765
1741114695842,1022.7125
1741114695883,1022.70776
1741114695929,1022.70746
1741114695942,1022.7037
1741114695983,1022.70276
1741114696022,1022.6938
1741114696042,1022.6876
1741114696082,1022.693
1741114696122,1022.7042
1741114696142,1022.69727
1741114696182,1022.6981
1741114696222,1022.6934
1741114696244,1022.68066
1741114696311,1022.6735
1741114696326,1022.68005
1741114696342,1022.6775
1741114696382,1022.6834
1741114696422,1022.6849
1741114696445,1022.676
1741114696482,1022.6717
1741114696522,1022.6734
1741114696543,1022.67285
1741114696589,1022.6761
1741114696655,1022.6609
1741114696655,1022.6526
1741114696682,1022.6524
1741114696722,1022.64545
1741114696742,1022.6378
1741114696782,1022.629
1741114696822,1022.62134
1741114696922,1022.61523
1741114696942,1022.61816
1741114696982,1022.61475
1741114697022,1022.6138
1741114697042,1022.5981
1741114697096,1022.59216
1741114697122,1022.582
1741114697142,1022.5763
1741114697181,1022.58527
1741114697202,1022.5835
1741114697242,1022.585
1741114697281,1022.578
1741114697321,1022.5625
1741114697341,1022.56287
1741114697381,1022.56354
1741114697421,1022.561
1741114697441,1022.55145
1741114697481,1022.5571
1741114697523,1022.55273
1741114697541,1022.55536
1741114697581,1022.56836
1741114697623,1022.5661
1741114697641,1022.5617
1741114697682,1022.5564
1741114697722,1022.55176
1741114697741,1022.5546
1741114697781,1022.54913
1741114697830,1022.54535
1741114697846,1022.54395
1741114697881,1022.5529
1741114697923,1022.55225
1741114697941,1022.5492
1741114697981,1022.551
1741114698021,1022.5575
1741114698041,1022.56213
1741114698081,1022.5491
1741114698122,1022.5471
1741114698141,1022.54846
1741114698181,1022.5558
1741114698221,1022.5525
1741114698241,1022.5458
1741114698281,1022.541
1741114698321,1022.5421
1741114698341,1022.53
1741114698381,1022.5426
1741114698421,1022.5648
1741114698441,1022.5978
1741114698481,1022.5926
1741114698521,1022.57837
1741114698541,1022.57404
1741114698581,1022.5665
1741114698621,1022.5738
1741114698641,1022.5761
1741114698681,1022.5668
1741114698721,1022.5523
1741114698741,1022.5427
1741114698781,1022.5274
1741114698821,1022.50165
1741114698841,1022.4725
1741114698881,1022.4708
1741114698921,1022.4896
1741114698941,1022.5
1741114698980,1022.50104
1741114699022,1022.50836
1741114699040,1022.5245
1741114699080,1022.536
1741114699121,1022.5456
1741114699141,1022.5521
1741114699180,1022.5486
1741114699202,1022.53723
1741114699241,1022.5361
1741114699280,1022.54425
1741114699321,1022.5542
1741114699341,1022.5362
1741114699380,1022.52905
1741114699421,1022.525
1741114699440,1022.5251
1741114699480,1022.5089
1741114699521,1022.49646
1741114699540,1022.4904
1741114699580,1022.4911
1741114699621,1022.49023
1741114699640,1022.5178
1741114699681,1022.53577
1741114699720,1022.5649
1741114699741,1022.5569
1741114699780,1022.55963
1741114699820,1022.5449
1741114699841,1022.5369
1741114699880,1022.5585
1741114699921,1022.54504
1741114699940,1022.54755
1741114699980,1022.54736
1741114700020,1022.5419
1741114700041,1022.51654
1741114700080,1022.49194
1741114700120,1022.46594
1741114700140,1022.4468
1741114700180,1022.4317
1741114700220,1022.424
1741114700240,1022.4475
1741114700280,1022.45795
1741114700320,1022.46735
1741114700340,1022.4884
1741114700380,1022.5073
1741114700420,1022.5038
1741114700440,1022.50525
1741114700480,1022.51825
1741114700520,1022.53326
1741114700540,1022.52515
1741114700580,1022.5134
1741114700620,1022.4784
1741114700643,1022.45935
1741114700680,1022.4409
1741114700720,1022.43256
1741114700740,1022.4467
1741114700780,1022.4573
1741114700820,1022.46265
1741114700841,1022.4857
1741114700884,1022.50476
1741114700919,1022.50995
1741114700941,1022.4987
1741114700980,1022.5023
1741114701019,1022.51056
1741114701040,1022.51587
1741114701080,1022.5182
1741114701120,1022.50586
1741114701140,1022.49866
1741114701180,1022.4702
1741114701219,1022.4403
1741114701240,1022.4237
1741114701280,1022.4347
1741114701319,1022.42664
1741114701340,1022.4165
1741114701381,1022.4236
1741114701420,1022.41144
1741114701440,1022.4259
1741114701480,1022.4449
1741114701519,1022.4486
1741114701540,1022.4675
1741114701580,1022.4762
1741114701619,1022.47003
1741114701639,1022.47144
1741114701679,1022.4792
1741114701719,1022.4801
1741114701740,1022.4833
1741114701780,1022.46063
1741114701819,1022.43823
1741114701840,1022.42725
1741114701880,1022.4142
1741114701919,1022.4258
1741114701939,1022.41187
1741114701979,1022.3963
1741114702019,1022.3848
1741114702039,1022.39355
1741114702079,1022.4169
1741114702119,1022.4373
1741114702139,1022.45917
1741114702179,1022.46387
1741114702219,1022.4656
1741114702239,1022.4537
1741114702279,1022.449
1741114702319,1022.459
1741114702339,1022.47504
1741114702379,1022.48315
1741114702419,1022.4834
1741114702439,1022.47815
1741114702479,1022.4686
1741114702518,1022.4611
1741114702539,1022.4524
1741114702578,1022.4501
1741114702619,1022.42566
1741114702638,1022.3944
1741114702679,1022.3763
1741114702719,1022.3604
1741114702739,1022.3564
1741114702779,1022.3683
1741114702819,1022.3819
1741114702838,1022.3894
1741114702879,1022.3968
1741114702919,1022.41223
1741114702938,1022.4132
1741114702979,1022.4191
1741114703018,1022.4116
1741114703038,1022.4229
1741114703081,1022.4352
1741114703119,1022.4413
1741114703138,1022.4408
1741114703186,1022.4452
1741114703219,1022.4426
1741114703238,1022.43555
1741114703279,1022.4253
1741114703318,1022.42926
1741114703338,1022.43823
1741114703385,1022.4333
1741114703421,1022.3987
1741114703438,1022.3827
1741114703486,1022.3771
1741114703526,1022.36945
1741114703541,1022.3744
1741114703579,1022.3835
1741114703619,1022.4175
1741114703639,1022.4193
1741114703680,1022.4169
1741114703719,1022.41516
1741114703738,1022.426
1741114703779,1022.42725
1741114703820,1022.41675
1741114703838,1022.41284
1741114703889,1022.41833
1741114703921,1022.4258
1741114703939,1022.4199
1741114703985,1022.41003
1741114704018,1022.391
1741114704038,1022.4063
1741114704082,1022.3971
1741114704120,1022.37555
1741114704138,1022.3605
1741114704182,1022.39136
1741114704219,1022.43567
1741114704239,1022.44476
1741114704279,1022.4319
1741114704318,1022.42035
1741114704338,1022.41614
1741114704385,1022.4076
1741114704420,1022.40784
1741114704441,1022.4082
1741114704483,1022.41785
1741114704519,1022.4253
1741114704538,1022.4242
1741114704584,1022.40906
1741114704620,1022.3661
1741114704638,1022.3643
1741114704686,1022.3633
1741114704717,1022.37537
1741114704737,1022.3837
1741114704778,1022.3876
1741114704818,1022.41864
1741114704837,1022.42285
1741114704879,1022.40704
1741114704918,1022.39435
1741114704937,1022.40515
1741114704978,1022.4123
1741114705018,1022.41565
1741114705037,1022.41046
1741114705080,1022.4236
1741114705118,1022.4313
1741114705137,1022.4324
1741114705177,1022.43085
1741114705224,1022.39996
1741114705237,1022.38477
1741114705279,1022.39465
1741114705318,1022.3714
1741114705338,1022.3581
1741114705383,1022.3894
1741114705423,1022.4496
1741114705440,1022.46484
1741114705479,1022.4442
1741114705519,1022.42236
1741114705538,1022.42505
1741114705577,1022.42395
1741114705619,1022.4275
1741114705638,1022.4205
1741114705677,1022.4236
1741114705717,1022.41565
1741114705738,1022.4015
1741114705777,1022.37897
1741114705820,1022.3657
1741114705843,1022.38916
1741114705877,1022.41785
1741114705918,1022.42847
1741114705938,1022.43494
1741114705977,1022.4285
1741114706022,1022.43555
1741114706038,1022.4812
1741114706077,1022.49084
1741114706123,1022.4705
1741114706138,1022.46124
1741114706176,1022.4477
1741114706217,1022.4287
1741114706237,1022.416
1741114706276,1022.39856
1741114706321,1022.3832
1741114706337,1022.374
1741114706377,1022.35925
1741114706417,1022.3384
1741114706437,1022.3251
1741114706477,1022.32654
1741114706520,1022.3377
1741114706538,1022.3685
1741114706576,1022.3937
1741114706617,1022.40106
1741114706637,1022.4006
1741114706677,1022.38837
1741114706716,1022.3971
1741114706737,1022.39606
1741114706776,1022.38794
1741114706824,1022.3886
1741114706841,1022.37976
1741114706877,1022.3481
1741114706924,1022.35645
1741114706939,1022.38745
1741114706977,1022.3829
1741114707019,1022.38354
1741114707037,1022.4105
1741114707077,1022.4328
1741114707118,1022.4142
1741114707139,1022.40533
1741114707177,1022.4098
1741114707225,1022.4115
1741114707237,1022.3992
1741114707278,1022.3854
1741114707324,1022.3595
1741114707338,1022.3262
1741114707376,1022.31995
1741114707418,1022.3286
1741114707437,1022.32825
1741114707476,1022.3158
1741114707517,1022.3226
1741114707544,1022.33704
1741114707576,1022.3605
1741114707624,1022.3641
1741114707643,1022.3624
1741114707686,1022.3628
1741114707725,1022.3586
1741114707743,1022.35583
1741114707776,1022.3386
1741114707817,1022.33307
1741114707839,1022.31415
1741114707878,1022.3152
1741114707918,1022.34155
1741114707937,1022.3759
1741114707976,1022.4101
1741114708016,1022.43427
1741114708036,1022.4342
1741114708077,1022.4249
1741114708116,1022.4177
1741114708137,1022.3944
1741114708177,1022.36835
1741114708215,1022.34454
1741114708237,1022.3032
1741114708280,1022.2632
1741114708316,1022.234
1741114708347,1022.2679
1741114708377,1022.28784
1741114708416,1022.274
1741114708436,1022.2813
1741114708478,1022.3137
1741114708515,1022.3383
1741114708538,1022.33887
1741114708579,1022.3297
1741114708616,1022.31323
1741114708637,1022.29846
1741114708678,1022.2882
1741114708717,1022.2865
1741114708736,1022.2734
1741114708778,1022.2558
1741114708816,1022.24884
1741114708837,1022.27655
1741114708876,1022.3246
1741114708916,1022.3643
1741114708940,1022.38916
1741114708977,1022.396
1741114709015,1022.3831
1741114709042,1022.36
1741114709078,1022.34283
1741114709115,1022.3331
1741114709137,1022.3021
1741114709179,1022.2814
1741114709216,1022.2364
1741114709236,1022.19965
1741114709278,1022.2223
1741114709316,1022.277
1741114709335,1022.2897
1741114709381,1022.27277
1741114709415,1022.26495
1741114709435,1022.2717
1741114709481,1022.2793
1741114709516,1022.2781
1741114709535,1022.27496
1741114709576,1022.2623
1741114709616,1022.2677
1741114709635,1022.2782
1741114709682,1022.2896
1741114709717,1022.29785
1741114709735,1022.2978
1741114709777,1022.29614
1741114709815,1022.3043
1741114709835,1022.3078
1741114709883,1022.2947
1741114709916,1022.2712
1741114709935,1022.2412
1741114709983,1022.23584
1741114710028,1022.23444
1741114710043,1022.2464
1741114710079,1022.2619
1741114710115,1022.2626
1741114710136,1022.2727
1741114710184,1022.2643
1741114710216,1022.2624
1741114710235,1022.26526
1741114710277,1022.27985
1741114710316,1022.2887
1741114710335,1022.28625
1741114710376,1022.2831
1741114710417,1022.2702
1741114710435,1022.27765
1741114710478,1022.28284
1741114710516,1022.26086
1741114710534,1022.2707
1741114710578,1022.2644
1741114710617,1022.24585
1741114710635,1022.2381
1741114710677,1022.26654
1741114710716,1022.31055
1741114710735,1022.3205
1741114710776,1022.2905
1741114710817,1022.2786
1741114710835,1022.28784
1741114710876,1022.29944
1741114710915,1022.2971
1741114710935,1022.30505
1741114710978,1022.3058
1741114711015,1022.307
1741114711035,1022.2999
1741114711075,1022.2832
1741114711117,1022.2565
1741114711134,1022.21875
1741114711179,1022.21906
1741114711217,1022.24634
1741114711250,1022.2472
1741114711277,1022.25195
1741114711319,1022.2678
1741114711337,1022.28107
1741114711375,1022.27405
1741114711414,1022.2805
1741114711434,1022.28064
1741114711476,1022.27216
1741114711521,1022.2632
1741114711537,1022.26605
1741114711576,1022.274
1741114711642,1022.2804
1741114711642,1022.277
1741114711674,1022.25366
1741114711715,1022.23926
1741114711733,1022.25433
1741114711777,1022.2364
1741114711813,1022.2286
1741114711835,1022.2567
1741114711875,1022.3147
1741114711915,1022.3328
1741114711942,1022.31586
1741114711974,1022.3021
1741114712014,1022.3004
1741114712034,1022.31165
1741114712075,1022.31415
1741114712114,1022.3183
1741114712137,1022.31134
1741114712176,1022.32025
1741114712214,1022.3191
1741114712235,1022.29004
1741114712276,1022.27216
1741114712315,1022.2717
1741114712337,1022.29736
1741114712470,1022.2925
1741114712475,1022.3131
1741114712515,1022.3212
1741114712563,1022.3296
1741114712576,1022.32904
1741114712614,1022.327
1741114712666,1022.32544
1741114712674,1022.31604
1741114712715,1022.31696
1741114712754,1022.33594
1741114712774,1022.3364
1741114712815,1022.3088
1741114712854,1022.2915
1741114712875,1022.29926
1741114712916,1022.29816
1741114712954,1022.286
1741114712973,1022.30914
1741114713015,1022.3487
1741114713054,1022.3517
1741114713089,1022.33875
1741114713118,1022.3301
1741114713157,1022.32806
1741114713173,1022.32227
1741114713217,1022.3196
1741114713254,1022.33234
1741114713283,1022.339
1741114713315,1022.3402
1741114713358,1022.32434
1741114713375,1022.2897
1741114713417,1022.2757
1741114713454,1022.2969
1741114713476,1022.32
1741114713513,1022.35156
1741114713554,1022.3605
1741114713578,1022.36523
1741114713614,1022.35004
1741114713654,1022.35175
1741114713675,1022.3484
1741114713720,1022.3393
1741114713754,1022.345
1741114713774,1022.3368
1741114713814,1022.3306
1741114713854,1022.3188
1741114713874,1022.32166
1741114713931,1022.32367
1741114713954,1022.3017
1741114713975,1022.2941
1741114714014,1022.2924
1741114714054,1022.3047
1741114714074,1022.3438
1741114714115,1022.39264
1741114714153,1022.415
1741114714174,1022.40405
1741114714215,1022.38354
1741114714262,1022.35425
1741114714274,1022.3423
1741114714314,1022.3468
1741114714353,1022.3494
1741114714375,1022.3511
1741114714413,1022.3357
1741114714456,1022.3216
1741114714492,1022.317
1741114714514,1022.33514
1741114714560,1022.33044
1741114714574,1022.31366
1741114714612,1022.2823
1741114714655,1022.2864
1741114714673,1022.32434
1741114714714,1022.36664
1741114714754,1022.3967
1741114714775,1022.3916
1741114714816,1022.38525
1741114714854,1022.3743
1741114714873,1022.3658
1741114714933,1022.3646
1741114714954,1022.3621
1741114714974,1022.3461
1741114715013,1022.3187
1741114715056,1022.2923
1741114715073,1022.29376
1741114715113,1022.29333
1741114715153,1022.2689
1741114715175,1022.2574
1741114715214,1022.25714
1741114715253,1022.2877
1741114715276,1022.30676
1741114715313,1022.3173
1741114715354,1022.32446
1741114715375,1022.3218
1741114715413,1022.3268
1741114715454,1022.33984
1741114715483,1022.327
1741114715514,1022.31165
1741114715553,1022.29333
1741114715573,1022.27905
1741114715614,1022.265
1741114715656,1022.2889
1741114715673,1022.28595
1741114715713,1022.29126
1741114715753,1022.31116
1741114715774,1022.34814
1741114715815,1022.3562
1741114715863,1022.3407
1741114715873,1022.3185
1741114715913,1022.3171
1741114715953,1022.32635
1741114715984,1022.3362
1741114716024,1022.3379
1741114716052,1022.3088
1741114716074,1022.26904
1741114716114,1022.2395
1741114716155,1022.22833
1741114716180,1022.22656
1741114716212,1022.2081
1741114716256,1022.222
1741114716277,1022.2529
1741114716315,1022.2954
1741114716353,1022.3192
1741114716376,1022.29785
1741114716415,1022.26733
1741114716453,1022.25604
1741114716473,1022.2616
1741114716515,1022.26105
1741114716555,1022.2416
1741114716573,1022.2241
1741114716617,1022.225
1741114716653,1022.24414
1741114716673,1022.2536
1741114716714,1022.2581
1741114716752,1022.2593
1741114716773,1022.2583
1741114716812,1022.27405
1741114716852,1022.2852
1741114716871,1022.28925
1741114716912,1022.29126
1741114716953,1022.296
1741114716973,1022.3108
1741114717017,1022.3091
1741114717058,1022.29236
1741114717083,1022.2506
1741114717112,1022.21246
1741114717154,1022.21265
1741114717171,1022.18976
1741114717214,1022.1778
1741114717253,1022.16284
1741114717281,1022.16736
1741114717312,1022.18445
1741114717353,1022.20325
1741114717372,1022.2289
1741114717415,1022.2458
1741114717453,1022.24817
1741114717476,1022.2743
1741114717512,1022.27484
1741114717557,1022.25574
1741114717572,1022.2381
1741114717613,1022.20294
1741114717652,1022.17175
1741114717675,1022.17145
1741114717713,1022.1765
1741114717757,1022.1806
1741114717771,1022.2023
1741114717815,1022.2271
1741114717852,1022.23987
1741114717874,1022.2346
1741114717913,1022.23047
1741114717952,1022.2434
1741114717980,1022.24927
1741114718012,1022.2557
1741114718051,1022.2524
1741114718072,1022.22797
1741114718116,1022.19775
1741114718152,1022.1727
1741114718188,1022.1615
1741114718211,1022.1567
1741114718254,1022.14014
1741114718274,1022.1362
1741114718313,1022.1362
1741114718353,1022.16095
1741114718372,1022.1921
1741114718412,1022.20276
1741114718452,1022.2167
1741114718476,1022.22217
1741114718513,1022.22424
1741114718552,1022.2252
1741114718572,1022.2229
1741114718613,1022.2189
1741114718653,1022.2056
1741114718682,1022.1788
1741114718711,1022.1598
1741114718754,1022.1656
1741114718771,1022.17377
1741114718814,1022.16833
1741114718855,1022.16583
1741114718874,1022.1852
1741114718913,1022.21204
1741114718952,1022.228
1741114718972,1022.21387
1741114719013,1022.209
1741114719051,1022.2069
1741114719073,1022.211
1741114719133,1022.21686
1741114719151,1022.21686
1741114719171,1022.2032
1741114719211,1022.1922
1741114719255,1022.1677
1741114719271,1022.1604
1741114719313,1022.15875
1741114719351,1022.13916
1741114719371,1022.1018
1741114719418,1022.0877
1741114719453,1022.0808
1741114719472,1022.082
1741114719513,1022.10724
1741114719551,1022.1265
1741114719573,1022.1439
1741114719613,1022.1719
1741114719652,1022.1683
1741114719673,1022.1665
1741114719711,1022.1715
1741114719751,1022.16174
1741114719771,1022.16693
1741114719824,1022.1641
1741114719852,1022.1633
1741114719874,1022.1507
1741114719925,1022.1318
1741114719952,1022.12354
1741114719974,1022.12744
1741114720015,1022.12805
1741114720051,1022.1167
1741114720075,1022.1102
1741114720111,1022.1134
1741114720171,1022.1285
1741114720172,1022.15
1741114720213,1022.14136
1741114720251,1022.14655
1741114720272,1022.1433
1741114720325,1022.1312
1741114720350,1022.1415
1741114720372,1022.1383
1741114720412,1022.14355
1741114720450,1022.1455
1741114720471,1022.15857
1741114720514,1022.1505
1741114720551,1022.1309
1741114720577,1022.1058
1741114720610,1022.09735
1741114720651,1022.09296
1741114720672,1022.1219
1741114720716,1022.13916
1741114720750,1022.1333
1741114720772,1022.1313
1741114720812,1022.12354
1741114720851,1022.0934
1741114720878,1022.0913
1741114720909,1022.09296
1741114720953,1022.09656
1741114720970,1022.1162
1741114721012,1022.13214
1741114721052,1022.15857
1741114721070,1022.17053
1741114721110,1022.17395
1741114721151,1022.1795
1741114721170,1022.1689
1741114721209,1022.1721
1741114721255,1022.1628
1741114721270,1022.1473
1741114721310,1022.1338
1741114721350,1022.12305
1741114721369,1022.12646
1741114721409,1022.13403
1741114721450,1022.1223
1741114721470,1022.0969
1741114721510,1022.08813
1741114721550,1022.10315
1741114721570,1022.114
1741114721609,1022.1073
1741114721650,1022.09467
1741114721669,1022.088
1741114721709,1022.1134
1741114721751,1022.1618
1741114721770,1022.17596
1741114721811,1022.1584
1741114721853,1022.1523
1741114721869,1022.1532
1741114721910,1022.14746
1741114721950,1022.12964
1741114721971,1022.1205
1741114722012,1022.12537
1741114722067,1022.1251
1741114722083,1022.1244
1741114722108,1022.12933
1741114722148,1022.1146
1741114722170,1022.119
1741114722208,1022.1245
1741114722253,1022.1133
1741114722271,1022.10114
1741114722309,1022.1036
1741114722352,1022.12134
1741114722370,1022.1511
1741114722409,1022.16925
1741114722448,1022.1599
1741114722485,1022.15076
1741114722509,1022.1395
1741114722554,1022.1349
1741114722575,1022.1274
1741114722611,1022.1271
1741114722650,1022.12537
1741114722668,1022.12555
1741114722709,1022.13214
1741114722751,1022.1415
1741114722769,1022.14966
1741114722811,1022.1319
1741114722848,1022.10077
1741114722869,1022.089
1741114722915,1022.09283
1741114722950,1022.1072
1741114722971,1022.10175
1741114723010,1022.1061
1741114723050,1022.12427
1741114723069,1022.1461
1741114723111,1022.1675
1741114723148,1022.16016
1741114723171,1022.1516
1741114723215,1022.14075
1741114723253,1022.13165
1741114723268,1022.13184
1741114723312,1022.13245
1741114723348,1022.1323
1741114723369,1022.14856
1741114723410,1022.14813
1741114723453,1022.1169
1741114723468,1022.12286
1741114723510,1022.1288
1741114723549,1022.12024
1741114723572,1022.11035
1741114723610,1022.12756
1741114723651,1022.1692
1741114723669,1022.1879
1741114723714,1022.17535
1741114723747,1022.162
1741114723770,1022.1555
1741114723813,1022.1578
1741114723856,1022.1723
1741114723869,1022.15753
1741114723910,1022.1491
1741114723948,1022.14734
1741114723971,1022.15186
1741114724014,1022.153
1741114724048,1022.1434
1741114724069,1022.1428
1741114724111,1022.14307
1741114724150,1022.16974
1741114724169,1022.1827
1741114724208,1022.17145
1741114724252,1022.1527
1741114724273,1022.1422
1741114724316,1022.15247
1741114724347,1022.18304
1741114724370,1022.1931
1741114724408,1022.1791
1741114724450,1022.15125
1741114724474,1022.1419
1741114724510,1022.1532
1741114724547,1022.1592
1741114724567,1022.15735
1741114724614,1022.1489
1741114724648,1022.14484
1741114724669,1022.1561
1741114724712,1022.16064
1741114724749,1022.1449
1741114724769,1022.12854
1741114724808,1022.09827
1741114724850,1022.084
1741114724870,1022.0738
1741114724910,1022.0701
1741114724949,1022.083
1741114724967,1022.0845
1741114725008,1022.08545
1741114725050,1022.10815
1741114725068,1022.1322
1741114725107,1022.1333
1741114725147,1022.1359
1741114725167,1022.13434
1741114725213,1022.13586
1741114725248,1022.13196
1741114725269,1022.12555
1741114725308,1022.11285
1741114725348,1022.0961
1741114725373,1022.07947
1741114725408,1022.0809
1741114725447,1022.0901
1741114725467,1022.0852
1741114725509,1022.07965
1741114725547,1022.0931
1741114725568,1022.1301
1741114725611,1022.1588
1741114725652,1022.16565
1741114725667,1022.1624
1741114725723,1022.14594
1741114725747,1022.13794
1741114725767,1022.1361
1741114725808,1022.1359
1741114725853,1022.1322
1741114725868,1022.1248
1741114725914,1022.1123
1741114725949,1022.1054
1741114725970,1022.09534
1741114726007,1022.08234
1741114726047,1022.085
1741114726068,1022.06836
1741114726107,1022.06287
1741114726147,1022.05457
1741114726173,1022.04193
1741114726207,1022.0369
1741114726251,1022.0435
1741114726267,1022.0465
1741114726308,1022.0522
1741114726364,1022.05786
1741114726373,1022.05676
1741114726406,1022.0565
1741114726446,1022.0576
1741114726471,1022.06445
1741114726508,1022.06616
1741114726547,1022.0698
1741114726573,1022.07275
1741114726609,1022.0659
1741114726649,1022.05914
1741114726671,1022.0623
1741114726707,1022.0607
1741114726748,1022.0718
1741114726772,1022.07086
1741114726832,1022.0593
1741114726847,1022.05945
1741114726867,1022.0574
1741114726905,1022.0637
1741114726947,1022.0704
1741114726967,1022.07227
1741114727007,1022.07544
1741114727058,1022.0806
1741114727068,1022.0714
1741114727108,1022.06995
1741114727154,1022.0741
1741114727168,1022.08405
1741114727214,1022.0862
1741114727247,1022.0962
1741114727269,1022.1068
1741114727307,1022.0964
1741114727350,1022.10815
1741114727366,1022.10876
1741114727414,1022.1129
1741114727447,1022.10785
1741114727475,1022.1096
1741114727507,1022.10376
1741114727547,1022.08997
1741114727568,1022.0801
1741114727611,1022.07007
1741114727646,1022.0591
1741114727669,1022.0503
1741114727707,1022.06226
1741114727753,1022.0742
1741114727766,1022.0661
1741114727808,1022.052
1741114727852,1022.0318
1741114727866,1022.0238
1741114727907,1022.00793
1741114727946,1021.99445
1741114727972,1021.98596
1741114728006,1022.0035
1741114728046,1022.0271
1741114728066,1022.04016
1741114728109,1022.04846
1741114728146,1022.0638
1741114728172,1022.0642
1741114728205,1022.06555
1741114728250,1022.0631
1741114728271,1022.05493
1741114728307,1022.05493
1741114728353,1022.05396
1741114728365,1022.065
1741114728408,1022.0624
1741114728445,1022.0619
1741114728467,1022.04626
1741114728507,1022.0416
1741114728545,1022.0276
1741114728565,1022.01636
1741114728612,1022.0172
1741114728646,1022.00916
1741114728674,1021.99115
1741114728705,1021.99817
1741114728758,1022.01154
1741114728766,1022.03186
1741114728807,1022.0603
1741114728847,1022.0802
1741114728865,1022.0728
1741114728908,1022.06134
1741114728946,1022.0517
1741114728966,1022.038
1741114729006,1022.0409
1741114729045,1022.05725
1741114729070,1022.0553
1741114729105,1022.0554
1741114729146,1022.06714
1741114729168,1022.06085
1741114729206,1022.0363
1741114729246,1022.0207
1741114729266,1022.0044
1741114729305,1022.00104
1741114729370,1021.9845
1741114729371,1021.961
1741114729405,1021.92694
1741114729450,1021.9034
1741114729465,1021.91675
1741114729507,1021.9475
1741114729557,1021.9636
1741114729566,1021.97034
1741114729605,1021.99524
1741114729646,1022.00684
1741114729669,1022.0231
1741114729715,1022.0236
1741114729753,1022.0215
1741114729764,1022.031
1741114729806,1022.0254
1741114729854,1022.00696
1741114729864,1021.9743
1741114729907,1021.93604
1741114729945,1021.91797
1741114729965,1021.92847
1741114730004,1021.93866
1741114730049,1021.95044
1741114730068,1021.9518
1741114730106,1021.97296
1741114730145,1021.9802
1741114730172,1021.9656
1741114730205,1021.9796
1741114730267,1021.9994
1741114730267,1022.007
1741114730306,1022.0088
1741114730353,1021.9973
1741114730364,1021.9863
1741114730405,1021.9553
1741114730446,1021.9267
1741114730473,1021.8953
1741114730505,1021.8834
1741114730551,1021.87616
1741114730565,1021.8762
1741114730608,1021.87854
1741114730644,1021.8706
1741114730666,1021.8943
1741114730707,1021.90784
1741114730745,1021.9343
1741114730765,1021.97107
1741114730804,1021.96564
1741114730845,1021.963
1741114730867,1021.9733
1741114730906,1021.9774
1741114730952,1021.982
1741114730964,1021.98975
1741114731006,1021.99036
1741114731044,1021.9704
1741114731066,1021.93286
1741114731108,1021.915
1741114731145,1021.9086
1741114731166,1021.8992
1741114731211,1021.8949
1741114731247,1021.89545
1741114731269,1021.9098
1741114731304,1021.95544
1741114731346,1021.9919
1741114731365,1021.99506
1741114731405,1021.9867
1741114731445,1021.9682
1741114731466,1021.96155
1741114731505,1021.9586
1741114731545,1021.97327
1741114731567,1021.974
1741114731603,1021.9634
1741114731645,1021.96326
1741114731671,1021.93933
1741114731705,1021.91974
1741114731744,1021.9098
1741114731773,1021.8978
1741114731805,1021.8545
1741114731844,1021.84436
1741114731865,1021.84827
1741114731905,1021.8544
1741114731945,1021.86615
1741114731965,1021.8856
1741114732006,1021.9068
1741114732044,1021.92896
1741114732064,1021.9329
1741114732104,1021.94666
1741114732160,1021.94745
1741114732174,1021.93756
1741114732204,1021.9214
1741114732246,1021.9314
1741114732267,1021.95734
1741114732303,1021.9433
1741114732343,1021.9297
1741114732364,1021.9207
1741114732404,1021.9168
1741114732443,1021.91864
1741114732464,1021.90796
1741114732504,1021.90094
1741114732544,1021.89404
1741114732563,1021.89014
1741114732604,1021.8903
1741114732645,1021.9005
1741114732668,1021.9149
1741114732703,1021.9299
1741114732744,1021.923
1741114732768,1021.9059
1741114732806,1021.89417
1741114732874,1021.90106
1741114732875,1021.90546
1741114732903,1021.91064
1741114732948,1021.9183
1741114732963,1021.91675
1741114733005,1021.91595
1741114733044,1021.8989
1741114733071,1021.8938
1741114733104,1021.88855
1741114733144,1021.8961
1741114733164,1021.91425
1741114733203,1021.89514
1741114733243,1021.8763
1741114733266,1021.88074
1741114733304,1021.9037
1741114733345,1021.87384
1741114733368,1021.85
1741114733403,1021.843
1741114733448,1021.8573
1741114733464,1021.88464
1741114733502,1021.9259
1741114733547,1021.93567
1741114733567,1021.938
1741114733603,1021.93585
1741114733646,1021.9192
1741114733665,1021.90674
1741114733711,1021.90265
1741114733747,1021.9099
1741114733763,1021.9036
1741114733803,1021.88293
1741114733852,1021.8793
1741114733862,1021.8823
1741114733906,1021.8717
1741114733943,1021.8644
1741114733964,1021.8733
1741114734010,1021.90607
1741114734044,1021.9107
1741114734064,1021.90283
1741114734106,1021.89435
1741114734144,1021.9009
1741114734163,1021.9104
1741114734205,1021.9113
1741114734243,1021.91504
1741114734284,1021.9087
1741114734305,1021.9074
1741114734342,1021.9053
1741114734387,1021.8825
1741114734402,1021.85834
1741114734444,1021.8496
1741114734484,1021.8633
1741114734512,1021.8834
1741114734545,1021.92126
1741114734583,1021.9353
1741114734615,1021.9312
1741114734643,1021.92584
1741114734684,1021.92395
1741114734703,1021.9399
1741114734750,1021.9338
1741114734792,1021.93445
1741114734802,1021.9246
1741114734844,1021.8939
1741114734883,1021.8625
1741114734905,1021.83655
1741114734942,1021.8446
1741114734983,1021.8683
1741114735002,1021.8729
1741114735049,1021.8717
1741114735085,1021.868
1741114735103,1021.8853
1741114735146,1021.91656
1741114735183,1021.9615
1741114735206,1021.9789
1741114735249,1021.95306
1741114735283,1021.92395
1741114735306,1021.9131
1741114735351,1021.91565
1741114735383,1021.9229
1741114735404,1021.9194
1741114735445,1021.92084
1741114735483,1021.9089
1741114735527,1021.8863
1741114735541,1021.8715
1741114735584,1021.8607
1741114735612,1021.84546
1741114735643,1021.81836
1741114735685,1021.80524
1741114735702,1021.7941
1741114735742,1021.79834
1741114735783,1021.80597
1741114735803,1021.8279
1741114735842,1021.8466
1741114735881,1021.8502
1741114735902,1021.8516
1741114735948,1021.8666
1741114735985,1021.871
1741114736010,1021.86804
1741114736042,1021.85736
1741114736082,1021.8439
1741114736112,1021.8225
1741114736142,1021.81274
1741114736182,1021.8147
1741114736202,1021.8224
1741114736249,1021.8478
1741114736283,1021.8677
1741114736311,1021.9054
1741114736342,1021.9029
1741114736385,1021.87555
1741114736402,1021.8738
1741114736443,1021.8798
1741114736481,1021.8943
1741114736501,1021.8943
1741114736544,1021.8727
1741114736583,1021.8288
1741114736603,1021.79425
1741114736642,1021.7825
1741114736683,1021.7824
1741114736701,1021.7628
1741114736743,1021.7548
1741114736782,1021.7534
1741114736801,1021.7663
1741114736841,1021.78754
1741114736886,1021.80597
1741114736901,1021.81934
1741114736942,1021.8255
1741114736984,1021.8208
1741114737001,1021.83105
1741114737042,1021.84436
1741114737084,1021.82935
1741114737102,1021.82153
1741114737145,1021.7854
1741114737186,1021.76917
1741114737205,1021.76215
1741114737244,1021.7748
1741114737284,1021.7787
1741114737304,1021.7955
1741114737345,1021.8272
1741114737392,1021.8555
1741114737401,1021.84467
1741114737445,1021.8232
1741114737483,1021.8119
1741114737502,1021.82574
1741114737541,1021.845
1741114737582,1021.84937
1741114737602,1021.8354
1741114737641,1021.81665
1741114737684,1021.7931
1741114737704,1021.758
1741114737741,1021.74036
1741114737782,1021.76245
1741114737805,1021.7522
1741114737842,1021.7185
1741114737887,1021.7077
1741114737901,1021.7227
1741114737947,1021.7405
1741114737983,1021.7643
1741114738001,1021.7833
1741114738043,1021.7893
1741114738081,1021.7881
1741114738102,1021.79675
1741114738141,1021.8026
1741114738182,1021.8046
1741114738201,1021.8011
1741114738243,1021.7794
1741114738301,1021.75165
1741114738302,1021.74194
1741114738351,1021.7473
1741114738381,1021.7492
1741114738412,1021.73206
1741114738440,1021.7272
1741114738494,1021.7425
1741114738501,1021.7735
1741114738551,1021.7911
1741114738592,1021.7901
1741114738600,1021.79004
1741114738648,1021.80115
1741114738680,1021.80005
1741114738701,1021.80963
1741114738753,1021.81854
1741114738782,1021.79565
1741114738801,1021.7761
1741114738841,1021.76685
1741114738882,1021.76117
1741114738903,1021.7542
1741114738940,1021.747
1741114738980,1021.72473
1741114739003,1021.7046
1741114739043,1021.69946
1741114739082,1021.693
1741114739101,1021.69885
1741114739145,1021.7035
1741114739182,1021.69965
1741114739200,1021.6997
1741114739240,1021.7147
1741114739281,1021.73425
1741114739306,1021.7631
1741114739343,1021.7714
1741114739391,1021.7648
1741114739400,1021.7395
1741114739440,1021.73724
1741114739484,1021.7438
1741114739502,1021.7525
1741114739540,1021.7705
1741114739580,1021.7813
1741114739600,1021.748
1741114739642,1021.71576
1741114739682,1021.69977
1741114739700,1021.6982
1741114739746,1021.69586
1741114739781,1021.69257
1741114739804,1021.6942
1741114739842,1021.7012
1741114739883,1021.7134
1741114739913,1021.74994
1741114739940,1021.77966
1741114739981,1021.78357
1741114740004,1021.77484
1741114740044,1021.75507
1741114740080,1021.74493
1741114740105,1021.74475
1741114740147,1021.7339
1741114740181,1021.73706
1741114740200,1021.7406
1741114740239,1021.74286
1741114740291,1021.741
1741114740299,1021.7345
1741114740343,1021.7379
1741114740379,1021.71765
1741114740408,1021.69586
1741114740441,1021.6849
1741114740480,1021.6774
1741114740503,1021.6687
1741114740538,1021.6631
1741114740587,1021.6731
1741114740599,1021.6654
1741114740640,1021.66614
1741114740680,1021.66473
1741114740700,1021.6773
1741114740740,1021.70215
1741114740780,1021.7139
1741114740800,1021.7141
1741114740850,1021.71875
1741114740879,1021.7086
1741114740907,1021.71234
1741114740939,1021.70795
1741114740985,1021.7013
1741114741007,1021.71063
1741114741039,1021.7201
1741114741080,1021.73193
1741114741100,1021.7312
1741114741139,1021.7156
1741114741187,1021.7046
1741114741207,1021.69214
1741114741244,1021.6772
1741114741280,1021.66736
1741114741300,1021.65906
1741114741341,1021.6582
1741114741386,1021.6625
1741114741399,1021.67163
1741114741440,1021.6818
1741114741480,1021.6902
1741114741501,1021.71313
1741114741539,1021.7196
1741114741579,1021.7067
1741114741598,1021.6911
1741114741640,1021.67975
1741114741693,1021.6769
1741114741698,1021.68243
1741114741741,1021.69305
1741114741784,1021.6962
1741114741812,1021.6997
1741114741844,1021.6823
1741114741882,1021.66516
1741114741898,1021.66003
1741114741945,1021.6666
1741114741978,1021.6707
1741114741999,1021.6646
1741114742039,1021.645
1741114742078,1021.6532
1741114742100,1021.6664
1741114742138,1021.6601
1741114742179,1021.6488
1741114742200,1021.63354
1741114742240,1021.647
1741114742286,1021.6809
1741114742298,1021.70825
1741114742338,1021.71704
1741114742378,1021.7152
1741114742399,1021.7031
1741114742438,1021.6886
1741114742480,1021.6838
1741114742507,1021.6784
1741114742539,1021.68286
1741114742579,1021.672
1741114742598,1021.6557
1741114742638,1021.6505
1741114742679,1021.65454
1741114742699,1021.6609
1741114742743,1021.6553
1741114742782,1021.6396
1741114742811,1021.6456
1741114742837,1021.6371
1741114742878,1021.6268
1741114742898,1021.6204
1741114742939,1021.6221
1741114742979,1021.63464
1741114743012,1021.66205
1741114743037,1021.67725
1741114743082,1021.67596
1741114743112,1021.66943
1741114743137,1021.67285
1741114743187,1021.6724
1741114743198,1021.6564
1741114743245,1021.64703
1741114743278,1021.64655
1741114743298,1021.6359
1741114743340,1021.6357
1741114743379,1021.63794
1741114743398,1021.63525
1741114743438,1021.6207
1741114743477,1021.6364
1741114743498,1021.6214
1741114743537,1021.5929
1741114743585,1021.5786
1741114743600,1021.6047
1741114743640,1021.6586
1741114743678,1021.6776
1741114743697,1021.6704
1741114743741,1021.6517
1741114743779,1021.64154
1741114743798,1021.63934
1741114743840,1021.63916
1741114743884,1021.6386
1741114743898,1021.6425
1741114743937,1021.6366
1741114743977,1021.63416
1741114743998,1021.6067
1741114744038,1021.58057
1741114744078,1021.5801
1741114744097,1021.6159
1741114744137,1021.64056
1741114744185,1021.64966
1741114744197,1021.6594
1741114744238,1021.6636
1741114744283,1021.69775
1741114744297,1021.6991
1741114744343,1021.71606
1741114744378,1021.71826
1741114744399,1021.70074
1741114744437,1021.6884
1741114744479,1021.67017
1741114744498,1021.65234
1741114744537,1021.6456
1741114744579,1021.64856
1741114744605,1021.63477
1741114744637,1021.61566
1741114744684,1021.6053
1741114744698,1021.5877
1741114744744,1021.59155
1741114744778,1021.6018
1741114744806,1021.6203
1741114744838,1021.62683
1741114744878,1021.6363
1741114744916,1021.6491
1741114744937,1021.67084
1741114744982,1021.6859
1741114744996,1021.6813
1741114745037,1021.666
1741114745077,1021.6404
1741114745101,1021.62225
1741114745138,1021.6024
1741114745177,1021.6094
1741114745202,1021.61194
1741114745237,1021.62085
1741114745279,1021.6437
1741114745297,1021.68665
1741114745337,1021.6921
1741114745378,1021.67303
1741114745411,1021.6748
1741114745437,1021.68427
1741114745478,1021.6828
1741114745504,1021.692
1741114745537,1021.6719
1741114745577,1021.62085
1741114745596,1021.58295
1741114745638,1021.5959
1741114745680,1021.5907
1741114745698,1021.5609
1741114745747,1021.5325
1741114745777,1021.5397
1741114745802,1021.5521
1741114745836,1021.5654
1741114745877,1021.5888
1741114745897,1021.6167
1741114745937,1021.6274
1741114745977,1021.6334
1741114745998,1021.64526
1741114746036,1021.64246
1741114746106,1021.6203
1741114746106,1021.60297
1741114746136,1021.57825
1741114746176,1021.57056
1741114746195,1021.5713
1741114746236,1021.5696
1741114746282,1021.56946
1741114746297,1021.57556
1741114746339,1021.5837
1741114746376,1021.60834
1741114746397,1021.6276
1741114746435,1021.64844
1741114746477,1021.63855
1741114746496,1021.6412
1741114746536,1021.6385
1741114746575,1021.63434
1741114746598,1021.6421
1741114746643,1021.63654
1741114746677,1021.6144
1741114746697,1021.6223
1741114746735,1021.6115
1741114746780,1021.59973
1741114746796,1021.5802
1741114746836,1021.5858
1741114746876,1021.5969
1741114746896,1021.5975
1741114746936,1021.5906
1741114746979,1021.58093
1741114746995,1021.5817
1741114747042,1021.5745
1741114747076,1021.558
1741114747097,1021.5409
1741114747143,1021.5287
1741114747177,1021.5177
1741114747197,1021.52264
1741114747236,1021.53345
1741114747275,1021.53625
1741114747298,1021.543
1741114747348,1021.5629
1741114747376,1021.5763
1741114747395,1021.5881
1741114747438,1021.59235
1741114747475,1021.5891
1741114747496,1021.5952
1741114747535,1021.5946
1741114747575,1021.6043
1741114747596,1021.6201
1741114747635,1021.6116
1741114747680,1021.5843
1741114747694,1021.5614
1741114747737,1021.5466
1741114747775,1021.5409
1741114747796,1021.53546
1741114747842,1021.5305
1741114747876,1021.52673
1741114747897,1021.5343
1741114747941,1021.5809
1741114747975,1021.63153
1741114747997,1021.6267
1741114748042,1021.6006
1741114748076,1021.58124
1741114748097,1021.5845
1741114748134,1021.5907
1741114748175,1021.5928
1741114748198,1021.59644
1741114748235,1021.58124
1741114748277,1021.5681
1741114748295,1021.5385
1741114748336,1021.5359
1741114748376,1021.54126
1741114748400,1021.52045
1741114748444,1021.4993
1741114748478,1021.4786
1741114748494,1021.4796
1741114748538,1021.4883
1741114748576,1021.49194
1741114748595,1021.49414
1741114748636,1021.5074
1741114748674,1021.5318
1741114748698,1021.55023
1741114748744,1021.5588
1741114748777,1021.5586
1741114748803,1021.5545
1741114748835,1021.5585
1741114748875,1021.56274
1741114748895,1021.5737
1741114748939,1021.5826
1741114748977,1021.5796
1741114748996,1021.554
1741114749036,1021.53235
1741114749078,1021.5114
1741114749095,1021.49524
1741114749136,1021.48975
1741114749193,1021.4995
1741114749194,1021.5105
1741114749235,1021.5182
1741114749275,1021.5399
1741114749296,1021.5659
1741114749335,1021.5845
1741114749377,1021.5924
1741114749395,1021.579
1741114749436,1021.56226
1741114749475,1021.5503
1741114749495,1021.5499
1741114749536,1021.55676
1741114749575,1021.56366
1741114749595,1021.5568
1741114749635,1021.5512
1741114749674,1021.5364
1741114749696,1021.5165
1741114749735,1021.5095
1741114749777,1021.4976
1741114749793,1021.47003
1741114749835,1021.4501
1741114749873,1021.44727
1741114749895,1021.45026
1741114749934,1021.4556
1741114749975,1021.46027
1741114749997,1021.4553
1741114750036,1021.4507
1741114750074,1021.4647
1741114750095,1021.49396
1741114750136,1021.51575
1741114750177,1021.5281
1741114750194,1021.5244
1741114750244,1021.51416
1741114750274,1021.51184
1741114750295,1021.4927
1741114750335,1021.47363
1741114750382,1021.4757
1741114750394,1021.4669
1741114750434,1021.44855
1741114750478,1021.4323
1741114750493,1021.45667
1741114750535,1021.48706
1741114750573,1021.5178
1741114750594,1021.511
1741114750637,1021.4943
1741114750675,1021.5041
1741114750695,1021.51416
1741114750733,1021.5049
1741114750774,1021.4959
1741114750795,1021.50037
1741114750833,1021.4994
1741114750875,1021.48816
1741114750896,1021.484
1741114750933,1021.4731
1741114750984,1021.47156
1741114750994,1021.4646
1741114751034,1021.4518
1741114751076,1021.4369
1741114751093,1021.41003
1741114751135,1021.393
1741114751174,1021.3914
1741114751194,1021.38324
1741114751234,1021.39575
1741114751275,1021.40375
1741114751294,1021.4105
1741114751341,1021.4199
1741114751373,1021.4331
1741114751396,1021.4483
1741114751434,1021.44836
1741114751473,1021.46277
1741114751494,1021.4569
1741114751552,1021.4573
1741114751573,1021.459
1741114751593,1021.4484
1741114751632,1021.4529
1741114751674,1021.4449
1741114751693,1021.43976
1741114751734,1021.44116
1741114751772,1021.44226
1741114751794,1021.4323
1741114751832,1021.42365
1741114751873,1021.41077
1741114751893,1021.4158
1741114751933,1021.42224
1741114751973,1021.41626
1741114751994,1021.40735
1741114752034,1021.4096
1741114752073,1021.41077
1741114752093,1021.4059
1741114752132,1021.4082
1741114752173,1021.41223
1741114752194,1021.40717
1741114752234,1021.40686
1741114752274,1021.4072
1741114752294,1021.39453
1741114752334,1021.38934
1741114752373,1021.3879
1741114752392,1021.3908
1741114752435,1021.3855
1741114752501,1021.3863
1741114752501,1021.38916
1741114752534,1021.38385
1741114752575,1021.3844
1741114752606,1021.37854
1741114752633,1021.38684
1741114752677,1021.38074
1741114752692,1021.3733
1741114752733,1021.3704
1741114752774,1021.375
1741114752793,1021.3695
1741114752834,1021.37024
1741114752874,1021.373
1741114752892,1021.38104
1741114752932,1021.38617
1741114752972,1021.39343
1741114752992,1021.3924
1741114753032,1021.3894
1741114753073,1021.38586
1741114753095,1021.3757
1741114753132,1021.37714
1741114753173,1021.37524
1741114753191,1021.3684
1741114753231,1021.3628
1741114753272,1021.3732
1741114753292,1021.38
1741114753333,1021.37744
1741114753371,1021.371
1741114753392,1021.37476
1741114753433,1021.3734
1741114753471,1021.36865
1741114753503,1021.3694
1741114753531,1021.37103
1741114753571,1021.36926
1741114753592,1021.3729
1741114753633,1021.38
1741114753672,1021.3707
1741114753693,1021.3678
1741114753735,1021.371
1741114753776,1021.365
1741114753792,1021.3601
1741114753838,1021.36285
1741114753871,1021.36475
1741114753893,1021.3612
1741114753935,1021.35706
1741114753971,1021.3586
1741114753993,1021.3574
1741114754034,1021.35706
1741114754076,1021.36206
1741114754092,1021.3636
1741114754133,1021.37067
1741114754171,1021.3678
1741114754193,1021.3705
1741114754234,1021.35657
1741114754271,1021.3569
1741114754292,1021.3536
1741114754335,1021.35535
1741114754373,1021.3495
1741114754392,1021.34534
1741114754435,1021.3409
1741114754474,1021.35126
1741114754492,1021.35583
1741114754537,1021.35315
1741114754571,1021.3524
1741114754594,1021.355
1741114754636,1021.3572
1741114754674,1021.36273
1741114754694,1021.3645
1741114754734,1021.3656
1741114754771,1021.36523
1741114754792,1021.37006
1741114754836,1021.3707
1741114754871,1021.36
1741114754893,1021.3637
1741114754936,1021.3667
1741114754974,1021.3605
1741114754994,1021.36163
1741114755036,1021.37134
1741114755072,1021.3668
1741114755092,1021.3602
1741114755135,1021.3597
1741114755171,1021.3568
1741114755192,1021.3494
1741114755234,1021.3538
1741114755273,1021.348
1741114755292,1021.3448
1741114755335,1021.34515
1741114755371,1021.3495
1741114755391,1021.3515
1741114755431,1021.3504
1741114755472,1021.3606
1741114755494,1021.36035
1741114755531,1021.35974
1741114755574,1021.35754
1741114755590,1021.3654
1741114755633,1021.3641
1741114755672,1021.35895
1741114755692,1021.36694
1741114755736,1021.3695
1741114755771,1021.36426
1741114755792,1021.3628
1741114755834,1021.3696
1741114755877,1021.37085
1741114755897,1021.35815
1741114755933,1021.35675
1741114755976,1021.35364
1741114756011,1021.3452
1741114756030,1021.3608
1741114756069,1021.3574
1741114756109,1021.35913
1741114756132,1021.357
1741114756170,1021.35754
1741114756209,1021.35547
1741114756230,1021.3545
1741114756270,1021.3562
1741114756309,1021.35913
1741114756330,1021.35767
1741114756369,1021.35034
1741114756409,1021.34985
1741114756429,1021.3595
1741114756469,1021.3677
1741114756510,1021.35895
1741114756530,1021.36346
1741114756569,1021.36426
1741114756611,1021.3655
1741114756629,1021.36255
1741114756669,1021.3649
1741114756709,1021.3747
1741114756729,1021.3713
1741114756769,1021.3677
1741114756809,1021.3679
1741114756829,1021.3624
1741114756884,1021.3608
1741114756912,1021.3698
1741114756961,1021.37177
1741114756995,1021.3743
1741114757012,1021.3613
1741114757030,1021.3632
1741114757069,1021.3701
1741114757109,1021.36426
1741114757129,1021.3604
1741114757169,1021.36816
1741114757210,1021.3692
1741114757233,1021.3615
1741114757268,1021.3611
1741114757309,1021.37726
1741114757329,1021.3803
1741114757369,1021.3666
1741114757410,1021.36914
1741114757429,1021.36804
1741114757468,1021.3678
1741114757509,1021.369
1741114757528,1021.36444
1741114757569,1021.36426
1741114757610,1021.36304
1741114757629,1021.3588
1741114757670,1021.36395
1741114757709,1021.36163
1741114757729,1021.34924
1741114757769,1021.34674
1741114757810,1021.3471
1741114757830,1021.3436
1741114757869,1021.3443
1741114757908,1021.3482
1741114757928,1021.3457
1741114757968,1021.34045
