1741114862171,1022.63306
1741114862192,1022.65656
1741114862231,1022.67554
1741114862271,1022.68066
1741114862291,1022.67944
1741114862331,1022.68616
1741114862372,1022.6926
1741114862391,1022.702
1741114862431,1022.70355
1741114862471,1022.70355
1741114862491,1022.70154
1741114862531,1022.7041
1741114862571,1022.7119
1741114862592,1022.71027
1741114862634,1022.70667
1741114862679,1022.70605
1741114862695,1022.70715
1741114862733,1022.71216
1741114862773,1022.7121
1741114862793,1022.7057
1741114862831,1022.7051
1741114862874,1022.70776
1741114862894,1022.713
1741114862932,1022.71936
1741114862973,1022.73047
1741114862992,1022.734
1741114863040,1022.73193
1741114863074,1022.7298
1741114863092,1022.73364
1741114863133,1022.73004
1741114863176,1022.7284
1741114863193,1022.73474
1741114863232,1022.73364
1741114863293,1022.7329
1741114863293,1022.7284
1741114863331,1022.73157
1741114863386,1022.7249
1741114863396,1022.72754
1741114863433,1022.7348
1741114863474,1022.72516
1741114863494,1022.73047
1741114863533,1022.723
1741114863572,1022.71576
1741114863592,1022.71185
1741114863633,1022.7086
1741114863672,1022.7007
1741114863697,1022.7107
1741114863732,1022.7173
1741114863771,1022.711
1741114863795,1022.7165
1741114863835,1022.7154
1741114863871,1022.70654
1741114863891,1022.69275
1741114863931,1022.6916
1741114863973,1022.6954
1741114863991,1022.6867
1741114864030,1022.68274
1741114864070,1022.6824
1741114864091,1022.6953
1741114864131,1022.69415
1741114864171,1022.6874
1741114864191,1022.67737
1741114864231,1022.6783
1741114864271,1022.68365
1741114864298,1022.6787
1741114864330,1022.6653
1741114864370,1022.6633
1741114864390,1022.65765
1741114864430,1022.65564
1741114864470,1022.65924
1741114864490,1022.6533
1741114864530,1022.6493
1741114864570,1022.64764
1741114864590,1022.6412
1741114864634,1022.6448
1741114864679,1022.6386
1741114864694,1022.62946
1741114864733,1022.6234
1741114864770,1022.624
1741114864793,1022.6238
1741114864830,1022.6225
1741114864872,1022.61487
1741114864892,1022.61383
1741114864950,1022.6121
1741114864973,1022.6067
1741114864992,1022.6066
1741114865032,1022.60034
1741114865073,1022.59845
1741114865089,1022.6047
1741114865130,1022.60785
1741114865170,1022.5956
1741114865192,1022.6008
1741114865240,1022.609
1741114865270,1022.61725
1741114865290,1022.6177
1741114865330,1022.60583
1741114865391,1022.59863
1741114865391,1022.6039
1741114865430,1022.6051
1741114865555,1022.6062
1741114865585,1022.5902
1741114865611,1022.5781
1741114865652,1022.5757
1741114865681,1022.5951
1741114865713,1022.62463
1741114865754,1022.623
1741114865772,1022.6112
1741114865811,1022.5996
1741114865864,1022.60693
1741114865874,1022.6122
1741114865911,1022.6184
1741114865954,1022.6237
1741114865972,1022.6119
1741114866020,1022.6033
1741114866049,1022.57166
1741114866070,1022.55347
1741114866123,1022.5669
1741114866152,1022.60205
1741114866176,1022.6426
1741114866211,1022.6548
1741114866253,1022.6535
1741114866272,1022.65137
1741114866314,1022.66064
1741114866351,1022.67584
1741114866370,1022.6769
1741114866432,1022.6553
1741114866451,1022.6449
1741114866471,1022.63574
1741114866521,1022.62384
1741114866551,1022.6127
1741114866572,1022.59875
1741114866614,1022.5784
1741114866656,1022.57336
1741114866672,1022.56494
1741114866711,1022.56635
1741114866756,1022.5671
1741114866781,1022.583
1741114866810,1022.5873
1741114866853,1022.59143
1741114866871,1022.59216
1741114866911,1022.5966
1741114866949,1022.615
1741114866974,1022.6129
1741114867009,1022.6011
1741114867053,1022.5752
1741114867070,1022.5559
1741114867135,1022.5478
1741114867150,1022.55835
1741114867172,1022.58276
1741114867219,1022.6064
1741114867251,1022.6294
1741114867269,1022.6334
1741114867308,1022.6186
1741114867352,1022.6036
1741114867368,1022.61
1741114867421,1022.60876
1741114867451,1022.60425
1741114867472,1022.60046
1741114867524,1022.58435
1741114867549,1022.5642
1741114867573,1022.55963
1741114867613,1022.5482
1741114867651,1022.52905
1741114867675,1022.53125
1741114867711,1022.5331
1741114867750,1022.53784
1741114867774,1022.54224
1741114867810,1022.5494
1741114867851,1022.54956
1741114867874,1022.5395
1741114867908,1022.54333
1741114867972,1022.5497
1741114867973,1022.55133
1741114868010,1022.5526
1741114868052,1022.5553
1741114868072,1022.5589
1741114868115,1022.55304
1741114868151,1022.5515
1741114868170,1022.5575
1741114868214,1022.56976
1741114868249,1022.57495
1741114868269,1022.57715
1741114868311,1022.57306
1741114868350,1022.56714
1741114868369,1022.55994
1741114868411,1022.55804
1741114868454,1022.55396
1741114868475,1022.5624
1741114868511,1022.5818
1741114868551,1022.6057
1741114868577,1022.60315
1741114868609,1022.595
1741114868653,1022.59375
1741114868673,1022.5866
1741114868713,1022.57764
1741114868748,1022.5642
1741114868775,1022.55853
1741114868811,1022.55084
1741114868850,1022.55115
1741114868871,1022.55963
1741114868910,1022.56354
1741114868952,1022.5526
1741114868968,1022.5326
1741114869013,1022.532
1741114869051,1022.5296
1741114869068,1022.52014
1741114869109,1022.5116
1741114869150,1022.5254
1741114869192,1022.5213
1741114869208,1022.5309
1741114869248,1022.53723
1741114869274,1022.5426
1741114869311,1022.53784
1741114869350,1022.53357
1741114869373,1022.5285
1741114869408,1022.5303
1741114869454,1022.5414
1741114869479,1022.5499
1741114869511,1022.54315
1741114869572,1022.53766
1741114869572,1022.52563
1741114869610,1022.51965
1741114869654,1022.51917
1741114869676,1022.5226
1741114869708,1022.51416
1741114869748,1022.508
1741114869768,1022.5048
1741114869808,1022.50543
1741114869848,1022.51697
1741114869868,1022.513
1741114869911,1022.513
1741114869953,1022.53357
1741114869968,1022.5314
1741114870011,1022.5176
1741114870060,1022.516
1741114870073,1022.52246
1741114870107,1022.536
1741114870147,1022.5395
1741114870168,1022.55237
1741114870212,1022.55896
1741114870249,1022.55457
1741114870273,1022.54346
1741114870313,1022.53577
1741114870351,1022.5203
1741114870369,1022.50995
1741114870409,1022.5097
1741114870458,1022.50476
1741114870474,1022.50037
1741114870512,1022.4856
1741114870547,1022.48615
1741114870569,1022.49536
1741114870613,1022.5111
1741114870649,1022.53625
1741114870668,1022.5455
1741114870709,1022.5315
1741114870757,1022.52893
1741114870774,1022.5327
1741114870809,1022.5361
1741114870853,1022.52734
1741114870871,1022.53815
1741114870907,1022.5322
1741114870953,1022.52625
1741114870973,1022.5202
1741114871008,1022.5122
1741114871050,1022.5044
1741114871079,1022.5099
1741114871108,1022.5033
1741114871151,1022.5062
1741114871172,1022.5111
1741114871209,1022.5051
1741114871253,1022.50635
1741114871269,1022.48425
1741114871313,1022.48193
1741114871349,1022.48987
1741114871368,1022.4939
1741114871410,1022.50134
1741114871447,1022.5098
1741114871470,1022.537
1741114871515,1022.5406
1741114871548,1022.52094
1741114871573,1022.51465
1741114871616,1022.5293
1741114871646,1022.54956
1741114871668,1022.57556
1741114871707,1022.572
1741114871748,1022.5473
1741114871773,1022.50854
1741114871808,1022.469
1741114871847,1022.44965
1741114871869,1022.44763
1741114871911,1022.44727
1741114871951,1022.45166
1741114871969,1022.4817
1741114872008,1022.5377
1741114872050,1022.5764
1741114872072,1022.5686
1741114872109,1022.5586
1741114872151,1022.5493
1741114872171,1022.5531
1741114872207,1022.5496
1741114872250,1022.5307
1741114872270,1022.5159
1741114872311,1022.49475
1741114872354,1022.46387
1741114872386,1022.44336
1741114872406,1022.428
1741114872450,1022.42786
1741114872467,1022.4334
1741114872514,1022.45105
1741114872547,1022.4673
1741114872568,1022.48834
1741114872608,1022.50507
1741114872649,1022.4944
1741114872669,1022.4817
1741114872707,1022.4769
1741114872758,1022.48047
1741114872777,1022.46704
1741114872806,1022.4501
1741114872847,1022.4208
1741114872870,1022.39954
1741114872912,1022.4123
1741114872948,1022.4562
1741114872973,1022.51953
1741114873008,1022.5667
1741114873048,1022.5602
1741114873067,1022.5303
1741114873109,1022.51135
1741114873150,1022.5099
1741114873173,1022.4745
1741114873207,1022.4429
1741114873247,1022.4145
1741114873267,1022.3884
1741114873311,1022.3694
1741114873346,1022.3865
1741114873368,1022.42285
1741114873405,1022.43787
1741114873450,1022.42993
1741114873468,1022.42395
1741114873507,1022.4352
1741114873546,1022.45154
1741114873567,1022.46765
1741114873605,1022.4569
1741114873653,1022.44037
1741114873665,1022.42975
1741114873708,1022.43555
1741114873749,1022.4434
1741114873766,1022.426
1741114873811,1022.4015
1741114873851,1022.3632
1741114873866,1022.3852
1741114873905,1022.4196
1741114873947,1022.44684
1741114873966,1022.4366
1741114874011,1022.44867
1741114874051,1022.4652
1741114874064,1022.45337
1741114874107,1022.42804
1741114874146,1022.4169
1741114874167,1022.4144
1741114874211,1022.42346
1741114874247,1022.4429
1741114874273,1022.4637
1741114874314,1022.4683
1741114874346,1022.4552
1741114874367,1022.4365
1741114874406,1022.41223
1741114874448,1022.39624
1741114874468,1022.3831
1741114874507,1022.374
1741114874545,1022.35693
1741114874567,1022.343
1741114874606,1022.3427
1741114874649,1022.341
1741114874665,1022.3388
1741114874705,1022.35034
1741114874774,1022.35724
1741114874774,1022.3674
1741114874804,1022.3682
1741114874844,1022.3785
1741114874864,1022.396
1741114874904,1022.39325
1741114874947,1022.396
1741114874965,1022.3937
1741114875012,1022.40186
1741114875046,1022.4092
1741114875071,1022.40894
1741114875120,1022.4091
1741114875144,1022.3881
1741114875166,1022.3782
1741114875216,1022.3629
1741114875244,1022.3661
1741114875264,1022.3901
1741114875305,1022.40784
1741114875344,1022.42847
1741114875387,1022.42175
1741114875404,1022.39087
1741114875444,1022.3882
1741114875468,1022.3954
1741114875506,1022.39813
1741114875545,1022.41797
1741114875575,1022.4118
1741114875611,1022.3993
1741114875644,1022.39764
1741114875672,1022.3945
1741114875711,1022.4004
1741114875744,1022.3968
1741114875772,1022.3788
1741114875811,1022.3688
1741114875844,1022.36536
1741114875870,1022.3561
1741114875910,1022.36865
1741114875943,1022.39606
1741114875977,1022.4108
1741114876010,1022.40784
1741114876043,1022.3883
1741114876072,1022.3884
1741114876103,1022.3877
1741114876144,1022.38837
1741114876172,1022.38727
1741114876208,1022.3907
1741114876244,1022.3982
1741114876274,1022.38727
1741114876311,1022.38904
1741114876343,1022.4029
1741114876372,1022.3817
1741114876409,1022.3494
1741114876444,1022.3382
1741114876472,1022.37274
1741114876505,1022.3956
1741114876543,1022.40857
1741114876574,1022.40656
1741114876605,1022.40234
1741114876645,1022.3943
1741114876668,1022.4049
1741114876712,1022.4224
1741114876744,1022.42834
1741114876772,1022.4302
1741114876811,1022.43445
1741114876843,1022.4318
1741114876870,1022.426
1741114876912,1022.4123
1741114876943,1022.39746
1741114876971,1022.3874
1741114877006,1022.3699
1741114877044,1022.3458
1741114877071,1022.3351
1741114877112,1022.3319
1741114877143,1022.32623
1741114877171,1022.32
1741114877226,1022.3332
1741114877245,1022.3336
1741114877264,1022.34406
1741114877306,1022.3518
1741114877346,1022.3698
1741114877372,1022.37103
1741114877408,1022.368
1741114877446,1022.36725
1741114877467,1022.35474
1741114877505,1022.32526
1741114877557,1022.30396
1741114877574,1022.3186
1741114877605,1022.348
1741114877647,1022.3672
1741114877664,1022.38
1741114877706,1022.4106
1741114877751,1022.4116
1741114877763,1022.3959
1741114877811,1022.3867
1741114877844,1022.3967
1741114877864,1022.4071
1741114877907,1022.3965
1741114877948,1022.38336
1741114877965,1022.37213
1741114878005,1022.34106
1741114878044,1022.3218
1741114878068,1022.3135
1741114878104,1022.3153
1741114878145,1022.30756
1741114878169,1022.29584
1741114878203,1022.31665
1741114878246,1022.3202
1741114878265,1022.3323
1741114878305,1022.3516
1741114878351,1022.3407
1741114878364,1022.32635
1741114878405,1022.3462
1741114878447,1022.36676
1741114878463,1022.3641
1741114878507,1022.3575
1741114878546,1022.3346
1741114878572,1022.298
1741114878627,1022.28864
1741114878644,1022.2947
1741114878664,1022.3058
1741114878708,1022.3196
1741114878743,1022.3475
1741114878766,1022.3689
1741114878807,1022.3707
1741114878846,1022.3552
1741114878864,1022.33795
1741114878904,1022.34717
1741114878947,1022.3534
1741114878970,1022.3634
1741114879006,1022.358
1741114879047,1022.3467
1741114879062,1022.3356
1741114879104,1022.3145
1741114879143,1022.29095
1741114879166,1022.28186
1741114879205,1022.2823
1741114879244,1022.27386
1741114879265,1022.2618
1741114879304,1022.2704
1741114879342,1022.28674
1741114879368,1022.304
1741114879403,1022.316
1741114879446,1022.31683
1741114879465,1022.29944
1741114879511,1022.2913
1741114879546,1022.2981
1741114879566,1022.3031
1741114879605,1022.3156
1741114879642,1022.3185
1741114879663,1022.3062
1741114879704,1022.29004
1741114879743,1022.27673
1741114879763,1022.2855
1741114879807,1022.2748
1741114879859,1022.2605
1741114879865,1022.2639
1741114879901,1022.2853
1741114879942,1022.30884
1741114879967,1022.3242
1741114880004,1022.3243
1741114880047,1022.3158
1741114880062,1022.32666
1741114880104,1022.3303
1741114880144,1022.33875
1741114880165,1022.3323
1741114880212,1022.324
1741114880243,1022.31323
1741114880264,1022.30194
1741114880311,1022.2933
1741114880345,1022.2759
1741114880363,1022.2661
1741114880402,1022.23987
1741114880443,1022.225
1741114880473,1022.2235
1741114880503,1022.2258
1741114880542,1022.23364
1741114880562,1022.25226
1741114880605,1022.26184
1741114880643,1022.2571
1741114880666,1022.2593
1741114880704,1022.27747
1741114880749,1022.28094
1741114880762,1022.30206
1741114880802,1022.30835
1741114880856,1022.3221
1741114880865,1022.3219
1741114880932,1022.30225
1741114880942,1022.3031
1741114880963,1022.3117
1741114881004,1022.3029
1741114881042,1022.2849
1741114881063,1022.2754
1741114881102,1022.2782
1741114881148,1022.2788
1741114881172,1022.2679
1741114881202,1022.26886
1741114881246,1022.2896
1741114881272,1022.2927
1741114881311,1022.2926
1741114881341,1022.2875
1741114881364,1022.28754
1741114881404,1022.3053
1741114881448,1022.3098
1741114881463,1022.2981
1741114881505,1022.2852
1741114881551,1022.2842
1741114881562,1022.2727
1741114881608,1022.2919
1741114881643,1022.3208
1741114881672,1022.3094
1741114881704,1022.3015
1741114881752,1022.2887
1741114881762,1022.2666
1741114881803,1022.2495
1741114881853,1022.2646
1741114881861,1022.3176
1741114881904,1022.3146
1741114881942,1022.30096
1741114881964,1022.289
1741114882002,1022.28467
1741114882044,1022.2927
1741114882066,1022.3043
1741114882105,1022.3067
1741114882143,1022.3074
1741114882162,1022.3014
1741114882202,1022.30695
1741114882247,1022.3095
1741114882261,1022.2874
1741114882307,1022.2574
1741114882341,1022.23456
1741114882362,1022.23773
1741114882405,1022.2557
1741114882441,1022.2798
1741114882462,1022.3003
1741114882501,1022.3082
1741114882541,1022.29816
1741114882563,1022.30396
1741114882602,1022.31305
1741114882661,1022.3156
1741114882662,1022.2991
1741114882702,1022.2791
1741114882744,1022.26965
1741114882761,1022.2831
1741114882802,1022.3068
1741114882844,1022.31366
1741114882867,1022.3015
1741114882901,1022.2743
1741114882941,1022.274
1741114882962,1022.2681
1741114883011,1022.2809
1741114883044,1022.3134
1741114883064,1022.3374
1741114883105,1022.32916
1741114883142,1022.3101
1741114883163,1022.2914
1741114883203,1022.2919
1741114883250,1022.2894
1741114883261,1022.28784
1741114883305,1022.29193
1741114883342,1022.2803
1741114883361,1022.2781
1741114883402,1022.2962
1741114883446,1022.2946
1741114883463,1022.2773
1741114883502,1022.2728
1741114883542,1022.28455
1741114883563,1022.279
1741114883611,1022.27466
1741114883641,1022.27954
1741114883662,1022.29333
1741114883704,1022.3041
1741114883747,1022.3146
1741114883792,1022.3214
1741114883802,1022.3228
1741114883843,1022.3136
1741114883862,1022.29987
1741114883903,1022.3048
1741114883945,1022.30914
1741114883960,1022.3138
1741114884005,1022.3257
1741114884043,1022.2983
1741114884062,1022.27423
1741114884101,1022.2689
1741114884141,1022.2673
1741114884162,1022.2843
1741114884221,1022.30316
1741114884241,1022.3197
1741114884261,1022.3092
1741114884302,1022.3058
1741114884400,1022.3123
1741114884400,1022.3174
1741114884409,1022.3246
1741114884443,1022.3305
1741114884459,1022.2915
1741114884498,1022.254
1741114884540,1022.24744
1741114884559,1022.29443
1741114884601,1022.3107
1741114884645,1022.31244
1741114884662,1022.31946
1741114884699,1022.3162
1741114884742,1022.3213
1741114884769,1022.359
1741114884805,1022.39087
1741114884841,1022.3877
1741114884864,1022.34393
1741114884907,1022.3126
1741114884940,1022.29144
1741114884965,1022.29614
1741114885010,1022.27826
1741114885040,1022.25946
1741114885059,1022.23694
1741114885105,1022.22095
1741114885140,1022.2247
1741114885162,1022.24884
1741114885203,1022.2693
1741114885252,1022.2812
1741114885260,1022.2844
1741114885305,1022.28406
1741114885351,1022.2809
1741114885359,1022.29285
1741114885402,1022.29236
1741114885441,1022.28894
1741114885463,1022.2793
1741114885504,1022.26685
1741114885551,1022.2508
1741114885560,1022.2605
1741114885600,1022.25366
1741114885645,1022.24146
1741114885662,1022.26025
1741114885701,1022.29694
1741114885741,1022.32916
1741114885762,1022.3275
1741114885801,1022.3081
1741114885838,1022.29663
1741114885861,1022.30994
1741114885905,1022.3325
1741114885945,1022.34937
1741114885960,1022.33997
1741114886012,1022.30505
1741114886041,1022.2669
1741114886065,1022.2352
1741114886101,1022.2326
1741114886140,1022.22125
1741114886160,1022.21185
1741114886204,1022.2019
1741114886239,1022.1994
1741114886259,1022.2052
1741114886303,1022.2206
1741114886340,1022.2373
1741114886359,1022.2445
1741114886401,1022.2435
1741114886439,1022.2534
1741114886462,1022.27026
1741114886498,1022.2785
1741114886543,1022.277
1741114886563,1022.26575
1741114886599,1022.2439
1741114886652,1022.22095
1741114886658,1022.20825
1741114886700,1022.2121
1741114886739,1022.2118
1741114886761,1022.2169
1741114886799,1022.2413
1741114886845,1022.2703
1741114886860,1022.2917
1741114886911,1022.2876
1741114886942,1022.2793
1741114886959,1022.26636
1741114887002,1022.2586
1741114887051,1022.2567
1741114887060,1022.2551
1741114887103,1022.2626
1741114887139,1022.245
1741114887163,1022.22784
1741114887200,1022.2105
1741114887251,1022.194
1741114887261,1022.19165
1741114887299,1022.1807
1741114887341,1022.1677
1741114887361,1022.1621
1741114887402,1022.1583
1741114887443,1022.1709
1741114887482,1022.17725
1741114887500,1022.194
1741114887543,1022.2024
1741114887581,1022.2036
1741114887608,1022.2102
1741114887651,1022.2282
1741114887659,1022.2278
1741114887699,1022.22546
1741114887740,1022.2217
1741114887781,1022.21014
1741114887801,1022.1886
1741114887841,1022.17334
1741114887878,1022.1817
1741114887903,1022.19617
1741114887938,1022.1847
1741114887981,1022.1753
1741114887998,1022.17834
1741114888038,1022.2086
1741114888079,1022.23486
1741114888097,1022.2562
1741114888142,1022.25
1741114888179,1022.24426
1741114888205,1022.231
1741114888239,1022.2125
1741114888281,1022.2161
1741114888300,1022.2303
1741114888346,1022.23706
1741114888380,1022.2297
1741114888399,1022.2218
1741114888438,1022.2224
1741114888478,1022.22345
1741114888500,1022.209
1741114888539,1022.20416
1741114888578,1022.1784
1741114888601,1022.14966
1741114888638,1022.1289
1741114888679,1022.11255
1741114888708,1022.1161
1741114888738,1022.1178
1741114888787,1022.12964
1741114888798,1022.1434
1741114888840,1022.14856
1741114888879,1022.1795
1741114888907,1022.1864
1741114888938,1022.187
1741114888979,1022.18567
1741114889003,1022.1928
1741114889041,1022.1913
1741114889086,1022.1931
1741114889096,1022.178
1741114889138,1022.1552
1741114889191,1022.1396
1741114889198,1022.1432
1741114889239,1022.1454
1741114889290,1022.1424
1741114889297,1022.15283
1741114889338,1022.17017
1741114889384,1022.1889
1741114889399,1022.2089
1741114889442,1022.19354
1741114889479,1022.1886
1741114889504,1022.17865
1741114889536,1022.1677
1741114889577,1022.15857
1741114889597,1022.1596
1741114889637,1022.1742
1741114889692,1022.1893
1741114889696,1022.1931
1741114889737,1022.192
1741114889779,1022.18005
1741114889797,1022.1743
1741114889840,1022.1591
1741114889881,1022.1221
1741114889902,1022.08795
1741114889937,1022.06836
1741114889982,1022.0616
1741114889997,1022.0735
1741114890038,1022.07446
1741114890082,1022.0845
1741114890102,1022.10144
1741114890137,1022.1304
1741114890179,1022.1485
1741114890202,1022.1541
1741114890245,1022.16003
1741114890282,1022.1572
1741114890300,1022.1528
1741114890339,1022.1555
1741114890377,1022.16376
1741114890398,1022.1582
1741114890440,1022.13513
1741114890483,1022.12317
1741114890505,1022.1052
1741114890538,1022.1111
1741114890577,1022.10767
1741114890598,1022.09875
1741114890637,1022.08887
1741114890684,1022.10187
1741114890707,1022.1164
1741114890737,1022.1459
1741114890785,1022.1567
1741114890796,1022.1532
1741114890847,1022.1575
1741114890878,1022.1431
1741114890900,1022.1304
1741114890940,1022.12744
1741114890987,1022.14056
1741114890996,1022.1466
1741114891037,1022.1422
1741114891083,1022.14325
1741114891097,1022.1411
1741114891138,1022.13416
1741114891191,1022.12286
1741114891197,1022.10565
1741114891239,1022.11487
1741114891278,1022.09644
1741114891301,1022.0703
1741114891344,1022.05334
1741114891384,1022.0465
1741114891401,1022.0365
1741114891439,1022.04095
1741114891491,1022.0444
1741114891497,1022.0552
1741114891538,1022.0567
1741114891577,1022.05237
1741114891598,1022.0582
1741114891637,1022.07513
1741114891678,1022.09924
1741114891697,1022.1118
1741114891750,1022.111
1741114891778,1022.1073
1741114891807,1022.09735
1741114891838,1022.0968
1741114891876,1022.1003
1741114891906,1022.0841
1741114891937,1022.0669
1741114891977,1022.0581
1741114891997,1022.0574
1741114892037,1022.0521
1741114892079,1022.0486
1741114892100,1022.0405
1741114892135,1022.0519
1741114892184,1022.0515
1741114892197,1022.04266
1741114892237,1022.03186
1741114892276,1022.026
1741114892297,1022.0412
1741114892337,1022.04755
1741114892378,1022.044
1741114892404,1022.0424
1741114892444,1022.0403
1741114892478,1022.04663
1741114892496,1022.0523
1741114892537,1022.0574
1741114892576,1022.04285
1741114892596,1022.0437
1741114892642,1022.03784
1741114892676,1022.0336
1741114892697,1022.03186
1741114892746,1022.0313
1741114892776,1022.03033
1741114892796,1022.0219
1741114892841,1022.01886
1741114892876,1022.01587
1741114892896,1022.0201
1741114892937,1022.0439
1741114892982,1022.0347
1741114892996,1022.005
1741114893036,1021.98016
1741114893078,1021.97833
1741114893100,1022.00726
1741114893136,1022.0421
1741114893178,1022.06116
1741114893195,1022.05664
1741114893237,1022.06384
1741114893277,1022.0606
1741114893296,1022.04974
1741114893341,1022.0502
1741114893376,1022.0482
1741114893396,1022.0366
1741114893437,1022.0284
1741114893475,1022.0265
1741114893495,1022.0378
1741114893535,1022.0406
1741114893577,1022.0276
1741114893609,1022.0135
1741114893637,1022.0199
1741114893679,1022.0262
1741114893695,1022.03613
1741114893735,1022.02576
1741114893775,1022.0111
1741114893796,1022.006
1741114893835,1022.0216
1741114893878,1022.0281
1741114893895,1022.02826
1741114893937,1022.0279
1741114893981,1022.0209
1741114894001,1022.0338
1741114894035,1022.0334
1741114894079,1022.0277
1741114894094,1022.02356
1741114894135,1022.018
1741114894186,1022.01514
1741114894196,1022.0276
1741114894241,1022.0293
1741114894277,1022.021
1741114894311,1022.02783
1741114894336,1022.0343
1741114894386,1022.02594
1741114894396,1022.0181
1741114894438,1022.018
1741114894480,1022.0447
1741114894495,1022.06085
1741114894551,1022.0592
1741114894577,1022.044
1741114894602,1022.04126
1741114894634,1022.0291
1741114894698,1022.04156
1741114894698,1022.0362
1741114894736,1022.03076
1741114894776,1022.0338
1741114894794,1022.0336
1741114894841,1022.03326
1741114894875,1022.0116
1741114894896,1021.97314
1741114894935,1021.9681
1741114894976,1021.97815
1741114894995,1022.01086
1741114895041,1022.01434
1741114895074,1022.0093
1741114895097,1022.0222
1741114895134,1022.0156
1741114895177,1022.0238
1741114895196,1022.03485
1741114895234,1022.0563
1741114895276,1022.06726
1741114895308,1022.0554
1741114895337,1022.05176
1741114895374,1022.042
1741114895395,1022.03125
1741114895444,1022.0161
1741114895479,1021.9983
1741114895496,1022.01135
1741114895535,1022.0099
1741114895574,1022.00055
1741114895594,1021.9782
1741114895637,1021.95435
1741114895677,1021.95123
1741114895695,1021.95166
1741114895742,1021.95905
1741114895776,1021.9717
1741114895794,1021.99255
1741114895837,1022.0086
1741114895875,1022.014
1741114895896,1022.0081
1741114895941,1022.00574
1741114895974,1022.0139
1741114895996,1022.0268
1741114896042,1022.03845
1741114896077,1022.04456
1741114896096,1022.03046
1741114896135,1022.005
1741114896173,1021.98065
1741114896195,1021.9818
1741114896238,1021.97656
1741114896276,1021.9627
1741114896297,1021.95514
1741114896335,1021.96875
1741114896374,1021.9895
1741114896393,1022.0271
1741114896437,1022.03754
1741114896473,1022.0255
1741114896494,1022.02264
1741114896536,1022.0206
1741114896573,1022.01996
1741114896604,1022.029
1741114896633,1022.02844
1741114896674,1022.0188
1741114896694,1021.9999
1741114896733,1021.98627
1741114896780,1021.97205
1741114896795,1021.9737
1741114896835,1021.9481
1741114896873,1021.9286
1741114896895,1021.9287
1741114896935,1021.9315
1741114896973,1021.9402
1741114896996,1021.951
1741114897034,1021.9688
1741114897089,1021.97485
1741114897096,1021.97327
1741114897137,1021.98346
1741114897173,1021.99426
1741114897194,1022.0096
1741114897251,1022.01
1741114897273,1022.0011
1741114897296,1021.9668
1741114897354,1021.94885
1741114897373,1021.95685
1741114897394,1021.95233
1741114897434,1021.9401
1741114897475,1021.9304
1741114897501,1021.9508
1741114897536,1021.9944
1741114897574,1022.04083
1741114897593,1022.04236
1741114897634,1022.02185
1741114897673,1022.0116
1741114897695,1022.0108
1741114897734,1022.0205
1741114897775,1022.0332
1741114897795,1022.0268
1741114897837,1022.0129
1741114897873,1021.99915
1741114897897,1021.9741
1741114897937,1021.9595
1741114897975,1021.939
1741114897994,1021.93054
1741114898033,1021.90015
1741114898073,1021.8874
1741114898102,1021.8878
1741114898135,1021.8833
1741114898177,1021.90344
1741114898193,1021.9343
1741114898243,1021.9595
1741114898273,1021.98236
1741114898295,1021.9842
1741114898334,1021.9817
1741114898374,1021.9898
1741114898396,1021.991
1741114898437,1021.9846
1741114898472,1021.9639
1741114898494,1021.9489
1741114898533,1021.93396
1741114898575,1021.9342
1741114898593,1021.9427
1741114898634,1021.9357
1741114898672,1021.9196
1741114898694,1021.9141
1741114898732,1021.9264
1741114898773,1021.93756
1741114898794,1021.9766
1741114898832,1022.0154
1741114898873,1022.0184
1741114898895,1022.00574
1741114898936,1021.99365
1741114898974,1021.97906
1741114898993,1021.98145
1741114899032,1021.9815
1741114899075,1021.9783
1741114899094,1021.96826
1741114899138,1021.96484
1741114899173,1021.9545
1741114899196,1021.9524
1741114899233,1021.9463
1741114899272,1021.92755
1741114899296,1021.9117
1741114899334,1021.87964
1741114899373,1021.87006
1741114899394,1021.87866
1741114899433,1021.88074
1741114899475,1021.8884
1741114899493,1021.896
1741114899532,1021.9088
1741114899584,1021.91925
1741114899593,1021.9396
1741114899634,1021.9315
1741114899672,1021.9284
1741114899705,1021.92847
1741114899735,1021.9448
1741114899775,1021.9479
1741114899797,1021.9314
1741114899836,1021.8893
1741114899872,1021.8674
1741114899893,1021.86475
1741114899934,1021.8689
1741114899972,1021.87994
1741114899992,1021.8978
1741114900035,1021.91644
1741114900073,1021.93787
1741114900091,1021.957
1741114900134,1021.9434
1741114900174,1021.92255
1741114900200,1021.91693
1741114900235,1021.9186
1741114900277,1021.935
1741114900296,1021.9429
1741114900331,1021.93506
1741114900385,1021.9251
1741114900394,1021.92255
1741114900432,1021.91016
1741114900474,1021.8782
1741114900493,1021.84326
1741114900533,1021.806
1741114900571,1021.79456
1741114900593,1021.79266
1741114900644,1021.80524
1741114900672,1021.8214
1741114900692,1021.83655
1741114900732,1021.85504
1741114900774,1021.8822
1741114900795,1021.88965
1741114900836,1021.8883
1741114900874,1021.88367
1741114900895,1021.8741
1741114900935,1021.8814
1741114900988,1021.8888
1741114900993,1021.9104
1741114901033,1021.92065
1741114901072,1021.9374
1741114901092,1021.9119
1741114901134,1021.87946
1741114901177,1021.85645
1741114901199,1021.8502
1741114901234,1021.85504
1741114901278,1021.8513
1741114901292,1021.84
1741114901336,1021.8421
1741114901376,1021.8634
1741114901407,1021.89624
1741114901432,1021.93085
1741114901471,1021.9571
1741114901498,1021.94855
1741114901535,1021.91785
1741114901572,1021.89734
1741114901591,1021.8891
1741114901634,1021.88715
1741114901673,1021.88293
1741114901693,1021.8917
1741114901737,1021.8998
1741114901771,1021.9003
1741114901793,1021.8904
1741114901834,1021.8873
1741114901872,1021.88873
1741114901890,1021.84296
1741114901932,1021.82086
1741114901973,1021.8113
1741114902001,1021.80524
1741114902032,1021.79865
1741114902071,1021.79016
1741114902092,1021.79034
1741114902133,1021.78394
1741114902173,1021.7941
1741114902190,1021.79205
1741114902231,1021.8041
1741114902274,1021.8202
1741114902292,1021.8262
1741114902354,1021.8489
1741114902370,1021.8631
1741114902394,1021.8748
1741114902432,1021.8769
1741114902473,1021.8742
1741114902491,1021.8714
1741114902542,1021.8714
1741114902571,1021.8613
1741114902591,1021.85046
1741114902633,1021.84045
1741114902693,1021.85046
1741114902693,1021.853
1741114902734,1021.8428
1741114902773,1021.8276
1741114902791,1021.8147
1741114902831,1021.83154
1741114902875,1021.8316
1741114902891,1021.8157
1741114902932,1021.798
1741114902969,1021.81714
1741114902991,1021.8456
1741114903030,1021.8628
1741114903071,1021.8701
1741114903096,1021.8664
1741114903131,1021.861
1741114903179,1021.8613
1741114903192,1021.8547
1741114903232,1021.85205
1741114903271,1021.84326
1741114903292,1021.85455
1741114903340,1021.8475
1741114903370,1021.84143
1741114903390,1021.8453
1741114903431,1021.839
1741114903469,1021.82697
1741114903490,1021.83923
1741114903538,1021.84503
1741114903576,1021.8463
1741114903592,1021.8355
1741114903636,1021.8329
1741114903670,1021.8677
1741114903690,1021.88116
1741114903730,1021.89606
1741114903773,1021.89343
1741114903790,1021.87964
1741114903834,1021.85657
1741114903872,1021.85284
1741114903896,1021.8518
1741114903928,1021.8549
1741114903972,1021.84155
1741114903990,1021.8262
1741114904029,1021.8383
1741114904071,1021.85864
1741114904110,1021.8592
1741114904128,1021.8333
1741114904171,1021.8136
1741114904196,1021.80774
1741114904228,1021.8142
1741114904273,1021.8238
1741114904289,1021.8159
1741114904331,1021.8091
1741114904389,1021.82806
1741114904391,1021.8388
1741114904431,1021.8513
1741114904472,1021.8609
1741114904490,1021.861
1741114904551,1021.86127
1741114904569,1021.84973
1741114904590,1021.83624
1741114904635,1021.8367
1741114904697,1021.83655
1741114904698,1021.8334
1741114904730,1021.84845
1741114904772,1021.8334
1741114904791,1021.807
1741114904830,1021.83484
1741114904871,1021.8262
1741114904890,1021.8053
1741114904933,1021.81384
1741114904970,1021.8474
1741114904993,1021.8703
1741114905028,1021.8781
1741114905069,1021.8749
1741114905094,1021.8766
1741114905142,1021.8812
1741114905168,1021.884
1741114905190,1021.88635
1741114905232,1021.8692
1741114905269,1021.8534
1741114905292,1021.8529
1741114905333,1021.83264
1741114905372,1021.8263
1741114905389,1021.8263
1741114905428,1021.8313
1741114905468,1021.8239
1741114905490,1021.7963
1741114905533,1021.7959
1741114905570,1021.8137
1741114905588,1021.8372
1741114905630,1021.8756
1741114905669,1021.89526
1741114905693,1021.9078
1741114905728,1021.9164
1741114905769,1021.92456
1741114905788,1021.8966
1741114905830,1021.8813
1741114905870,1021.8622
1741114905888,1021.8511
1741114905929,1021.8502
1741114905970,1021.84595
1741114905989,1021.82764
1741114906028,1021.81885
1741114906083,1021.81323
1741114906089,1021.809
1741114906129,1021.7916
1741114906170,1021.7728
1741114906206,1021.76685
1741114906229,1021.7608
1741114906269,1021.7672
1741114906293,1021.77966
1741114906331,1021.79126
1741114906374,1021.7992
1741114906390,1021.8026
1741114906434,1021.8171
1741114906471,1021.82715
1741114906492,1021.8269
1741114906530,1021.80774
1741114906576,1021.7894
1741114906592,1021.77795
1741114906627,1021.7744
1741114906669,1021.7868
1741114906688,1021.7988
1741114906728,1021.7946
1741114906773,1021.8251
1741114906792,1021.8494
1741114906835,1021.85223
1741114906868,1021.84314
1741114906891,1021.8235
1741114906940,1021.8174
1741114906968,1021.8291
1741114906990,1021.8377
1741114907031,1021.851
1741114907072,1021.83215
1741114907087,1021.8038
1741114907129,1021.77905
1741114907167,1021.7701
1741114907188,1021.76306
1741114907229,1021.75964
1741114907269,1021.7374
1741114907287,1021.7194
1741114907329,1021.72546
1741114907372,1021.72424
1741114907407,1021.7246
1741114907428,1021.74255
1741114907467,1021.7608
1741114907489,1021.7672
1741114907527,1021.7757
1741114907574,1021.77997
1741114907591,1021.7827
1741114907627,1021.78546
1741114907674,1021.7807
1741114907692,1021.7816
1741114907729,1021.76355
1741114907770,1021.7366
1741114907792,1021.7228
1741114907831,1021.7196
1741114907868,1021.7172
1741114907886,1021.7305
1741114907927,1021.7363
1741114907971,1021.75854
1741114907987,1021.7879
1741114908051,1021.7983
1741114908067,1021.80206
1741114908088,1021.7984
1741114908132,1021.79614
1741114908169,1021.797
1741114908190,1021.80084
1741114908230,1021.79443
1741114908267,1021.79474
1741114908291,1021.7883
1741114908327,1021.7708
1741114908366,1021.7369
1741114908388,1021.72095
1741114908434,1021.7207
1741114908471,1021.6973
1741114908486,1021.67786
1741114908529,1021.6686
1741114908569,1021.6689
1741114908587,1021.6626
1741114908632,1021.69586
1741114908667,1021.718
1741114908690,1021.73816
1741114908727,1021.731
1741114908768,1021.73083
1741114908787,1021.7477
1741114908830,1021.7406
1741114908868,1021.7309
1741114908888,1021.7241
1741114908931,1021.69165
1741114908966,1021.6762
1741114908989,1021.6831
1741114909026,1021.6829
1741114909068,1021.69196
1741114909088,1021.71826
1741114909128,1021.7484
1741114909167,1021.7635
1741114909187,1021.7429
1741114909230,1021.7295
1741114909268,1021.7294
1741114909310,1021.75
1741114909328,1021.764
1741114909368,1021.76495
1741114909407,1021.7507
1741114909427,1021.7171
1741114909483,1021.683
1741114909505,1021.67456
1741114909527,1021.6717
1741114909567,1021.6585
1741114909606,1021.6472
1741114909627,1021.64355
1741114909688,1021.6272
1741114909707,1021.63
1741114909726,1021.6497
1741114909771,1021.66376
1741114909810,1021.6844
1741114909829,1021.69586
1741114909867,1021.6952
1741114909918,1021.687
1741114909932,1021.6936
1741114909973,1021.6997
1741114910006,1021.7129
1741114910036,1021.7176
1741114910092,1021.70935
1741114910106,1021.6831
1741114910127,1021.662
1741114910168,1021.6593
1741114910205,1021.66003
1741114910226,1021.65564
1741114910267,1021.6599
1741114910311,1021.6654
1741114910332,1021.67926
1741114910371,1021.7119
1741114910406,1021.71533
1741114910428,1021.70514
1741114910466,1021.6914
1741114910515,1021.6825
1741114910527,1021.6931
1741114910572,1021.70844
1741114910608,1021.7119
1741114910630,1021.69574
1741114910666,1021.6819
1741114910706,1021.6765
1741114910727,1021.6732
1741114910765,1021.64667
1741114910809,1021.61383
1741114910826,1021.599
1741114910871,1021.5791
1741114910908,1021.57117
1741114910931,1021.5745
1741114910970,1021.59235
1741114911004,1021.60425
1741114911028,1021.63165
1741114911065,1021.6545
1741114911110,1021.6491
1741114911128,1021.65424
1741114911165,1021.6534
1741114911208,1021.65656
1741114911236,1021.67
1741114911271,1021.67163
1741114911307,1021.6819
1741114911332,1021.67
1741114911368,1021.6413
1741114911411,1021.6194
1741114911425,1021.60657
1741114911466,1021.6046
1741114911508,1021.5988
1741114911525,1021.59735
1741114911567,1021.5994
1741114911609,1021.60645
1741114911627,1021.6267
1741114911666,1021.6561
1741114911706,1021.66345
1741114911726,1021.6604
1741114911766,1021.6589
1741114911806,1021.6417
1741114911826,1021.6356
1741114911867,1021.6393
1741114911907,1021.63855
1741114911935,1021.63
1741114911964,1021.6217
1741114912004,1021.6201
1741114912025,1021.62427
1741114912066,1021.6187
1741114912105,1021.6091
1741114912126,1021.61206
1741114912171,1021.6273
1741114912207,1021.6159
1741114912225,1021.6046
1741114912271,1021.61774
1741114912306,1021.6032
1741114912328,1021.5871
1741114912376,1021.5773
1741114912405,1021.5947
1741114912429,1021.62195
1741114912466,1021.62915
1741114912508,1021.6389
1741114912526,1021.64246
1741114912572,1021.6399
1741114912608,1021.6282
1741114912626,1021.6273
1741114912664,1021.6176
1741114912707,1021.6116
1741114912727,1021.59247
1741114912771,1021.6038
1741114912808,1021.61523
1741114912826,1021.6085
1741114912867,1021.5866
1741114912908,1021.57385
1741114912925,1021.5808
1741114912964,1021.60114
1741114913006,1021.6115
1741114913029,1021.60895
1741114913067,1021.6239
1741114913104,1021.643
1741114913127,1021.64996
1741114913172,1021.64624
1741114913204,1021.6423
1741114913225,1021.6224
1741114913267,1021.6105
1741114913306,1021.60645
1741114913330,1021.62354
1741114913366,1021.64514
1741114913412,1021.6537
1741114913424,1021.62195
1741114913464,1021.59766
1741114913511,1021.5814
1741114913524,1021.59534
1741114913566,1021.5981
1741114913607,1021.58307
1741114913626,1021.5969
1741114913665,1021.6336
1741114913710,1021.6598
1741114913727,1021.6578
1741114913766,1021.64624
1741114913809,1021.6344
1741114913832,1021.62427
1741114913878,1021.6305
1741114913911,1021.62537
1741114913923,1021.6279
1741114913966,1021.63776
1741114914004,1021.6256
1741114914025,1021.5996
1741114914074,1021.59784
1741114914105,1021.6042
1741114914124,1021.59906
1741114914168,1021.6089
1741114914206,1021.6236
1741114914227,1021.6201
1741114914265,1021.5984
1741114914312,1021.6001
1741114914324,1021.6216
1741114914371,1021.63495
1741114914406,1021.6422
1741114914426,1021.6311
1741114914464,1021.62933
1741114914505,1021.6263
1741114914525,1021.61707
1741114914564,1021.61414
1741114914613,1021.6029
1741114914624,1021.5876
1741114914665,1021.59314
1741114914706,1021.5897
1741114914723,1021.59924
1741114914765,1021.6148
1741114914809,1021.63934
1741114914827,1021.66986
1741114914864,1021.66284
1741114914904,1021.64795
1741114914927,1021.641
1741114914965,1021.64465
1741114915003,1021.64105
1741114915023,1021.614
1741114915065,1021.5957
1741114915103,1021.5729
1741114915125,1021.582
1741114915166,1021.5882
1741114915203,1021.59845
1741114915226,1021.614
1741114915267,1021.634
1741114915313,1021.6626
1741114915323,1021.6703
1741114915366,1021.6593
1741114915406,1021.6515
1741114915423,1021.64233
1741114915472,1021.63947
1741114915505,1021.6419
1741114915532,1021.6513
1741114915563,1021.6476
1741114915604,1021.6326
1741114915626,1021.61383
1741114915666,1021.59924
1741114915720,1021.59375
1741114915734,1021.58276
1741114915763,1021.57074
1741114915812,1021.5616
1741114915823,1021.5507
1741114915866,1021.5435
1741114915911,1021.5391
1741114915922,1021.5415
1741114915976,1021.54803
1741114916003,1021.5725
1741114916044,1021.5794
1741114916063,1021.5976
1741114916105,1021.60547
1741114916125,1021.6007
1741114916163,1021.5898
1741114916202,1021.58765
1741114916223,1021.56445
1741114916265,1021.54565
1741114916305,1021.5447
1741114916331,1021.5452
1741114916364,1021.5615
1741114916402,1021.56635
1741114916424,1021.5867
1741114916465,1021.6292
1741114916503,1021.64825
1741114916522,1021.62177
1741114916566,1021.6142
1741114916607,1021.61426
1741114916626,1021.6246
1741114916667,1021.6217
1741114916707,1021.6256
1741114916723,1021.6127
1741114916762,1021.59375
1741114916805,1021.5707
1741114916822,1021.56287
1741114916864,1021.571
1741114916902,1021.5758
1741114916925,1021.56213
1741114916972,1021.5427
1741114917005,1021.5242
1741114917024,1021.5098
1741114917065,1021.505
1741114917111,1021.5051
1741114917122,1021.5115
1741114917163,1021.5142
1741114917204,1021.523
1741114917223,1021.5365
1741114917262,1021.5369
1741114917305,1021.5349
1741114917322,1021.53796
1741114917366,1021.54034
1741114917405,1021.5427
1741114917430,1021.5544
1741114917463,1021.5572
1741114917507,1021.55896
1741114917522,1021.5604
1741114917562,1021.55176
1741114917604,1021.53735
1741114917622,1021.5241
1741114917665,1021.5231
1741114917706,1021.5115
1741114917724,1021.4978
1741114917762,1021.5
1741114917806,1021.52246
1741114917825,1021.5553
1741114917863,1021.6045
1741114917901,1021.59204
1741114917927,1021.5661
1741114917961,1021.5486
1741114918008,1021.53723
1741114918021,1021.5429
1741114918073,1021.54956
1741114918102,1021.5552
1741114918123,1021.5569
1741114918161,1021.55554
1741114918201,1021.5399
1741114918230,1021.52
1741114918266,1021.5083
1741114918309,1021.5138
1741114918322,1021.5022
1741114918365,1021.48785
1741114918408,1021.4806
1741114918423,1021.47235
1741114918464,1021.47656
1741114918501,1021.46313
1741114918524,1021.45825
1741114918563,1021.46094
1741114918602,1021.4668
1741114918622,1021.4898
1741114918663,1021.5144
1741114918706,1021.52563
1741114918730,1021.50635
1741114918764,1021.5029
1741114918807,1021.51416
1741114918823,1021.53577
1741114918863,1021.5422
1741114918908,1021.5324
1741114918921,1021.50793
1741114918962,1021.4838
1741114919003,1021.4697
1741114919027,1021.4788
1741114919065,1021.48254
1741114919101,1021.4774
1741114919125,1021.474
1741114919168,1021.4844
1741114919205,1021.4892
1741114919224,1021.5099
1741114919261,1021.5299
1741114919306,1021.5328
1741114919324,1021.5393
1741114919362,1021.532
1741114919404,1021.5237
1741114919422,1021.53253
1741114919463,1021.5345
1741114919501,1021.5397
1741114919541,1021.50903
1741114919561,1021.4925
1741114919603,1021.4697
1741114919624,1021.45874
1741114919670,1021.455
1741114919701,1021.4458
1741114919722,1021.4374
1741114919763,1021.42505
1741114919801,1021.41394
1741114919820,1021.42175
1741114919863,1021.43304
1741114919902,1021.4425
1741114919921,1021.4467
1741114919967,1021.4607
1741114920005,1021.46936
1741114920022,1021.4678
1741114920083,1021.4695
1741114920100,1021.47217
1741114920128,1021.4638
1741114920160,1021.4451
1741114920203,1021.4256
1741114920221,1021.4291
1741114920263,1021.4182
1741114920308,1021.4231
1741114920321,1021.4315
1741114920373,1021.45624
1741114920402,1021.47253
1741114920423,1021.4951
1741114920462,1021.5021
1741114920500,1021.5019
1741114920524,1021.4877
1741114920561,1021.4768
1741114920600,1021.473
1741114920620,1021.4682
1741114920659,1021.4607
1741114920701,1021.4547
1741114920720,1021.4304
1741114920762,1021.4154
1741114920800,1021.41284
1741114920819,1021.4143
1741114920868,1021.402
1741114920899,1021.3827
1741114920919,1021.367
1741114920959,1021.36176
1741114920999,1021.3527
1741114921020,1021.35095
1741114921067,1021.3617
1741114921102,1021.37695
1741114921120,1021.39996
1741114921167,1021.4094
1741114921209,1021.41656
1741114921222,1021.4148
1741114921260,1021.4166
1741114921298,1021.42163
1741114921319,1021.43286
1741114921360,1021.4348
1741114921401,1021.4324
1741114921419,1021.42346
1741114921461,1021.411
1741114921499,1021.40015
1741114921524,1021.40674
1741114921558,1021.39685
1741114921600,1021.3861
1741114921621,1021.3741
1741114921664,1021.38324
1741114921700,1021.38635
1741114921718,1021.3904
1741114921759,1021.40356
1741114921798,1021.42126
1741114921820,1021.4183
1741114921859,1021.4142
1741114921904,1021.4045
1741114921927,1021.3956
1741114921958,1021.3981
1741114922000,1021.3987
1741114922020,1021.4015
1741114922061,1021.40625
1741114922099,1021.3946
1741114922121,1021.38904
1741114922159,1021.3914
1741114922199,1021.3821
1741114922220,1021.3805
1741114922259,1021.39294
1741114922300,1021.40094
1741114922330,1021.38934
1741114922359,1021.3766
1741114922398,1021.3771
1741114922424,1021.3832
1741114922458,1021.3634
1741114922498,1021.3614
1741114922518,1021.3578
1741114922558,1021.35254
1741114922599,1021.357
1741114922620,1021.36597
1741114922661,1021.36646
1741114922698,1021.3728
1741114922719,1021.3799
1741114922758,1021.3811
1741114922798,1021.37805
1741114922818,1021.37805
1741114922858,1021.3804
1741114922899,1021.3821
1741114922921,1021.37396
1741114922960,1021.3711
1741114922998,1021.3738
1741114923019,1021.37305
1741114923058,1021.3655
1741114923098,1021.35394
1741114923123,1021.35583
1741114923158,1021.3628
1741114923198,1021.37115
1741114923218,1021.36584
1741114923259,1021.3605
1741114923297,1021.3569
1741114923320,1021.354
1741114923389,1021.362
1741114923398,1021.3622
1741114923417,1021.36475
1741114923459,1021.3618
1741114923507,1021.3688
1741114923518,1021.3617
1741114923564,1021.3592
1741114923599,1021.3509
1741114923620,1021.35547
1741114923661,1021.3603
1741114923701,1021.3592
1741114923718,1021.3541
1741114923760,1021.35754
1741114923799,1021.3574
1741114923827,1021.3533
1741114923860,1021.3551
1741114923901,1021.35144
1741114923919,1021.35315
1741114923961,1021.3545
1741114923998,1021.35474
1741114924019,1021.3513
1741114924058,1021.35583
1741114924154,1021.3529
1741114924154,1021.3465
1741114924157,1021.3489
1741114924198,1021.3463
1741114924228,1021.33887
1741114924260,1021.3551
1741114924302,1021.35706
1741114924318,1021.35956
1741114924371,1021.3546
1741114924400,1021.3623
1741114924420,1021.36
1741114924460,1021.35236
1741114924498,1021.33466
1741114924520,1021.3384
1741114924560,1021.34393
1741114924607,1021.34436
1741114924619,1021.3407
1741114924661,1021.34314
1741114924712,1021.35394
1741114924718,1021.3518
1741114924760,1021.34625
1741114924808,1021.3387
1741114924818,1021.33984
1741114924858,1021.34546
1741114924899,1021.34644
1741114924919,1021.3489
1741114924959,1021.3497
1741114925007,1021.34064
1741114925018,1021.3318
1741114925059,1021.3355
1741114925097,1021.33954
1741114925122,1021.3463
1741114925158,1021.34265
1741114925198,1021.3387
1741114925218,1021.3391
1741114925259,1021.3469
1741114925298,1021.34766
1741114925317,1021.3406
1741114925360,1021.3349
1741114925405,1021.33264
1741114925423,1021.3268
1741114925466,1021.34283
1741114925498,1021.3429
1741114925529,1021.3501
1741114925560,1021.35333
1741114925598,1021.3495
1741114925616,1021.34607
1741114925657,1021.3447
1741114925696,1021.34485
1741114925718,1021.33386
1741114925756,1021.3281
1741114925796,1021.3333
1741114925816,1021.339
1741114925857,1021.3338
1741114925896,1021.33734
1741114925916,1021.34344
1741114925957,1021.3439
1741114925996,1021.3419
1741114926017,1021.3457
1741114926056,1021.3476
1741114926096,1021.3377
1741114926116,1021.34686
1741114926156,1021.344
1741114926197,1021.35333
1741114926216,1021.35376
1741114926256,1021.3574
1741114926296,1021.35114
1741114926316,1021.34796
1741114926356,1021.3458
1741114926422,1021.3551
1741114926422,1021.36035
1741114926488,1021.3552
1741114926496,1021.3426
1741114926523,1021.34625
1741114926557,1021.33966
1741114926596,1021.3472
1741114926617,1021.3454
1741114926656,1021.35095
1741114926695,1021.3433
1741114926716,1021.34735
1741114926756,1021.35345
1741114926796,1021.34094
1741114926815,1021.34424
1741114926856,1021.34644
1741114926896,1021.3529
1741114926916,1021.345
1741114926955,1021.3475
1741114926996,1021.3417
1741114927015,1021.34143
1741114927057,1021.341
1741114927097,1021.3347
1741114927117,1021.33185
1741114927157,1021.337
1741114927197,1021.3407
1741114927217,1021.34424
1741114927256,1021.3483
1741114927297,1021.3514
1741114927318,1021.3513
1741114927356,1021.3483
1741114927397,1021.34955
1741114927417,1021.35986
1741114927455,1021.3502
1741114927495,1021.3556
1741114927515,1021.3489
