1741113326445,1022.5725
1741113326462,1022.57874
1741113326503,1022.57605
1741113326535,1022.573
1741113326555,1022.57336
1741113326595,1022.5764
1741113326616,1022.5857
1741113326655,1022.5865
1741113326695,1022.59125
1741113326736,1022.5973
1741113326757,1022.58875
1741113326797,1022.5891
1741113326835,1022.59344
1741113326856,1022.5889
1741113326895,1022.5852
1741113326936,1022.5827
1741113326957,1022.5694
1741113326995,1022.5771
1741113327038,1022.5796
1741113327056,1022.58307
1741113327099,1022.58105
1741113327137,1022.58484
1741113327156,1022.5894
1741113327195,1022.5895
1741113327237,1022.594
1741113327255,1022.5907
1741113327299,1022.59186
1741113327336,1022.58264
1741113327355,1022.58386
1741113327397,1022.5834
1741113327436,1022.58966
1741113327457,1022.58356
1741113327495,1022.58777
1741113327535,1022.5833
1741113327555,1022.5888
1741113327595,1022.59155
1741113327636,1022.58594
1741113327654,1022.5858
1741113327695,1022.5813
1741113327735,1022.5893
1741113327755,1022.5908
1741113327795,1022.58417
1741113327834,1022.58215
1741113327854,1022.58905
1741113327895,1022.58234
1741113327934,1022.5854
1741113327954,1022.59143
1741113327995,1022.5907
1741113328035,1022.5902
1741113328055,1022.5911
1741113328094,1022.58856
1741113328135,1022.58704
1741113328155,1022.592
1741113328195,1022.5842
1741113328243,1022.59717
1741113328254,1022.59607
1741113328294,1022.5891
1741113328347,1022.5927
1741113328360,1022.59973
1741113328395,1022.60535
1741113328462,1022.6042
1741113328462,1022.59607
1741113328494,1022.5888
1741113328537,1022.5839
1741113328555,1022.59033
1741113328596,1022.5955
1741113328635,1022.587
1741113328654,1022.5916
1741113328694,1022.5829
1741113328737,1022.57886
1741113328754,1022.5739
1741113328797,1022.58203
1741113328835,1022.57983
1741113328854,1022.57495
1741113328897,1022.5774
1741113328934,1022.5829
1741113328954,1022.5869
1741113329006,1022.5808
1741113329034,1022.5786
1741113329062,1022.5778
1741113329095,1022.57367
1741113329135,1022.5797
1741113329164,1022.5716
1741113329196,1022.56885
1741113329235,1022.5682
1741113329257,1022.56604
1741113329295,1022.5647
1741113329336,1022.5646
1741113329354,1022.56885
1741113329478,1022.55176
1741113329496,1022.5706
1741113329534,1022.579
1741113329555,1022.5769
1741113329594,1022.56287
1741113329635,1022.5382
1741113329675,1022.55286
1741113329694,1022.5814
1741113329735,1022.58325
1741113329774,1022.6063
1741113329795,1022.60925
1741113329834,1022.61115
1741113329855,1022.6023
1741113329895,1022.5934
1741113329935,1022.5848
1741113329976,1022.5696
1741113329997,1022.56116
1741113330038,1022.54535
1741113330077,1022.5399
1741113330102,1022.55383
1741113330135,1022.56586
1741113330173,1022.56445
1741113330193,1022.5648
1741113330235,1022.55493
1741113330274,1022.54865
1741113330293,1022.5493
1741113330333,1022.53796
1741113330374,1022.54114
1741113330395,1022.5307
1741113330439,1022.5358
1741113330474,1022.5386
1741113330501,1022.5397
1741113330533,1022.5383
1741113330577,1022.5369
1741113330597,1022.5397
1741113330635,1022.541
1741113330673,1022.5457
1741113330702,1022.54767
1741113330738,1022.5503
1741113330774,1022.5316
1741113330794,1022.5259
1741113330833,1022.52026
1741113330875,1022.52637
1741113330893,1022.52435
1741113330933,1022.5248
1741113330978,1022.5336
1741113330997,1022.5408
1741113331056,1022.52814
1741113331075,1022.53674
1741113331093,1022.5345
1741113331135,1022.53436
1741113331174,1022.53613
1741113331194,1022.54517
1741113331233,1022.54224
1741113331274,1022.53406
1741113331296,1022.5264
1741113331333,1022.5279
1741113331374,1022.51654
1741113331397,1022.52075
1741113331434,1022.5183
1741113331473,1022.5243
1741113331501,1022.53064
1741113331533,1022.5321
1741113331574,1022.53217
1741113331599,1022.522
1741113331634,1022.5198
1741113331673,1022.5225
1741113331693,1022.5284
1741113331747,1022.52356
1741113331773,1022.5215
1741113331795,1022.52576
1741113331833,1022.5243
1741113331873,1022.5123
1741113331898,1022.51196
1741113331933,1022.5157
1741113331973,1022.52344
1741113332000,1022.5229
1741113332032,1022.5239
1741113332073,1022.5322
1741113332102,1022.5233
1741113332133,1022.52124
1741113332173,1022.5322
1741113332199,1022.5358
1741113332234,1022.53217
1741113332272,1022.52454
1741113332299,1022.5304
1741113332333,1022.5224
1741113332374,1022.5246
1741113332402,1022.5265
1741113332433,1022.52515
1741113332472,1022.523
1741113332496,1022.5149
1741113332533,1022.5168
1741113332572,1022.50934
1741113332594,1022.5106
1741113332642,1022.50354
1741113332672,1022.50757
1741113332692,1022.50256
1741113332732,1022.5065
1741113332773,1022.5133
1741113332800,1022.50696
1741113332833,1022.5078
1741113332874,1022.5126
1741113332894,1022.5127
1741113332937,1022.519
1741113332974,1022.5244
1741113332995,1022.5237
1741113333033,1022.5191
1741113333072,1022.50946
1741113333096,1022.5143
1741113333133,1022.5172
1741113333172,1022.5165
1741113333192,1022.5188
1741113333235,1022.5208
1741113333307,1022.5178
1741113333307,1022.5133
1741113333333,1022.5053
1741113333372,1022.50964
1741113333393,1022.5148
1741113333434,1022.51984
1741113333475,1022.52155
1741113333497,1022.52637
1741113333535,1022.52
1741113333577,1022.53064
1741113333595,1022.52734
1741113333637,1022.5236
1741113333674,1022.5163
1741113333697,1022.5102
1741113333733,1022.50806
1741113333772,1022.50757
1741113333793,1022.5065
1741113333832,1022.50323
1741113333874,1022.50256
1741113333894,1022.5079
1741113333934,1022.5062
1741113333975,1022.5079
1741113333996,1022.51624
1741113334033,1022.50867
1741113334078,1022.4983
1741113334101,1022.5018
1741113334132,1022.4978
1741113334186,1022.5074
1741113334191,1022.5104
1741113334231,1022.51575
1741113334282,1022.501
1741113334295,1022.5113
1741113334334,1022.5061
1741113334374,1022.5061
1741113334404,1022.5064
1741113334431,1022.5093
1741113334472,1022.5168
1741113334493,1022.5149
1741113334536,1022.5111
1741113334573,1022.5072
1741113334598,1022.50793
1741113334634,1022.50635
1741113334685,1022.5046
1741113334693,1022.4972
1741113334733,1022.5033
1741113334772,1022.51263
1741113334792,1022.5179
1741113334833,1022.51025
1741113334874,1022.5026
1741113334903,1022.4992
1741113334932,1022.50854
1741113334972,1022.5157
1741113334995,1022.50964
1741113335032,1022.4984
1741113335073,1022.49817
1741113335093,1022.5003
1741113335136,1022.498
1741113335175,1022.4988
1741113335195,1022.4966
1741113335231,1022.4969
1741113335277,1022.5018
1741113335298,1022.5008
1741113335333,1022.486
1741113335375,1022.4964
1741113335395,1022.4914
1741113335438,1022.5029
1741113335473,1022.5091
1741113335496,1022.5107
1741113335535,1022.5083
1741113335572,1022.5035
1741113335592,1022.50867
1741113335631,1022.501
1741113335672,1022.4941
1741113335697,1022.492
1741113335732,1022.50037
1741113335772,1022.4927
1741113335795,1022.49744
1741113335835,1022.4989
1741113335873,1022.4929
1741113335892,1022.4954
1741113335932,1022.49475
1741113335992,1022.4966
1741113335992,1022.50934
1741113336031,1022.50916
1741113336076,1022.50604
1741113336094,1022.5125
1741113336133,1022.5209
1741113336172,1022.5147
1741113336192,1022.4964
1741113336233,1022.5011
1741113336275,1022.4982
1741113336291,1022.4929
1741113336332,1022.50055
1741113336374,1022.4987
1741113336391,1022.5075
1741113336432,1022.5056
1741113336474,1022.4974
1741113336498,1022.4966
1741113336536,1022.4912
1741113336573,1022.49524
1741113336596,1022.49365
1741113336640,1022.5001
1741113336671,1022.50684
1741113336692,1022.5116
1741113336733,1022.51495
1741113336770,1022.5114
1741113336791,1022.5062
1741113336832,1022.4973
1741113336871,1022.4951
1741113336896,1022.4977
1741113336933,1022.5014
1741113336979,1022.49866
1741113336990,1022.5111
1741113337032,1022.50555
1741113337072,1022.506
1741113337092,1022.5117
1741113337143,1022.5074
1741113337171,1022.5061
1741113337194,1022.51013
1741113337232,1022.50385
1741113337272,1022.50275
1741113337292,1022.50146
1741113337334,1022.51117
1741113337376,1022.51404
1741113337393,1022.50256
1741113337436,1022.50574
1741113337486,1022.50574
1741113337492,1022.50134
1741113337531,1022.5004
1741113337579,1022.5082
1741113337591,1022.5111
1741113337635,1022.5045
1741113337671,1022.4968
1741113337700,1022.5006
1741113337732,1022.49695
1741113337773,1022.4963
1741113337791,1022.49744
1741113337832,1022.5006
1741113337873,1022.50397
1741113337893,1022.49634
1741113337936,1022.50336
1741113337972,1022.5123
1741113337997,1022.50934
1741113338043,1022.5014
1741113338071,1022.4977
1741113338090,1022.499
1741113338134,1022.5041
1741113338171,1022.50146
1741113338191,1022.5051
1741113338233,1022.4984
1741113338275,1022.49304
1741113338293,1022.48645
1741113338333,1022.4953
1741113338379,1022.49426
1741113338389,1022.4965
1741113338433,1022.4994
1741113338473,1022.5027
1741113338494,1022.4987
1741113338535,1022.49884
1741113338577,1022.50116
1741113338594,1022.5099
1741113338629,1022.50696
1741113338671,1022.50726
1741113338690,1022.5055
1741113338730,1022.49445
1741113338770,1022.5005
1741113338789,1022.5047
1741113338829,1022.4944
1741113338869,1022.4935
1741113338891,1022.49133
1741113338934,1022.4977
1741113338970,1022.48987
1741113338990,1022.4878
1741113339032,1022.48773
1741113339071,1022.4885
1741113339090,1022.4948
1741113339131,1022.48914
1741113339170,1022.48834
1741113339199,1022.48694
1741113339229,1022.4855
1741113339271,1022.47845
1741113339294,1022.4854
1741113339330,1022.4826
1741113339372,1022.4777
1741113339391,1022.48145
1741113339430,1022.4875
1741113339470,1022.4868
1741113339492,1022.4851
1741113339537,1022.4824
1741113339571,1022.48206
1741113339589,1022.4875
1741113339637,1022.49084
1741113339670,1022.49585
1741113339697,1022.4879
1741113339737,1022.48505
1741113339769,1022.48865
1741113339790,1022.48804
1741113339828,1022.4918
1741113339870,1022.48987
1741113339889,1022.4967
1741113339932,1022.4978
1741113339971,1022.5087
1741113339992,1022.495
1741113340041,1022.48694
1741113340069,1022.4913
1741113340143,1022.499
1741113340143,1022.5016
1741113340172,1022.4978
1741113340193,1022.5013
1741113340242,1022.49457
1741113340268,1022.4919
1741113340288,1022.49756
1741113340329,1022.49976
1741113340368,1022.50275
1741113340391,1022.5016
1741113340437,1022.5
1741113340469,1022.50464
1741113340497,1022.5145
1741113340530,1022.5139
1741113340569,1022.51825
1741113340588,1022.5185
1741113340630,1022.51013
1741113340671,1022.51074
1741113340694,1022.5011
1741113340731,1022.5021
1741113340770,1022.5037
1741113340790,1022.50354
1741113340829,1022.5056
1741113340869,1022.49805
1741113340888,1022.49493
1741113340932,1022.50195
1741113340969,1022.50604
1741113340990,1022.50946
1741113341029,1022.5134
1741113341072,1022.5105
1741113341090,1022.50745
1741113341133,1022.50287
1741113341170,1022.5002
1741113341188,1022.50085
1741113341230,1022.50305
1741113341269,1022.5032
1741113341290,1022.5038
1741113341327,1022.5058
1741113341371,1022.5018
1741113341388,1022.4947
1741113341427,1022.49567
1741113341469,1022.49927
1741113341492,1022.5086
1741113341528,1022.50793
1741113341571,1022.5099
1741113341589,1022.50745
1741113341630,1022.5089
1741113341668,1022.5102
1741113341688,1022.50006
1741113341730,1022.50165
1741113341770,1022.50586
1741113341788,1022.49744
1741113341842,1022.5048
1741113341868,1022.5099
1741113341890,1022.50073
1741113341931,1022.50073
1741113341970,1022.49255
1741113341988,1022.49603
1741113342028,1022.50116
1741113342069,1022.5027
1741113342089,1022.50635
1741113342129,1022.5132
1741113342176,1022.51514
1741113342193,1022.5107
1741113342229,1022.51697
1741113342269,1022.51514
1741113342290,1022.51324
1741113342331,1022.51135
1741113342372,1022.5186
1741113342388,1022.5159
1741113342429,1022.5114
1741113342469,1022.503
1741113342494,1022.4992
1741113342532,1022.49567
1741113342568,1022.5063
1741113342590,1022.5078
1741113342628,1022.50806
1741113342675,1022.5055
1741113342687,1022.5006
1741113342731,1022.49634
1741113342769,1022.4987
1741113342789,1022.492
1741113342828,1022.4921
1741113342868,1022.49664
1741113342889,1022.4981
1741113342936,1022.4983
1741113342969,1022.5023
1741113342988,1022.51
1741113343028,1022.5034
1741113343067,1022.4999
1741113343090,1022.4964
1741113343129,1022.5008
1741113343167,1022.49976
1741113343187,1022.50244
1741113343227,1022.5122
1741113343268,1022.52057
1741113343303,1022.5292
1741113343327,1022.5176
1741113343370,1022.50793
1741113343389,1022.4986
1741113343430,1022.4916
1741113343467,1022.4934
1741113343487,1022.5
1741113343532,1022.4989
1741113343567,1022.51044
1741113343588,1022.5125
1741113343628,1022.506
1741113343668,1022.51
1741113343688,1022.5086
1741113343727,1022.513
1741113343767,1022.5108
1741113343788,1022.50604
1741113343830,1022.4996
1741113343867,1022.4966
1741113343887,1022.50854
1741113343928,1022.5006
1741113343972,1022.5012
1741113343988,1022.5022
1741113344027,1022.51025
1741113344072,1022.50916
1741113344086,1022.50836
1741113344128,1022.50726
1741113344167,1022.5034
1741113344188,1022.506
1741113344226,1022.51654
1741113344267,1022.5179
1741113344286,1022.5036
1741113344326,1022.49927
1741113344368,1022.50134
1741113344396,1022.50195
1741113344427,1022.50354
1741113344468,1022.50183
1741113344493,1022.5111
1741113344529,1022.5173
1741113344569,1022.51526
1741113344586,1022.52014
1741113344631,1022.52405
1741113344667,1022.5158
1741113344688,1022.5115
1741113344730,1022.51306
1741113344768,1022.51074
1741113344788,1022.51074
1741113344827,1022.5145
1741113344867,1022.5128
1741113344894,1022.51526
1741113344927,1022.51215
1741113344966,1022.5176
1741113344987,1022.5093
1741113345029,1022.51587
1741113345068,1022.5155
1741113345088,1022.52057
1741113345126,1022.5222
1741113345167,1022.5215
1741113345188,1022.5239
1741113345228,1022.5119
1741113345266,1022.51105
1741113345286,1022.5061
1741113345325,1022.5065
1741113345366,1022.50806
1741113345396,1022.4999
1741113345425,1022.50183
1741113345466,1022.4996
1741113345488,1022.5047
1741113345528,1022.5056
1741113345576,1022.5128
1741113345586,1022.5135
1741113345626,1022.51733
1741113345667,1022.51556
1741113345689,1022.51495
1741113345726,1022.51013
1741113345766,1022.5056
1741113345795,1022.5084
1741113345830,1022.5101
1741113345865,1022.5053
1741113345887,1022.5093
1741113345926,1022.51013
1741113345975,1022.5065
1741113345986,1022.50885
1741113346025,1022.50653
1741113346068,1022.50665
1741113346086,1022.5154
1741113346130,1022.5188
1741113346169,1022.5127
1741113346186,1022.5053
1741113346226,1022.49854
1741113346267,1022.4973
1741113346285,1022.5033
1741113346328,1022.5041
1741113346378,1022.5104
1741113346385,1022.5183
1741113346425,1022.5243
1741113346466,1022.5283
1741113346490,1022.5254
1741113346525,1022.52094
1741113346566,1022.52
1741113346594,1022.5179
1741113346625,1022.51245
1741113346679,1022.50037
1741113346698,1022.5056
1741113346728,1022.5109
1741113346765,1022.5055
1741113346785,1022.506
1741113346826,1022.5036
1741113346866,1022.50854
1741113346888,1022.5135
1741113346927,1022.5112
1741113346966,1022.51324
1741113346986,1022.5256
1741113347026,1022.516
1741113347068,1022.5141
1741113347085,1022.5179
1741113347126,1022.5177
1741113347167,1022.5122
1741113347186,1022.5125
1741113347226,1022.5222
1741113347265,1022.52014
1741113347286,1022.5177
1741113347329,1022.5228
1741113347371,1022.5232
1741113347387,1022.51416
1741113347425,1022.5201
1741113347466,1022.514
1741113347485,1022.50854
1741113347531,1022.5107
1741113347565,1022.51904
1741113347585,1022.51154
1741113347627,1022.51294
1741113347667,1022.5114
1741113347690,1022.5076
1741113347724,1022.51276
1741113347766,1022.5151
1741113347786,1022.5131
1741113347826,1022.51227
1741113347867,1022.5082
1741113347887,1022.5094
1741113347927,1022.51447
1741113347965,1022.51184
1741113347985,1022.51404
1741113348026,1022.5121
1741113348065,1022.5082
1741113348085,1022.52075
1741113348125,1022.5157
1741113348166,1022.5205
1741113348185,1022.51886
1741113348226,1022.51447
1741113348265,1022.515
1741113348285,1022.51404
1741113348327,1022.51855
1741113348364,1022.5209
1741113348388,1022.52435
1741113348427,1022.5231
1741113348465,1022.52466
1741113348485,1022.5174
1741113348526,1022.517
1741113348564,1022.5174
1741113348587,1022.5297
1741113348625,1022.52527
1741113348665,1022.5297
1741113348689,1022.5216
1741113348725,1022.51825
1741113348766,1022.5106
1741113348785,1022.5086
1741113348834,1022.50696
1741113348866,1022.5077
1741113348889,1022.5139
1741113348924,1022.51807
1741113348970,1022.522
1741113348990,1022.5246
1741113349028,1022.52893
1741113349077,1022.5229
1741113349087,1022.5216
1741113349124,1022.5274
1741113349177,1022.52637
1741113349184,1022.5157
1741113349228,1022.5143
1741113349265,1022.5113
1741113349285,1022.51385
1741113349326,1022.5142
1741113349364,1022.5013
1741113349389,1022.5048
1741113349425,1022.5136
1741113349465,1022.50854
1741113349489,1022.50354
1741113349524,1022.51227
1741113349581,1022.5183
1741113349585,1022.5185
1741113349624,1022.5088
1741113349668,1022.5069
1741113349683,1022.5025
1741113349725,1022.51154
1741113349766,1022.51904
1741113349785,1022.52216
1741113349825,1022.51135
1741113349864,1022.5061
1741113349883,1022.51025
1741113349924,1022.50964
1741113349966,1022.51697
1741113349995,1022.51855
1741113350025,1022.51526
1741113350064,1022.5166
1741113350084,1022.5178
1741113350126,1022.5043
1741113350164,1022.50684
1741113350184,1022.5051
1741113350225,1022.5136
1741113350264,1022.5138
1741113350284,1022.5137
1741113350325,1022.5085
1741113350363,1022.51404
1741113350405,1022.51184
1741113350425,1022.51056
1741113350472,1022.5145
1741113350482,1022.51636
1741113350525,1022.5144
1741113350563,1022.51575
1741113350584,1022.5156
1741113350624,1022.5165
1741113350665,1022.5078
1741113350683,1022.502
1741113350724,1022.50586
1741113350765,1022.5088
1741113350784,1022.50854
1741113350825,1022.5065
1741113350864,1022.50604
1741113350887,1022.5061
1741113350924,1022.5095
1741113350966,1022.51227
1741113350989,1022.5188
1741113351025,1022.51587
1741113351064,1022.51764
1741113351086,1022.5183
1741113351124,1022.5139
1741113351165,1022.5134
1741113351185,1022.5154
1741113351230,1022.51056
1741113351264,1022.5064
1741113351304,1022.5144
1741113351325,1022.516
1741113351364,1022.51697
1741113351406,1022.51416
1741113351424,1022.5194
1741113351464,1022.52155
1741113351503,1022.5254
1741113351524,1022.51733
1741113351565,1022.5203
1741113351603,1022.5115
1741113351623,1022.5133
1741113351672,1022.5148
1741113351705,1022.51855
1741113351725,1022.5155
1741113351763,1022.52277
1741113351802,1022.53687
1741113351823,1022.52673
1741113351865,1022.5273
1741113351903,1022.5238
1741113351922,1022.5117
1741113351966,1022.51636
1741113352004,1022.51556
1741113352023,1022.51636
1741113352062,1022.50336
1741113352104,1022.5002
1741113352124,1022.51605
1741113352167,1022.51514
1741113352203,1022.5144
1741113352223,1022.5159
1741113352264,1022.5203
1741113352310,1022.5276
1741113352325,1022.5349
1741113352364,1022.5408
1741113352404,1022.53046
1741113352432,1022.53033
1741113352462,1022.52435
1741113352508,1022.5154
1741113352522,1022.51917
1741113352562,1022.52515
1741113352604,1022.5261
1741113352626,1022.52515
1741113352664,1022.5186
1741113352703,1022.5165
1741113352723,1022.50946
1741113352764,1022.51
1741113352808,1022.521
1741113352823,1022.5253
1741113352864,1022.5336
1741113352907,1022.535
1741113352923,1022.5375
1741113352969,1022.5357
1741113353005,1022.53265
1741113353022,1022.5284
1741113353065,1022.518
1741113353102,1022.50696
1741113353121,1022.5163
1741113353162,1022.5204
1741113353202,1022.5198
1741113353221,1022.5215
1741113353263,1022.52954
1741113353301,1022.52527
1741113353323,1022.52203
1741113353362,1022.5188
1741113353402,1022.5219
1741113353421,1022.5265
1741113353462,1022.5269
1741113353504,1022.5206
1741113353521,1022.53
1741113353563,1022.5205
1741113353601,1022.5187
1741113353622,1022.51385
1741113353660,1022.5038
1741113353701,1022.51074
1741113353723,1022.51715
1741113353765,1022.5169
1741113353804,1022.5195
1741113353822,1022.5189
1741113353864,1022.52203
1741113353905,1022.5194
1741113353942,1022.5261
1741113353961,1022.5348
1741113354007,1022.53156
1741113354029,1022.53455
1741113354063,1022.5356
1741113354101,1022.5317
1741113354124,1022.53125
1741113354161,1022.53467
1741113354202,1022.5331
1741113354236,1022.52386
1741113354261,1022.5212
1741113354315,1022.5129
1741113354322,1022.5082
1741113354375,1022.51025
1741113354403,1022.50867
1741113354422,1022.5097
1741113354465,1022.5139
1741113354501,1022.52844
1741113354525,1022.52313
1741113354561,1022.52203
1741113354601,1022.52185
1741113354622,1022.5233
1741113354663,1022.5163
1741113354704,1022.516
1741113354723,1022.5238
1741113354761,1022.52747
1741113354804,1022.5199
1741113354821,1022.5128
1741113354863,1022.51
1741113354904,1022.52325
1741113354920,1022.525
1741113354961,1022.5211
1741113355001,1022.5147
1741113355025,1022.51196
1741113355062,1022.51306
1741113355102,1022.508
1741113355122,1022.5002
1741113355163,1022.5023
1741113355201,1022.5061
1741113355220,1022.5084
1741113355262,1022.517
1741113355302,1022.52057
1741113355322,1022.524
1741113355363,1022.5199
1741113355420,1022.5189
1741113355420,1022.52466
1741113355462,1022.5215
1741113355502,1022.5272
1741113355520,1022.5283
1741113355565,1022.527
1741113355602,1022.5162
1741113355620,1022.5078
1741113355663,1022.5033
1741113355716,1022.503
1741113355723,1022.5102
1741113355761,1022.51556
1741113355804,1022.5121
1741113355825,1022.5165
1741113355890,1022.5227
1741113355901,1022.5108
1741113355921,1022.51666
1741113355960,1022.5126
1741113356000,1022.5083
1741113356023,1022.5135
1741113356061,1022.5071
1741113356101,1022.5058
1741113356124,1022.5129
1741113356162,1022.515
1741113356202,1022.511
1741113356219,1022.50903
1741113356267,1022.51416
1741113356302,1022.5209
1741113356322,1022.5219
1741113356363,1022.5228
1741113356406,1022.5197
1741113356422,1022.51154
1741113356460,1022.51135
1741113356505,1022.50183
1741113356527,1022.5039
1741113356561,1022.5046
1741113356607,1022.5147
1741113356641,1022.5088
1741113356663,1022.508
1741113356701,1022.5119
1741113356719,1022.52
1741113356765,1022.5154
1741113356801,1022.51575
1741113356819,1022.5152
1741113356862,1022.5207
1741113356903,1022.52026
1741113356920,1022.5054
1741113356962,1022.506
1741113357000,1022.5126
1741113357019,1022.5092
1741113357085,1022.5263
1741113357099,1022.5341
1741113357119,1022.5322
1741113357176,1022.52875
1741113357199,1022.52405
1741113357222,1022.531
1741113357265,1022.53735
1741113357304,1022.5199
1741113357320,1022.5277
1741113357360,1022.52136
1741113357403,1022.5238
1741113357419,1022.5287
1741113357466,1022.526
1741113357499,1022.5249
1741113357521,1022.5234
1741113357559,1022.52954
1741113357600,1022.537
1741113357622,1022.5473
1741113357665,1022.5464
1741113357702,1022.547
1741113357721,1022.54156
1741113357767,1022.5394
1741113357802,1022.53796
1741113357819,1022.5416
1741113357860,1022.5427
1741113357900,1022.5495
1741113357923,1022.5536
1741113357964,1022.55347
1741113358001,1022.5507
1741113358024,1022.55414
1741113358061,1022.5668
1741113358100,1022.5637
1741113358123,1022.5679
1741113358164,1022.5747
1741113358199,1022.5663
1741113358223,1022.5682
1741113358262,1022.5637
1741113358299,1022.56464
1741113358319,1022.57385
1741113358361,1022.57416
1741113358401,1022.5822
1741113358418,1022.5879
1741113358458,1022.5864
1741113358500,1022.5815
1741113358523,1022.579
1741113358560,1022.588
1741113358612,1022.5881
1741113358622,1022.58966
1741113358661,1022.5924
1741113358702,1022.5928
1741113358719,1022.594
1741113358761,1022.59534
1741113358800,1022.59314
1741113358819,1022.5897
1741113358860,1022.5906
1741113358904,1022.5978
1741113358918,1022.5994
1741113358960,1022.60223
1741113359004,1022.5954
1741113359019,1022.5938
1741113359058,1022.59607
1741113359099,1022.5968
1741113359121,1022.6063
1741113359162,1022.5963
1741113359198,1022.6071
1741113359218,1022.6103
1741113359259,1022.60986
1741113359300,1022.606
1741113359318,1022.6158
1741113359362,1022.6072
1741113359399,1022.6017
1741113359417,1022.601
1741113359460,1022.60815
1741113359499,1022.6062
1741113359520,1022.60065
1741113359559,1022.6059
1741113359601,1022.60754
1741113359618,1022.60706
1741113359660,1022.60754
1741113359699,1022.60297
1741113359727,1022.6201
1741113359757,1022.61884
1741113359805,1022.61926
1741113359823,1022.61835
1741113359862,1022.61865
1741113359898,1022.6182
1741113359919,1022.61255
1741113359958,1022.6119
1741113359999,1022.609
1741113360020,1022.60626
1741113360063,1022.6055
1741113360100,1022.6083
1741113360126,1022.6068
1741113360158,1022.61084
1741113360200,1022.60364
1741113360218,1022.60187
1741113360260,1022.60504
1741113360300,1022.60596
1741113360317,1022.6119
1741113360357,1022.6084
1741113360404,1022.5986
1741113360422,1022.59656
1741113360462,1022.5997
1741113360499,1022.60443
1741113360518,1022.6033
1741113360562,1022.6029
1741113360599,1022.61096
1741113360619,1022.6206
1741113360658,1022.6278
1741113360699,1022.62006
1741113360717,1022.62683
1741113360759,1022.6183
1741113360808,1022.6172
1741113360818,1022.61835
1741113360857,1022.6157
1741113360898,1022.6128
1741113360918,1022.6178
1741113360958,1022.61505
1741113360999,1022.61707
1741113361017,1022.613
1741113361060,1022.61096
1741113361099,1022.61145
1741113361129,1022.6155
1741113361158,1022.6205
1741113361197,1022.62494
1741113361218,1022.62146
1741113361260,1022.61505
1741113361304,1022.6202
1741113361323,1022.6244
1741113361357,1022.6179
1741113361397,1022.6167
1741113361418,1022.6116
1741113361460,1022.6144
1741113361502,1022.6104
1741113361518,1022.60815
1741113361557,1022.60754
1741113361597,1022.6024
1741113361619,1022.6127
1741113361659,1022.615
1741113361699,1022.6177
1741113361716,1022.61523
1741113361757,1022.6156
1741113361805,1022.62036
1741113361816,1022.61993
1741113361868,1022.6216
1741113361904,1022.6239
1741113361923,1022.619
1741113361959,1022.6221
1741113362004,1022.6178
1741113362020,1022.6212
1741113362057,1022.621
1741113362097,1022.6182
1741113362120,1022.61273
1741113362156,1022.6107
1741113362199,1022.6096
1741113362220,1022.6164
1741113362258,1022.6123
1741113362299,1022.614
1741113362319,1022.613
1741113362360,1022.621
1741113362397,1022.6173
1741113362419,1022.6159
1741113362459,1022.61316
1741113362500,1022.60767
1741113362523,1022.61395
1741113362558,1022.6144
1741113362603,1022.614
1741113362616,1022.6116
1741113362658,1022.60754
1741113362697,1022.6066
1741113362716,1022.6042
1741113362759,1022.6056
1741113362798,1022.60254
1741113362818,1022.6176
1741113362863,1022.61957
1741113362897,1022.6085
1741113362917,1022.5996
1741113362959,1022.60034
1741113362998,1022.6007
1741113363016,1022.60345
1741113363059,1022.60364
1741113363101,1022.59155
1741113363116,1022.5893
1741113363156,1022.59045
1741113363198,1022.58575
1741113363223,1022.59064
1741113363255,1022.5925
1741113363295,1022.5916
1741113363315,1022.58594
1741113363355,1022.5863
1741113363395,1022.5935
1741113363415,1022.596
1741113363455,1022.592
1741113363495,1022.588
1741113363515,1022.57983
1741113363556,1022.5864
1741113363595,1022.5815
1741113363625,1022.5751
1741113363656,1022.5852
1741113363696,1022.594
1741113363716,1022.59155
1741113363757,1022.5877
1741113363796,1022.59314
1741113363822,1022.5847
1741113363858,1022.5794
1741113363895,1022.5789
1741113363914,1022.57635
1741113363955,1022.572
1741113363998,1022.5727
1741113364017,1022.5714
1741113364056,1022.57166
1741113364106,1022.57263
1741113364115,1022.57104
1741113364157,1022.5746
1741113364198,1022.5792
1741113364215,1022.56616
1741113364264,1022.5747
1741113364296,1022.57446
1741113364319,1022.5733
1741113364355,1022.57104
1741113364401,1022.56604
1741113364418,1022.5664
1741113364456,1022.5686
1741113364496,1022.5697
1741113364517,1022.56586
1741113364558,1022.5714
1741113364598,1022.5714
1741113364617,1022.5762
1741113364658,1022.57654
1741113364698,1022.57385
1741113364724,1022.57227
1741113364764,1022.5886
1741113364797,1022.5774
1741113364815,1022.5619
1741113364861,1022.5592
1741113364898,1022.5601
1741113364915,1022.5558
1741113364957,1022.55707
1741113364997,1022.5551
1741113365016,1022.55774
1741113365056,1022.55835
1741113365097,1022.5566
1741113365120,1022.55695
1741113365154,1022.5572
1741113365199,1022.5575
1741113365220,1022.55365
1741113365255,1022.5512
1741113365302,1022.54865
1741113365315,1022.55304
1741113365357,1022.5495
1741113365399,1022.559
1741113365425,1022.55334
1741113365455,1022.5512
1741113365496,1022.55554
1741113365523,1022.544
1741113365555,1022.5443
1741113365600,1022.54553
1741113365614,1022.5537
1741113365656,1022.548
1741113365702,1022.5473
1741113365715,1022.5477
1741113365757,1022.5492
1741113365799,1022.5443
1741113365814,1022.54004
1741113365863,1022.5492
1741113365896,1022.5501
1741113365918,1022.54834
1741113365957,1022.55383
1741113365995,1022.5613
1741113366016,1022.55444
1741113366054,1022.5458
1741113366096,1022.54425
1741113366123,1022.5438
1741113366164,1022.5417
1741113366197,1022.54926
1741113366216,1022.5543
1741113366256,1022.54504
1741113366294,1022.5563
1741113366314,1022.54565
1741113366355,1022.54285
1741113366405,1022.54596
1741113366413,1022.5335
1741113366456,1022.53345
1741113366503,1022.53253
1741113366514,1022.5294
1741113366555,1022.53345
1741113366594,1022.5397
1741113366616,1022.53705
1741113366662,1022.5321
1741113366695,1022.5222
1741113366735,1022.53516
1741113366756,1022.53577
1741113366797,1022.53986
1741113366815,1022.54297
1741113366856,1022.5428
1741113366897,1022.53784
1741113366916,1022.53406
1741113366954,1022.52997
1741113367002,1022.52405
1741113367015,1022.52234
1741113367062,1022.52637
1741113367096,1022.5314
1741113367123,1022.5296
1741113367156,1022.532
1741113367195,1022.5315
1741113367219,1022.5355
1741113367255,1022.53595
1741113367301,1022.53296
1741113367314,1022.53284
1741113367356,1022.537
1741113367398,1022.5341
1741113367414,1022.5337
1741113367454,1022.5351
1741113367495,1022.5353
1741113367519,1022.5346
1741113367554,1022.5363
1741113367597,1022.53644
1741113367614,1022.53406
1741113367656,1022.5377
1741113367694,1022.53345
1741113367723,1022.53265
1741113367756,1022.5314
1741113367793,1022.5327
1741113367818,1022.5215
1741113367854,1022.52295
1741113367895,1022.5232
1741113367922,1022.5199
1741113367955,1022.5215
1741113367995,1022.52014
1741113368022,1022.5178
1741113368058,1022.5155
1741113368097,1022.5252
1741113368116,1022.53174
1741113368156,1022.5438
1741113368199,1022.5319
1741113368223,1022.5217
1741113368253,1022.5293
1741113368293,1022.52496
1741113368313,1022.53516
1741113368353,1022.5279
1741113368394,1022.5281
1741113368417,1022.5265
1741113368457,1022.52277
1741113368495,1022.5242
1741113368518,1022.53424
1741113368555,1022.53094
1741113368595,1022.5236
1741113368614,1022.52734
1741113368654,1022.5222
1741113368697,1022.5241
1741113368720,1022.5274
1741113368754,1022.53723
1741113368797,1022.536
1741113368813,1022.53094
1741113368858,1022.537
1741113368894,1022.5314
1741113368923,1022.5236
1741113368954,1022.5285
1741113368993,1022.53625
1741113369014,1022.5344
1741113369054,1022.5351
1741113369095,1022.53503
1741113369114,1022.5277
1741113369154,1022.52826
1741113369200,1022.53613
1741113369213,1022.526
1741113369254,1022.52673
1741113369295,1022.5209
1741113369318,1022.5281
1741113369354,1022.5239
1741113369393,1022.5295
1741113369417,1022.53815
1741113369455,1022.5306
1741113369504,1022.52423
1741113369517,1022.5226
1741113369553,1022.5322
1741113369600,1022.5356
1741113369613,1022.5409
1741113369656,1022.5298
1741113369697,1022.5245
1741113369713,1022.5219
1741113369754,1022.5142
1741113369794,1022.52374
1741113369813,1022.5252
1741113369863,1022.5193
1741113369892,1022.51843
1741113369913,1022.5146
1741113369954,1022.5175
1741113369995,1022.5149
1741113370016,1022.50885
1741113370053,1022.5112
1741113370096,1022.51874
1741113370114,1022.5245
1741113370152,1022.52673
1741113370196,1022.5298
1741113370213,1022.52484
1741113370256,1022.5189
1741113370293,1022.5138
1741113370315,1022.51166
1741113370354,1022.51263
1741113370394,1022.51996
1741113370412,1022.5226
1741113370453,1022.515
1741113370495,1022.5129
1741113370514,1022.5161
1741113370559,1022.5208
1741113370593,1022.5276
1741113370613,1022.5226
1741113370655,1022.52185
1741113370697,1022.51855
1741113370715,1022.5202
1741113370754,1022.51935
1741113370795,1022.5197
1741113370824,1022.5177
1741113370853,1022.51746
1741113370895,1022.52295
1741113370924,1022.536
1741113370954,1022.5332
1741113370994,1022.5281
1741113371014,1022.51666
1741113371053,1022.51807
1741113371095,1022.5214
1741113371113,1022.5226
1741113371153,1022.5226
1741113371195,1022.5173
1741113371216,1022.5057
1741113371258,1022.5092
1741113371293,1022.5061
1741113371315,1022.50525
1741113371353,1022.51294
1741113371394,1022.51404
1741113371414,1022.5125
1741113371456,1022.51996
1741113371492,1022.52356
1741113371513,1022.51843
1741113371552,1022.5138
1741113371596,1022.51086
1741113371613,1022.51715
1741113371653,1022.5169
1741113371691,1022.51807
1741113371713,1022.52094
1741113371754,1022.5328
1741113371800,1022.5316
1741113371812,1022.5182
1741113371852,1022.5282
1741113371893,1022.52686
1741113371914,1022.5226
1741113371952,1022.5202
1741113371994,1022.51434
1741113372018,1022.5137
1741113372053,1022.5192
1741113372092,1022.51654
1741113372112,1022.50665
1741113372158,1022.50934
1741113372193,1022.5123
1741113372212,1022.50476
1741113372252,1022.5112
1741113372294,1022.51324
1741113372312,1022.5106
1741113372352,1022.5204
1741113372395,1022.5214
1741113372411,1022.5239
1741113372451,1022.52527
1741113372492,1022.5214
1741113372513,1022.52246
1741113372558,1022.5204
1741113372591,1022.52124
1741113372612,1022.52185
1741113372656,1022.535
1741113372697,1022.539
1741113372725,1022.5267
1741113372752,1022.5265
1741113372796,1022.5308
1741113372817,1022.5266
1741113372852,1022.53674
1741113372918,1022.53723
1741113372922,1022.5371
1741113372951,1022.5292
1741113372995,1022.52325
1741113373013,1022.53076
1741113373055,1022.5316
1741113373098,1022.53204
1741113373143,1022.5381
1741113373152,1022.53467
1741113373194,1022.5279
1741113373213,1022.52594
1741113373256,1022.5263
1741113373291,1022.52814
1741113373332,1022.5293
1741113373351,1022.5304
1741113373394,1022.52515
1741113373433,1022.5244
1741113373452,1022.52875
1741113373495,1022.52203
1741113373512,1022.5241
1741113373554,1022.5242
1741113373599,1022.5128
1741113373632,1022.5193
1741113373653,1022.51904
1741113373693,1022.52026
1741113373731,1022.52637
1741113373750,1022.5304
1741113373790,1022.5297
1741113373810,1022.5288
1741113373849,1022.5348
1741113373892,1022.5311
1741113373932,1022.5232
1741113373950,1022.52325
1741113373991,1022.52
1741113374033,1022.52155
1741113374052,1022.51855
1741113374090,1022.5187
1741113374115,1022.5205
1741113374152,1022.5211
1741113374191,1022.51764
1741113374237,1022.51776
1741113374250,1022.5137
1741113374292,1022.5107
1741113374333,1022.5255
1741113374353,1022.5211
1741113374391,1022.5098
1741113374431,1022.5134
1741113374452,1022.5172
1741113374491,1022.517
1741113374540,1022.51984
1741113374550,1022.51465
1741113374594,1022.5117
1741113374629,1022.50903
1741113374650,1022.50836
1741113374694,1022.50183
1741113374735,1022.50977
1741113374756,1022.51385
1741113374792,1022.51245
1741113374833,1022.5187
1741113374850,1022.52374
1741113374891,1022.5204
1741113374932,1022.5166
1741113374960,1022.52014
1741113374997,1022.50494
1741113375030,1022.4969
1741113375058,1022.50916
1741113375096,1022.51886
1741113375130,1022.5144
1741113375160,1022.51215
1741113375194,1022.5084
1741113375230,1022.50635
1741113375251,1022.5082
1741113375292,1022.5009
1741113375330,1022.50336
1741113375353,1022.5083
1741113375390,1022.51306
1741113375430,1022.5165
1741113375451,1022.5077
1741113375503,1022.5081
1741113375530,1022.51587
1741113375550,1022.5261
1741113375590,1022.52814
1741113375634,1022.52655
1741113375653,1022.5312
1741113375690,1022.52856
1741113375733,1022.5197
1741113375750,1022.52844
1741113375794,1022.53204
1741113375830,1022.5356
1741113375851,1022.5283
1741113375899,1022.52454
1741113375929,1022.5242
1741113375950,1022.5225
1741113375993,1022.5277
1741113376029,1022.51807
1741113376059,1022.5201
1741113376094,1022.5274
1741113376131,1022.51636
1741113376155,1022.5161
1741113376192,1022.5147
1741113376240,1022.5189
1741113376254,1022.52014
1741113376289,1022.5137
1741113376330,1022.5162
1741113376351,1022.5197
1741113376391,1022.5135
1741113376429,1022.5159
1741113376449,1022.5219
1741113376491,1022.51965
1741113376531,1022.51556
1741113376549,1022.52045
1741113376589,1022.5115
1741113376631,1022.5131
1741113376650,1022.52734
1741113376690,1022.5176
1741113376731,1022.50745
1741113376749,1022.5056
1741113376789,1022.5088
1741113376830,1022.50806
1741113376850,1022.50806
1741113376899,1022.50916
1741113376930,1022.51385
1741113376952,1022.51825
1741113376989,1022.5163
1741113377033,1022.5212
1741113377048,1022.5204
1741113377090,1022.5198
1741113377133,1022.51544
1741113377155,1022.5238
1741113377188,1022.52277
1741113377245,1022.5301
1741113377249,1022.5333
1741113377290,1022.52625
1741113377331,1022.5238
1741113377348,1022.5189
1741113377388,1022.51794
1741113377430,1022.52014
1741113377450,1022.5172
1741113377488,1022.5222
1741113377529,1022.5178
1741113377552,1022.5344
1741113377595,1022.5389
1741113377636,1022.5327
1741113377652,1022.5218
1741113377690,1022.5182
1741113377729,1022.5167
1741113377750,1022.51996
1741113377791,1022.5238
1741113377828,1022.5222
1741113377849,1022.5211
1741113377889,1022.52026
1741113377928,1022.5178
1741113377950,1022.52246
1741113377990,1022.5172
1741113378029,1022.51935
1741113378049,1022.5207
1741113378089,1022.5189
1741113378131,1022.51776
1741113378151,1022.5114
1741113378188,1022.5227
1741113378230,1022.51294
1741113378254,1022.5127
1741113378302,1022.51483
1741113378328,1022.5198
1741113378348,1022.5127
1741113378390,1022.52045
1741113378428,1022.5262
1741113378447,1022.51733
1741113378492,1022.51794
1741113378528,1022.52124
1741113378556,1022.5235
1741113378587,1022.5256
1741113378627,1022.5173
1741113378657,1022.5152
1741113378700,1022.5217
1741113378728,1022.5167
1741113378750,1022.50525
1741113378788,1022.50775
1741113378830,1022.5056
1741113378849,1022.51105
1741113378890,1022.50226
1741113378927,1022.50415
1741113378949,1022.5095
1741113378989,1022.5097
1741113379031,1022.515
1741113379049,1022.5231
1741113379090,1022.52515
1741113379134,1022.529
1741113379147,1022.53046
1741113379189,1022.52673
1741113379228,1022.5139
1741113379250,1022.51514
1741113379288,1022.5097
1741113379328,1022.5125
1741113379348,1022.5149
1741113379388,1022.5165
1741113379442,1022.51306
1741113379447,1022.51196
1741113379487,1022.51636
1741113379528,1022.5185
1741113379549,1022.51953
1741113379593,1022.516
1741113379628,1022.5109
1741113379648,1022.51025
1741113379688,1022.5099
1741113379729,1022.5083
1741113379753,1022.50885
1741113379795,1022.51385
1741113379827,1022.5176
1741113379850,1022.5188
1741113379888,1022.5166
1741113379927,1022.50977
1741113379951,1022.5164
1741113379988,1022.516
1741113380027,1022.5066
1741113380047,1022.5127
1741113380090,1022.50836
1741113380135,1022.5107
1741113380164,1022.5086
1741113380187,1022.5076
1741113380228,1022.51917
1741113380248,1022.52155
1741113380289,1022.5158
1741113380328,1022.5112
1741113380349,1022.5081
1741113380388,1022.50464
1741113380426,1022.5126
1741113380449,1022.5084
1741113380497,1022.5082
1741113380527,1022.5151
1741113380548,1022.50775
1741113380588,1022.506
1741113380638,1022.50604
1741113380647,1022.5064
1741113380687,1022.5106
1741113380727,1022.5073
1741113380747,1022.50226
1741113380789,1022.5045
1741113380828,1022.50574
1741113380849,1022.5101
1741113380887,1022.5113
1741113380927,1022.5057
1741113380952,1022.5088
1741113380987,1022.5043
1741113381026,1022.4987
1741113381046,1022.4989
1741113381094,1022.49963
1741113381134,1022.49963
1741113381147,1022.5045
1741113381187,1022.5153
1741113381227,1022.51556
1741113381248,1022.50604
1741113381286,1022.5044
1741113381327,1022.5162
1741113381348,1022.5167
1741113381389,1022.5066
1741113381427,1022.50037
1741113381449,1022.5052
1741113381486,1022.5094
1741113381526,1022.5259
1741113381548,1022.5246
1741113381585,1022.52155
1741113381628,1022.5177
1741113381658,1022.5165
1741113381686,1022.51624
1741113381726,1022.522
1741113381748,1022.5182
1741113381786,1022.51306
1741113381826,1022.5127
1741113381847,1022.5057
1741113381885,1022.5101
1741113381927,1022.50525
1741113381957,1022.507
1741113381987,1022.5065
1741113382026,1022.5066
1741113382047,1022.5023
1741113382086,1022.5088
1741113382128,1022.5175
1741113382146,1022.5132
1741113382190,1022.5126
1741113382226,1022.5056
1741113382247,1022.51355
1741113382295,1022.515
1741113382326,1022.5176
1741113382349,1022.51416
1741113382386,1022.5205
1741113382426,1022.52466
1741113382446,1022.5176
1741113382485,1022.5235
1741113382526,1022.525
1741113382548,1022.53296
1741113382589,1022.5356
1741113382627,1022.53394
1741113382648,1022.5282
1741113382685,1022.5181
1741113382726,1022.5159
1741113382747,1022.51715
1741113382785,1022.52
1741113382828,1022.51953
1741113382846,1022.52094
1741113382884,1022.5187
1741113382925,1022.5225
1741113382946,1022.5249
1741113382989,1022.52734
1741113383040,1022.5206
1741113383045,1022.5251
1741113383087,1022.52454
1741113383124,1022.52454
1741113383147,1022.5238
1741113383184,1022.5347
1741113383226,1022.5376
1741113383246,1022.52936
1741113383285,1022.5237
1741113383327,1022.5237
1741113383347,1022.51776
1741113383386,1022.5149
1741113383429,1022.5182
1741113383447,1022.5253
1741113383503,1022.52795
1741113383527,1022.5254
1741113383545,1022.5185
1741113383588,1022.5089
1741113383627,1022.5165
1741113383647,1022.50995
1741113383687,1022.5148
1741113383725,1022.51306
1741113383745,1022.5216
1741113383784,1022.5199
1741113383825,1022.51196
1741113383853,1022.5124
1741113383885,1022.50415
1741113383924,1022.50934
1741113383946,1022.5126
1741113383985,1022.5115
1741113384025,1022.51654
1741113384045,1022.5249
1741113384084,1022.51685
1741113384126,1022.51794
1741113384146,1022.5167
1741113384185,1022.5183
1741113384224,1022.5144
1741113384246,1022.51935
1741113384305,1022.52
1741113384324,1022.51227
1741113384345,1022.5111
1741113384385,1022.52106
1741113384427,1022.51917
1741113384463,1022.52014
1741113384484,1022.51355
1741113384527,1022.51666
1741113384548,1022.5197
1741113384587,1022.52106
1741113384627,1022.5179
1741113384648,1022.5134
1741113384684,1022.51306
1741113384726,1022.51337
1741113384750,1022.5232
1741113384785,1022.5233
1741113384839,1022.53186
1741113384844,1022.53253
1741113384886,1022.5272
1741113384930,1022.52356
1741113384945,1022.5237
1741113384985,1022.5268
1741113385026,1022.5248
1741113385045,1022.50183
1741113385086,1022.50745
1741113385124,1022.5085
1741113385145,1022.5149
1741113385198,1022.51776
1741113385224,1022.51715
1741113385249,1022.5228
1741113385285,1022.5205
1741113385326,1022.52747
1741113385345,1022.53204
1741113385385,1022.5245
1741113385427,1022.5245
1741113385445,1022.52386
1741113385484,1022.5239
1741113385528,1022.51544
1741113385547,1022.5172
1741113385583,1022.51697
1741113385625,1022.52637
1741113385646,1022.5227
1741113385702,1022.5225
1741113385725,1022.5297
1741113385746,1022.52893
1741113385784,1022.53284
1741113385824,1022.5285
1741113385846,1022.53107
1741113385885,1022.5267
1741113385925,1022.5256
1741113385946,1022.5171
1741113385984,1022.52637
1741113386025,1022.52686
1741113386044,1022.52515
1741113386086,1022.525
1741113386127,1022.53503
1741113386146,1022.55383
1741113386183,1022.54895
1741113386224,1022.54736
1741113386253,1022.5453
1741113386284,1022.54663
1741113386326,1022.54846
1741113386355,1022.55023
1741113386385,1022.5489
1741113386424,1022.5456
1741113386444,1022.5537
1741113386484,1022.5541
1741113386530,1022.5621
1741113386549,1022.57764
1741113386585,1022.574
1741113386629,1022.5659
1741113386643,1022.57117
1741113386684,1022.5696
1741113386724,1022.5584
1741113386744,1022.56384
1741113386784,1022.57056
1741113386827,1022.5786
1741113386847,1022.5829
1741113386884,1022.5869
1741113386925,1022.5885
1741113386945,1022.5915
1741113386987,1022.59845
1741113387043,1022.60114
1741113387043,1022.5978
1741113387086,1022.59717
1741113387129,1022.59875
1741113387146,1022.59064
1741113387184,1022.5935
1741113387229,1022.5945
1741113387248,1022.59424
1741113387295,1022.6002
1741113387326,1022.6077
1741113387348,1022.6095
1741113387385,1022.6091
1741113387424,1022.613
1741113387443,1022.6128
1741113387484,1022.6237
1741113387524,1022.6215
1741113387544,1022.6187
1741113387587,1022.61694
1741113387623,1022.62354
1741113387645,1022.6245
1741113387684,1022.61774
1741113387723,1022.6175
1741113387743,1022.6322
1741113387783,1022.6256
1741113387825,1022.62573
1741113387844,1022.62476
1741113387885,1022.62134
1741113387924,1022.62634
1741113387942,1022.62964
1741113387993,1022.6234
1741113388023,1022.63
1741113388043,1022.63385
1741113388085,1022.63293
1741113388134,1022.6328
1741113388144,1022.63196
1741113388185,1022.6335
1741113388223,1022.63556
1741113388243,1022.63635
1741113388283,1022.6378
1741113388324,1022.6318
1741113388345,1022.6318
1741113388387,1022.6251
1741113388424,1022.62384
1741113388445,1022.62366
1741113388486,1022.6139
1741113388522,1022.6201
1741113388545,1022.63446
1741113388588,1022.6345
1741113388626,1022.6283
1741113388644,1022.62555
1741113388686,1022.6245
1741113388725,1022.6252
1741113388746,1022.62256
1741113388784,1022.631
1741113388825,1022.63556
1741113388843,1022.63916
1741113388885,1022.63666
1741113388924,1022.63324
1741113388942,1022.63086
1741113388985,1022.63477
1741113389023,1022.6387
1741113389044,1022.63153
1741113389084,1022.6309
1741113389123,1022.6302
1741113389143,1022.6389
1741113389185,1022.63855
1741113389222,1022.6372
1741113389243,1022.63086
1741113389282,1022.62787
1741113389324,1022.6306
1741113389342,1022.627
1741113389388,1022.6261
1741113389429,1022.6308
1741113389445,1022.6322
1741113389483,1022.6281
1741113389524,1022.62384
1741113389542,1022.62177
1741113389583,1022.6292
1741113389629,1022.63586
1741113389645,1022.6418
1741113389686,1022.6378
1741113389724,1022.632
1741113389742,1022.6244
1741113389785,1022.622
1741113389830,1022.61896
1741113389843,1022.6254
1741113389883,1022.6299
1741113389927,1022.635
1741113389942,1022.63544
1741113389986,1022.63403
1741113390024,1022.6282
1741113390044,1022.63635
1741113390084,1022.641
1741113390124,1022.64014
1741113390145,1022.6319
1741113390185,1022.6385
1741113390221,1022.6409
1741113390245,1022.6465
1741113390303,1022.6481
1741113390320,1022.65454
1741113390342,1022.658
1741113390383,1022.6645
1741113390424,1022.6693
1741113390452,1022.6723
1741113390481,1022.6669
1741113390526,1022.6716
1741113390543,1022.6647
1741113390583,1022.66345
1741113390628,1022.6632
1741113390648,1022.6712
1741113390684,1022.6678
1741113390727,1022.6664
1741113390745,1022.67194
1741113390783,1022.6654
1741113390823,1022.66815
1741113390845,1022.67645
1741113390882,1022.66876
1741113390921,1022.6593
1741113390947,1022.661
1741113390998,1022.66516
1741113391020,1022.6631
1741113391045,1022.6719
1741113391089,1022.6697
1741113391123,1022.6741
1741113391142,1022.66864
1741113391182,1022.6614
1741113391220,1022.66
1741113391240,1022.6582
1741113391280,1022.65295
1741113391324,1022.6587
1741113391342,1022.6618
1741113391380,1022.65845
1741113391423,1022.6503
1741113391443,1022.64453
1741113391483,1022.63837
1741113391523,1022.6369
1741113391543,1022.64136
1741113391582,1022.6524
1741113391624,1022.6481
1741113391646,1022.6516
1741113391684,1022.65735
1741113391723,1022.6552
1741113391742,1022.65045
1741113391781,1022.65497
1741113391820,1022.655
1741113391845,1022.6392
1741113391880,1022.6354
1741113391923,1022.6439
1741113391943,1022.6392
1741113391981,1022.64105
1741113392025,1022.6378
1741113392042,1022.6306
1741113392082,1022.62646
1741113392122,1022.62476
1741113392150,1022.6182
1741113392180,1022.61554
1741113392225,1022.6227
1741113392242,1022.6195
1741113392280,1022.62067
1741113392322,1022.617
1741113392340,1022.61487
1741113392382,1022.60284
1741113392419,1022.60876
1741113392442,1022.6034
1741113392484,1022.6057
1741113392536,1022.6114
1741113392545,1022.6014
1741113392581,1022.60394
1741113392622,1022.59735
1741113392640,1022.58875
1741113392687,1022.59265
1741113392720,1022.60114
1741113392742,1022.5947
1741113392782,1022.5974
1741113392823,1022.5945
1741113392842,1022.58514
1741113392885,1022.5853
1741113392924,1022.5907
1741113392954,1022.5953
1741113392980,1022.59186
1741113393022,1022.59106
1741113393042,1022.591
1741113393083,1022.58887
1741113393121,1022.5764
1741113393145,1022.5818
1741113393181,1022.5862
1741113393220,1022.5856
1741113393241,1022.5871
1741113393282,1022.59296
1741113393321,1022.59033
1741113393344,1022.57666
1741113393381,1022.5696
1741113393422,1022.5729
1741113393440,1022.56244
1741113393481,1022.5643
1741113393519,1022.5675
1741113393540,1022.55994
1741113393589,1022.55646
1741113393619,1022.56616
1741113393640,1022.5648
1741113393679,1022.5591
1741113393722,1022.5614
1741113393739,1022.5622
1741113393780,1022.56085
1741113393824,1022.5603
1741113393838,1022.56256
1741113393879,1022.5586
1741113393923,1022.55786
1741113393939,1022.55035
1741113393980,1022.55066
1741113394020,1022.55725
1741113394042,1022.5553
1741113394079,1022.54724
1741113394122,1022.5409
1741113394141,1022.54297
1741113394195,1022.5384
1741113394222,1022.53595
1741113394240,1022.531
1741113394279,1022.5343
1741113394320,1022.5392
1741113394347,1022.53467
1741113394378,1022.5459
1741113394421,1022.5469
1741113394440,1022.5476
1741113394479,1022.53796
1741113394519,1022.5376
1741113394540,1022.5441
1741113394589,1022.54517
1741113394618,1022.5433
1741113394639,1022.5415
1741113394679,1022.52344
1741113394721,1022.5228
1741113394740,1022.5188
1741113394779,1022.5294
1741113394822,1022.5384
1741113394839,1022.5288
1741113394884,1022.5316
1741113394920,1022.5169
1741113394961,1022.52124
1741113394983,1022.53235
1741113395020,1022.5294
1741113395061,1022.5276
1741113395104,1022.5254
1741113395118,1022.5259
1741113395160,1022.52344
1741113395183,1022.5283
1741113395219,1022.5262
1741113395259,1022.5271
1741113395280,1022.5248
1741113395320,1022.5204
1741113395359,1022.5193
1741113395390,1022.51654
1741113395418,1022.52155
1741113395460,1022.5195
1741113395479,1022.5127
1741113395518,1022.51764
1741113395561,1022.5178
1741113395582,1022.51855
1741113395623,1022.5242
1741113395663,1022.5149
1741113395679,1022.5156
1741113395719,1022.5151
1741113395741,1022.5161
1741113395779,1022.5055
1741113395823,1022.5067
1741113395863,1022.51025
1741113395878,1022.50757
1741113395923,1022.5104
1741113395957,1022.50525
1741113395982,1022.5143
1741113396023,1022.5188
1741113396038,1022.51416
1741113396082,1022.506
1741113396120,1022.4979
1741113396168,1022.4932
1741113396183,1022.5
1741113396218,1022.507
1741113396258,1022.5111
1741113396278,1022.5003
1741113396319,1022.4988
1741113396364,1022.4988
1741113396378,1022.505
1741113396420,1022.5066
1741113396459,1022.5095
1741113396479,1022.50604
1741113396522,1022.51434
1741113396558,1022.50415
1741113396579,1022.5124
1741113396623,1022.5138
1741113396657,1022.52075
1741113396678,1022.5204
1741113396717,1022.5143
1741113396759,1022.5089
1741113396782,1022.5043
1741113396819,1022.50555
1741113396859,1022.51056
1741113396878,1022.508
1741113396922,1022.5049
1741113396959,1022.501
1741113396981,1022.4928
1741113397019,1022.49524
1741113397059,1022.49554
1741113397079,1022.50214
1741113397120,1022.50104
1741113397157,1022.5036
1741113397179,1022.5051
1741113397223,1022.51587
1741113397258,1022.5205
1741113397278,1022.51135
1741113397318,1022.51154
1741113397359,1022.5016
1741113397380,1022.50183
1741113397419,1022.49884
1741113397458,1022.4906
1741113397480,1022.4932
1741113397518,1022.4933
1741113397557,1022.4889
1741113397577,1022.49097
1741113397617,1022.49677
1741113397659,1022.4942
1741113397676,1022.5077
1741113397720,1022.5072
1741113397758,1022.50745
1741113397782,1022.50684
1741113397823,1022.5105
1741113397857,1022.50574
1741113397878,1022.50037
1741113397918,1022.4932
1741113397961,1022.48395
1741113397980,1022.4823
1741113398018,1022.48785
1741113398062,1022.4975
1741113398077,1022.5011
1741113398118,1022.5
1741113398163,1022.5043
1741113398176,1022.5062
1741113398217,1022.5022
1741113398259,1022.49646
1741113398278,1022.4907
1741113398318,1022.4902
1741113398356,1022.4805
1741113398377,1022.4817
1741113398422,1022.4868
1741113398457,1022.48596
1741113398478,1022.4857
1741113398520,1022.4842
1741113398564,1022.49304
1741113398577,1022.4989
1741113398618,1022.49524
1741113398660,1022.49164
1741113398679,1022.4863
1741113398722,1022.4831
1741113398757,1022.4918
1741113398787,1022.49194
1741113398817,1022.49243
1741113398859,1022.4939
1741113398878,1022.4976
1741113398922,1022.4953
1741113398956,1022.4849
1741113398981,1022.4848
1741113399017,1022.4885
1741113399059,1022.49146
1741113399079,1022.48926
1741113399128,1022.4925
1741113399157,1022.49786
1741113399177,1022.48975
1741113399242,1022.4939
1741113399256,1022.4944
1741113399278,1022.5001
1741113399318,1022.5048
1741113399357,1022.49976
1741113399380,1022.49915
1741113399418,1022.4999
1741113399461,1022.49945
1741113399476,1022.4915
1741113399517,1022.4999
1741113399555,1022.49774
1741113399576,1022.49304
1741113399616,1022.4942
1741113399656,1022.49963
1741113399679,1022.49384
1741113399717,1022.49164
1741113399756,1022.49554
1741113399780,1022.48773
1741113399827,1022.4822
1741113399857,1022.48364
1741113399880,1022.4823
1741113399919,1022.4879
1741113399955,1022.48645
1741113399976,1022.49054
1741113400023,1022.4962
1741113400063,1022.4995
1741113400076,1022.5042
1741113400116,1022.4994
1741113400163,1022.50195
1741113400177,1022.4971
1741113400217,1022.49915
1741113400258,1022.5021
1741113400275,1022.4864
1741113400317,1022.48486
1741113400356,1022.48694
1741113400379,1022.4971
1741113400416,1022.50085
1741113400457,1022.4923
1741113400478,1022.49304
1741113400517,1022.49316
1741113400556,1022.50305
1741113400575,1022.5
1741113400621,1022.49994
1741113400663,1022.496
1741113400676,1022.4909
1741113400718,1022.49286
1741113400754,1022.4931
1741113400776,1022.4887
1741113400817,1022.4846
1741113400858,1022.48883
1741113400876,1022.4906
1741113400920,1022.48444
1741113400957,1022.48425
1741113400976,1022.4836
1741113401019,1022.48694
1741113401056,1022.49255
1741113401078,1022.4918
1741113401116,1022.48944
1741113401155,1022.4895
1741113401175,1022.49316
1741113401216,1022.4931
1741113401255,1022.49524
1741113401274,1022.4853
1741113401316,1022.4795
1741113401357,1022.48096
1741113401379,1022.4861
1741113401419,1022.49396
1741113401457,1022.49457
1741113401483,1022.4868
1741113401515,1022.48486
1741113401572,1022.48584
1741113401580,1022.4794
1741113401615,1022.47864
1741113401657,1022.48224
1741113401679,1022.48224
1741113401716,1022.4851
1741113401757,1022.4811
1741113401789,1022.4843
1741113401814,1022.47925
1741113401858,1022.4798
1741113401875,1022.47833
1741113401943,1022.4734
1741113401954,1022.4664
1741113401975,1022.4721
1741113402016,1022.4786
1741113402061,1022.4854
1741113402075,1022.49316
1741113402116,1022.49335
1741113402158,1022.4816
1741113402177,1022.4836
1741113402217,1022.48944
1741113402265,1022.4812
1741113402275,1022.482
1741113402317,1022.4896
1741113402362,1022.48334
1741113402374,1022.4779
1741113402416,1022.48596
1741113402457,1022.4804
1741113402476,1022.4796
1741113402516,1022.4727
1741113402564,1022.48047
1741113402576,1022.479
1741113402623,1022.4888
1741113402657,1022.4851
1741113402679,1022.4907
1741113402722,1022.4967
1741113402758,1022.4889
1741113402776,1022.49475
1741113402819,1022.49817
1741113402856,1022.496
1741113402876,1022.4841
1741113402914,1022.4787
1741113402957,1022.4788
1741113402975,1022.4911
1741113403023,1022.4935
1741113403056,1022.48206
1741113403077,1022.47754
1741113403116,1022.48083
1741113403155,1022.479
1741113403173,1022.4795
1741113403215,1022.4794
1741113403258,1022.47876
1741113403274,1022.48425
1741113403315,1022.4879
1741113403356,1022.4889
1741113403382,1022.49835
1741113403423,1022.4911
1741113403454,1022.4879
1741113403475,1022.4791
1741113403514,1022.4842
1741113403555,1022.4811
1741113403577,1022.47955
1741113403617,1022.48315
1741113403654,1022.49005
1741113403676,1022.49164
1741113403718,1022.4835
1741113403755,1022.48425
1741113403778,1022.4857
1741113403814,1022.49243
1741113403853,1022.49554
1741113403875,1022.49084
1741113403923,1022.4959
1741113403955,1022.4936
1741113403973,1022.49817
1741113404015,1022.4923
1741113404053,1022.4883
1741113404074,1022.48926
1741113404115,1022.4883
1741113404154,1022.4821
1741113404183,1022.48724
1741113404217,1022.49097
1741113404254,1022.48627
1741113404274,1022.4815
1741113404323,1022.48785
1741113404354,1022.4905
1741113404374,1022.4917
1741113404417,1022.49536
1741113404453,1022.49426
1741113404473,1022.48804
1741113404515,1022.4824
1741113404556,1022.4855
1741113404576,1022.49
1741113404615,1022.496
1741113404658,1022.5017
1741113404674,1022.4949
1741113404715,1022.4834
1741113404755,1022.488
1741113404773,1022.48834
1741113404814,1022.48334
1741113404853,1022.4864
1741113404873,1022.4921
1741113404916,1022.5009
1741113404952,1022.5001
1741113404974,1022.489
1741113405016,1022.49835
1741113405053,1022.49774
1741113405074,1022.49023
1741113405116,1022.49164
1741113405156,1022.4888
1741113405177,1022.4928
1741113405214,1022.49304
1741113405257,1022.4832
1741113405273,1022.4774
1741113405314,1022.4862
1741113405353,1022.48755
1741113405375,1022.48804
1741113405417,1022.4821
1741113405453,1022.49304
1741113405475,1022.49084
1741113405515,1022.4912
1741113405562,1022.4872
1741113405573,1022.48987
1741113405618,1022.4866
1741113405655,1022.4913
1741113405676,1022.49365
1741113405714,1022.49036
1741113405754,1022.4837
1741113405779,1022.4894
1741113405814,1022.4874
1741113405857,1022.4849
1741113405875,1022.48535
1741113405918,1022.4896
1741113405954,1022.4946
1741113405974,1022.4879
1741113406024,1022.48816
1741113406054,1022.4939
1741113406075,1022.49554
1741113406114,1022.4968
1741113406154,1022.5005
1741113406187,1022.50024
1741113406218,1022.5044
1741113406255,1022.4966
1741113406272,1022.49536
1741113406315,1022.49084
1741113406354,1022.49493
1741113406374,1022.49255
1741113406414,1022.4912
1741113406482,1022.5017
1741113406482,1022.498
1741113406512,1022.498
1741113406553,1022.4916
1741113406580,1022.49097
1741113406624,1022.4938
1741113406655,1022.49414
1741113406672,1022.49664
1741113406714,1022.49664
1741113406755,1022.49146
1741113406784,1022.4876
1741113406813,1022.48816
1741113406858,1022.4922
1741113406874,1022.4933
1741113406912,1022.4874
1741113406954,1022.4945
1741113406976,1022.49585
1741113407014,1022.48834
1741113407062,1022.492
1741113407082,1022.4992
1741113407115,1022.4916
1741113407153,1022.4929
1741113407173,1022.4929
1741113407216,1022.4947
1741113407254,1022.4948
1741113407271,1022.4931
1741113407315,1022.49005
1741113407364,1022.4895
1741113407375,1022.48267
1741113407416,1022.4853
1741113407453,1022.4929
1741113407481,1022.49176
1741113407514,1022.50464
1741113407553,1022.4989
1741113407575,1022.50183
1741113407615,1022.50964
1741113407652,1022.5017
1741113407672,1022.49457
1741113407713,1022.501
1741113407754,1022.50616
1741113407776,1022.5021
1741113407822,1022.49146
1741113407853,1022.48663
1741113407875,1022.4887
1741113407912,1022.4948
1741113407953,1022.5029
1741113407972,1022.49786
1741113408013,1022.5011
1741113408057,1022.5032
1741113408075,1022.5052
1741113408112,1022.5032
1741113408153,1022.5064
1741113408173,1022.49963
1741113408215,1022.4954
1741113408257,1022.4945
1741113408278,1022.4916
1741113408319,1022.49915
1741113408352,1022.5044
1741113408375,1022.50037
1741113408413,1022.49786
1741113408452,1022.48834
1741113408471,1022.49084
1741113408514,1022.4907
1741113408552,1022.484
1741113408576,1022.4887
1741113408613,1022.504
1741113408653,1022.5049
1741113408672,1022.4995
1741113408712,1022.4972
1741113408753,1022.49194
1741113408782,1022.4873
1741113408812,1022.48737
1741113408859,1022.48083
1741113408872,1022.47534
1741113408923,1022.4823
1741113408951,1022.48724
1741113408973,1022.49023
1741113409011,1022.4875
1741113409052,1022.4881
1741113409072,1022.4849
1741113409111,1022.4868
1741113409152,1022.48346
1741113409173,1022.4937
1741113409213,1022.5
1741113409251,1022.4962
1741113409273,1022.49426
1741113409315,1022.49304
1741113409355,1022.493
1741113409372,1022.48596
1741113409413,1022.4705
1741113409453,1022.4711
1741113409474,1022.47504
1741113409514,1022.47473
1741113409562,1022.4776
1741113409571,1022.4828
1741113409613,1022.49036
1741113409652,1022.4889
1741113409673,1022.4867
1741113409717,1022.4811
1741113409750,1022.48096
1741113409772,1022.48444
1741113409810,1022.48254
1741113409852,1022.48157
1741113409873,1022.4782
1741113409924,1022.4758
1741113409951,1022.47437
1741113409973,1022.4695
1741113410015,1022.4708
1741113410051,1022.478
1741113410072,1022.4777
1741113410110,1022.4783
1741113410150,1022.4791
1741113410172,1022.48944
1741113410211,1022.4866
1741113410251,1022.4822
1741113410272,1022.47687
1741113410311,1022.4719
1741113410350,1022.4681
1741113410371,1022.47015
1741113410413,1022.48755
1741113410451,1022.491
1741113410472,1022.4802
1741113410516,1022.4814
1741113410554,1022.4901
1741113410583,1022.48706
1741113410613,1022.48145
1741113410655,1022.48456
1741113410673,1022.4856
1741113410711,1022.4792
1741113410751,1022.4802
1741113410782,1022.4835
1741113410825,1022.4846
1741113410852,1022.47675
1741113410871,1022.481
1741113410911,1022.4851
1741113410951,1022.4979
1741113410972,1022.49915
1741113411012,1022.50415
1741113411049,1022.4961
1741113411069,1022.48474
1741113411110,1022.4795
1741113411154,1022.4759
1741113411170,1022.4786
1741113411211,1022.4778
1741113411251,1022.4757
1741113411270,1022.4794
1741113411310,1022.4897
1741113411351,1022.4908
1741113411377,1022.4896
1741113411410,1022.4889
1741113411450,1022.49384
1741113411471,1022.4929
1741113411510,1022.4884
1741113411552,1022.48645
1741113411574,1022.48016
1741113411609,1022.48755
1741113411649,1022.4813
1741113411670,1022.4799
1741113411711,1022.4711
1741113411752,1022.47675
1741113411769,1022.47815
1741113411809,1022.47656
1741113411852,1022.4763
1741113411868,1022.48193
1741113411910,1022.4805
1741113411949,1022.48505
1741113411969,1022.4878
1741113412011,1022.4799
1741113412053,1022.4833
1741113412073,1022.4755
1741113412122,1022.4753
1741113412148,1022.48083
1741113412170,1022.4718
1741113412212,1022.48413
1741113412249,1022.476
1741113412271,1022.48157
1741113412322,1022.48584
1741113412349,1022.4831
1741113412372,1022.485
1741113412410,1022.49365
1741113412450,1022.491
1741113412469,1022.49396
1741113412523,1022.4823
1741113412549,1022.4756
1741113412573,1022.48334
1741113412614,1022.48517
1741113412652,1022.4859
1741113412674,1022.48517
1741113412709,1022.48553
1741113412751,1022.4754
1741113412772,1022.46906
1741113412810,1022.4597
1741113412866,1022.4751
1741113412871,1022.4679
1741113412910,1022.4614
1741113412955,1022.4654
1741113412970,1022.46405
1741113413015,1022.47284
1741113413053,1022.47266
1741113413074,1022.4682
1741113413108,1022.47705
1741113413150,1022.47736
1741113413170,1022.4659
1741113413210,1022.46375
1741113413249,1022.47144
1741113413269,1022.4742
1741113413311,1022.4765
1741113413348,1022.46924
1741113413370,1022.4668
1741113413413,1022.4597
1741113413452,1022.46075
1741113413475,1022.46783
1741113413509,1022.47046
1741113413548,1022.47394
1741113413579,1022.4746
1741113413617,1022.4685
1741113413648,1022.47
1741113413669,1022.46704
1741113413713,1022.4701
1741113413748,1022.46826
1741113413769,1022.47296
1741113413808,1022.4776
1741113413850,1022.47845
1741113413872,1022.4761
1741113413919,1022.4747
1741113413948,1022.47235
1741113413969,1022.47107
1741113414013,1022.4669
1741113414052,1022.46313
1741113414070,1022.4634
1741113414114,1022.46484
1741113414148,1022.4616
1741113414171,1022.4676
1741113414209,1022.4767
1741113414249,1022.47174
1741113414269,1022.4696
1741113414308,1022.48096
1741113414350,1022.4908
1741113414371,1022.4825
1741113414408,1022.47754
1741113414451,1022.47754
1741113414470,1022.4838
1741113414509,1022.4796
1741113414553,1022.47614
1741113414568,1022.47766
1741113414608,1022.4787
1741113414648,1022.4796
1741113414668,1022.4791
1741113414709,1022.4847
1741113414751,1022.489
1741113414769,1022.4899
1741113414807,1022.48926
1741113414849,1022.4848
1741113414869,1022.47296
1741113414909,1022.4775
1741113414947,1022.48016
1741113414969,1022.4818
1741113415010,1022.479
1741113415054,1022.4874
1741113415068,1022.4833
1741113415107,1022.47833
1741113415149,1022.49194
1741113415183,1022.4891
1741113415208,1022.4923
1741113415249,1022.49274
1741113415268,1022.4889
1741113415318,1022.49036
1741113415349,1022.4872
1741113415371,1022.4834
1741113415414,1022.48724
1741113415447,1022.4852
1741113415467,1022.4822
1741113415513,1022.4805
1741113415547,1022.4749
1741113415569,1022.48303
1741113415615,1022.4787
1741113415649,1022.48505
1741113415669,1022.48267
1741113415709,1022.4813
1741113415747,1022.48865
1741113415768,1022.48975
1741113415808,1022.4918
1741113415851,1022.48486
1741113415872,1022.48315
1741113415907,1022.48737
1741113415949,1022.4822
1741113415967,1022.48
1741113416008,1022.48206
1741113416052,1022.4781
1741113416068,1022.4814
1741113416109,1022.4837
1741113416147,1022.4869
1741113416168,1022.48267
1741113416209,1022.4802
1741113416248,1022.4872
1741113416267,1022.49585
1741113416309,1022.496
1741113416347,1022.49493
1741113416368,1022.5
1741113416417,1022.4964
1741113416447,1022.49097
1741113416467,1022.4934
1741113416518,1022.49695
1741113416548,1022.4912
1741113416577,1022.4895
1741113416608,1022.4951
1741113416648,1022.4922
1741113416674,1022.50195
1741113416718,1022.5043
1741113416746,1022.5001
1741113416789,1022.4868
1741113416809,1022.4847
1741113416849,1022.4913
1741113416886,1022.4878
1741113416907,1022.48126
1741113416957,1022.482
1741113416987,1022.4873
1741113417014,1022.4779
1741113417047,1022.4884
1741113417091,1022.4997
1741113417115,1022.491
1741113417147,1022.4895
1741113417188,1022.49634
1741113417209,1022.49536
1741113417249,1022.5024
1741113417286,1022.49023
1741113417308,1022.4965
1741113417349,1022.49457
1741113417387,1022.486
1741113417408,1022.4784
1741113417449,1022.4823
1741113417487,1022.49457
1741113417519,1022.48914
1741113417547,1022.4908
1741113417587,1022.4902
1741113417607,1022.48975
1741113417648,1022.50073
1741113417687,1022.4959
1741113417709,1022.5022
1741113417747,1022.5037
1741113417788,1022.4946
1741113417806,1022.4972
1741113417851,1022.49866
1741113417887,1022.4986
1741113417908,1022.4993
1741113417949,1022.49884
1741113417987,1022.50385
1741113418007,1022.5017
1741113418046,1022.49963
1741113418087,1022.50555
1741113418114,1022.4982
1741113418146,1022.4963
1741113418189,1022.4915
1741113418205,1022.49854
1741113418246,1022.50214
1741113418286,1022.4912
1741113418306,1022.4987
1741113418346,1022.49615
1741113418387,1022.50146
1741113418410,1022.4978
1741113418446,1022.50085
1741113418497,1022.50323
1741113418506,1022.49963
1741113418549,1022.49664
1741113418586,1022.5018
1741113418607,1022.5028
1741113418647,1022.4996
1741113418688,1022.5062
1741113418708,1022.49664
1741113418748,1022.4946
1741113418793,1022.49286
1741113418807,1022.4992
1741113418846,1022.49646
1741113418890,1022.4946
1741113418906,1022.4953
1741113418946,1022.4982
1741113418988,1022.5051
1741113419010,1022.4965
1741113419053,1022.48865
1741113419085,1022.4992
1741113419107,1022.4854
1741113419146,1022.4895
1741113419186,1022.4876
1741113419208,1022.49316
1741113419247,1022.48926
1741113419286,1022.4898
1741113419305,1022.493
1741113419348,1022.49646
1741113419387,1022.5121
1741113419416,1022.5015
1741113419445,1022.50055
1741113419487,1022.50165
1741113419506,1022.49994
1741113419546,1022.49554
1741113419588,1022.49243
1741113419606,1022.49133
1741113419646,1022.498
1741113419688,1022.49817
1741113419709,1022.5022
1741113419746,1022.50275
1741113419786,1022.50116
1741113419822,1022.50696
1741113419844,1022.5036
1741113419887,1022.4987
1741113419904,1022.5029
1741113419945,1022.4972
1741113419995,1022.4965
1741113420005,1022.48865
1741113420045,1022.49133
1741113420085,1022.48553
1741113420105,1022.4926
1741113420146,1022.4998
1741113420187,1022.4952
1741113420216,1022.4951
1741113420254,1022.50116
1741113420287,1022.5017
1741113420309,1022.5086
1741113420346,1022.49915
1741113420385,1022.4945
1741113420404,1022.4944
1741113420446,1022.49567
1741113420493,1022.49927
1741113420505,1022.49585
1741113420546,1022.50397
1741113420585,1022.50867
1741113420605,1022.5023
1741113420650,1022.4996
1741113420686,1022.5064
1741113420708,1022.50806
1741113420744,1022.50507
1741113420787,1022.4943
1741113420806,1022.4967
1741113420846,1022.50256
1741113420884,1022.507
1741113420905,1022.50745
1741113420948,1022.49835
1741113420984,1022.50085
1741113421006,1022.49524
1741113421045,1022.4955
1741113421089,1022.49133
1741113421107,1022.4846
1741113421147,1022.48315
1741113421184,1022.49207
1741113421205,1022.48175
1741113421250,1022.484
1741113421284,1022.49304
1741113421305,1022.49805
1741113421345,1022.49854
1741113421387,1022.4983
1741113421405,1022.49524
1741113421447,1022.5036
1741113421484,1022.4949
1741113421509,1022.4895
1741113421545,1022.4889
1741113421584,1022.48315
1741113421609,1022.48865
1741113421646,1022.49316
1741113421684,1022.4908
1741113421704,1022.4897
1741113421746,1022.48395
1741113421824,1022.48724
1741113421824,1022.49146
1741113421844,1022.49603
1741113421887,1022.501
1741113421904,1022.4989
1741113421945,1022.4945
1741113421988,1022.49255
1741113422005,1022.4947
1741113422046,1022.49194
1741113422085,1022.4927
1741113422105,1022.4881
1741113422146,1022.4942
1741113422185,1022.4993
1741113422205,1022.4998
1741113422244,1022.49664
1741113422287,1022.499
1741113422304,1022.4899
1741113422344,1022.4923
1741113422387,1022.48645
1741113422409,1022.491
1741113422445,1022.485
1741113422494,1022.4806
1741113422505,1022.4834
1741113422545,1022.4893
1741113422585,1022.4943
1741113422604,1022.48883
1741113422645,1022.4799
1741113422684,1022.4798
1741113422704,1022.4879
1741113422743,1022.4897
1741113422786,1022.4867
1741113422804,1022.48663
1741113422852,1022.4947
1741113422885,1022.50226
1741113422905,1022.49805
1741113422948,1022.4971
1741113422983,1022.49066
1741113423004,1022.4952
1741113423043,1022.48846
1741113423090,1022.48413
1741113423104,1022.4836
1741113423144,1022.4848
1741113423185,1022.48676
1741113423205,1022.48444
1741113423253,1022.49384
1741113423283,1022.48834
1741113423304,1022.488
1741113423346,1022.4937
1741113423384,1022.4894
1741113423406,1022.4889
1741113423448,1022.48987
1741113423486,1022.4857
1741113423504,1022.4772
1741113423548,1022.4799
1741113423583,1022.4777
1741113423605,1022.4833
1741113423648,1022.4836
1741113423685,1022.4823
1741113423703,1022.475
1741113423744,1022.47864
1741113423783,1022.48566
1741113423805,1022.4872
1741113423848,1022.48706
1741113423885,1022.48645
1741113423903,1022.49115
1741113423955,1022.49243
1741113423989,1022.5015
1741113424007,1022.4988
1741113424063,1022.49493
1741113424083,1022.4941
1741113424103,1022.49164
1741113424143,1022.4888
1741113424190,1022.501
1741113424205,1022.49744
1741113424244,1022.49347
1741113424285,1022.49426
1741113424304,1022.493
1741113424344,1022.49457
1741113424385,1022.48224
1741113424404,1022.48206
1741113424446,1022.49567
1741113424483,1022.503
1741113424504,1022.5079
1741113424543,1022.5126
1741113424585,1022.5223
1741113424604,1022.5183
1741113424649,1022.51416
1741113424682,1022.505
1741113424704,1022.5028
1741113424744,1022.5072
1741113424785,1022.5099
1741113424804,1022.5018
1741113424844,1022.4956
1741113424884,1022.49725
1741113424901,1022.49316
1741113424942,1022.501
1741113424985,1022.50665
1741113425004,1022.5103
1741113425044,1022.51385
1741113425082,1022.51697
1741113425105,1022.5142
1741113425143,1022.50995
1741113425183,1022.50525
1741113425204,1022.50287
1741113425246,1022.5047
1741113425283,1022.5059
1741113425303,1022.5075
1741113425343,1022.5122
1741113425385,1022.51245
1741113425403,1022.50714
1741113425447,1022.50494
1741113425482,1022.5128
1741113425503,1022.515
1741113425550,1022.5159
1741113425583,1022.50903
1741113425603,1022.50665
1741113425645,1022.4993
1741113425681,1022.50446
1741113425702,1022.5081
1741113425744,1022.51556
1741113425783,1022.51874
1741113425804,1022.5192
1741113425849,1022.5148
1741113425883,1022.5044
1741113425903,1022.50256
1741113425946,1022.5023
1741113425987,1022.50287
1741113426007,1022.5098
1741113426041,1022.51196
1741113426083,1022.50714
1741113426103,1022.5014
1741113426147,1022.4993
1741113426184,1022.50244
1741113426202,1022.50037
1741113426242,1022.501
1741113426282,1022.5006
1741113426304,1022.4949
1741113426342,1022.4934
1741113426385,1022.5038
1741113426407,1022.5049
1741113426442,1022.51135
1741113426482,1022.50964
1741113426502,1022.50525
1741113426556,1022.50977
1741113426582,1022.5129
1741113426610,1022.5019
1741113426649,1022.49963
1741113426681,1022.5002
1741113426702,1022.49084
1741113426747,1022.495
1741113426835,1022.49225
1741113426836,1022.4974
1741113426841,1022.50195
1741113426881,1022.5086
1741113426903,1022.5129
1741113426948,1022.5155
1741113426981,1022.50385
1741113427002,1022.50385
1741113427047,1022.5
1741113427084,1022.50775
1741113427103,1022.50885
1741113427143,1022.5072
1741113427182,1022.5053
1741113427203,1022.50555
1741113427243,1022.5161
1741113427290,1022.50946
1741113427304,1022.513
1741113427342,1022.50745
1741113427385,1022.5045
1741113427404,1022.5042
1741113427442,1022.5098
1741113427484,1022.5112
1741113427502,1022.50714
1741113427542,1022.5061
1741113427583,1022.50366
1741113427603,1022.50256
1741113427642,1022.5097
1741113427684,1022.5061
1741113427704,1022.502
1741113427743,1022.50366
1741113427783,1022.49207
1741113427807,1022.485
1741113427840,1022.48486
1741113427885,1022.4868
1741113427903,1022.4901
1741113427942,1022.4877
1741113427982,1022.488
1741113428001,1022.49536
1741113428049,1022.504
1741113428080,1022.5092
1741113428101,1022.5078
1741113428140,1022.51416
1741113428182,1022.5154
1741113428206,1022.51434
1741113428241,1022.51025
1741113428284,1022.5051
1741113428304,1022.5105
1741113428342,1022.51196
1741113428381,1022.51166
1741113428404,1022.51245
1741113428442,1022.5074
1741113428480,1022.50867
1741113428503,1022.50934
1741113428542,1022.507
1741113428583,1022.5061
1741113428600,1022.50433
1741113428640,1022.50574
1741113428685,1022.5016
1741113428702,1022.4934
1741113428740,1022.5044
1741113428782,1022.50726
1741113428810,1022.5001
1741113428840,1022.5044
1741113428883,1022.51196
1741113428902,1022.5033
1741113428940,1022.50775
1741113428993,1022.4966
1741113429004,1022.49097
1741113429039,1022.4935
1741113429081,1022.4889
1741113429099,1022.4917
1741113429143,1022.50757
1741113429182,1022.50446
1741113429201,1022.5018
1741113429240,1022.5012
1741113429280,1022.4972
1741113429302,1022.50415
1741113429353,1022.51105
1741113429381,1022.51086
1741113429403,1022.51013
1741113429446,1022.50867
1741113429489,1022.5042
1741113429500,1022.5022
1741113429545,1022.5036
1741113429583,1022.5017
1741113429616,1022.5033
1741113429639,1022.4996
1741113429690,1022.4986
1741113429703,1022.50696
1741113429740,1022.49976
1741113429782,1022.4989
1741113429800,1022.507
1741113429842,1022.5035
1741113429882,1022.4987
1741113429900,1022.50055
1741113429944,1022.5042
1741113429981,1022.50354
1741113430000,1022.50793
1741113430049,1022.50726
1741113430083,1022.5044
1741113430099,1022.506
1741113430147,1022.5116
1741113430183,1022.5143
1741113430200,1022.5089
1741113430242,1022.51636
1741113430283,1022.51
1741113430299,1022.5084
1741113430347,1022.5023
1741113430382,1022.501
1741113430401,1022.4952
1741113430442,1022.4949
1741113430478,1022.5033
1741113430499,1022.5111
1741113430538,1022.51416
1741113430581,1022.5065
1741113430599,1022.501
1741113430647,1022.4992
1741113430680,1022.5005
1741113430698,1022.5075
1741113430740,1022.50195
1741113430784,1022.5125
1741113430803,1022.49963
1741113430843,1022.4957
1741113430880,1022.49207
1741113430900,1022.4958
1741113430940,1022.4967
1741113430979,1022.5004
1741113430999,1022.5076
1741113431043,1022.50415
1741113431078,1022.50726
1741113431100,1022.5001
1741113431139,1022.50507
1741113431190,1022.5034
1741113431204,1022.4983
1741113431239,1022.496
1741113431280,1022.4982
1741113431305,1022.4981
1741113431340,1022.5028
1741113431387,1022.51044
1741113431399,1022.4988
1741113431440,1022.5053
1741113431482,1022.5134
1741113431498,1022.52106
1741113431540,1022.5177
1741113431582,1022.5166
1741113431600,1022.5146
1741113431639,1022.50696
1741113431683,1022.50574
1741113431703,1022.4968
1741113431738,1022.4905
1741113431779,1022.50214
1741113431830,1022.49677
1741113431838,1022.50244
1741113431879,1022.4965
1741113431898,1022.495
1741113431952,1022.4919
1741113431979,1022.49945
1741113432000,1022.4953
1741113432040,1022.49713
1741113432079,1022.50574
1741113432102,1022.5006
1741113432149,1022.5121
1741113432180,1022.5085
1741113432200,1022.4911
1741113432240,1022.4989
1741113432280,1022.50287
1741113432299,1022.496
1741113432343,1022.4973
1741113432379,1022.5053
1741113432401,1022.5065
1741113432437,1022.51215
1741113432479,1022.5128
1741113432499,1022.50256
1741113432540,1022.5048
1741113432578,1022.5015
1741113432602,1022.4972
1741113432638,1022.4976
1741113432684,1022.4972
1741113432698,1022.48846
1741113432740,1022.5001
1741113432780,1022.49554
1741113432798,1022.4952
1741113432842,1022.4908
1741113432880,1022.49316
1741113432899,1022.4867
1741113432941,1022.49
1741113432981,1022.4928
1741113433000,1022.49786
1741113433039,1022.506
1741113433083,1022.5041
1741113433103,1022.5033
1741113433140,1022.4993
1741113433178,1022.4967
1741113433199,1022.48926
1741113433240,1022.4926
1741113433277,1022.4957
1741113433299,1022.49646
1741113433337,1022.4978
1741113433379,1022.49664
1741113433399,1022.49176
1741113433440,1022.5056
1741113433480,1022.50946
1741113433500,1022.5085
1741113433537,1022.5029
1741113433579,1022.49805
1741113433600,1022.5069
1741113433638,1022.5054
1741113433681,1022.5028
1741113433697,1022.5018
1741113433739,1022.5065
1741113433779,1022.5082
1741113433797,1022.4976
1741113433842,1022.49945
1741113433879,1022.49945
1741113433908,1022.50073
1741113433936,1022.4949
1741113433978,1022.4948
1741113433998,1022.49146
1741113434041,1022.50085
1741113434083,1022.5043
1741113434099,1022.5099
1741113434139,1022.5067
1741113434178,1022.49945
1741113434200,1022.50037
1741113434238,1022.49713
1741113434277,1022.5099
1741113434296,1022.51086
1741113434342,1022.5106
1741113434377,1022.5149
1741113434405,1022.5038
1741113434442,1022.50287
1741113434479,1022.5062
1741113434497,1022.4979
1741113434544,1022.5022
1741113434577,1022.5041
1741113434600,1022.50995
1741113434638,1022.5073
1741113434676,1022.51086
1741113434698,1022.5126
1741113434742,1022.51135
1741113434780,1022.5066
1741113434809,1022.50397
1741113434849,1022.50793
1741113434879,1022.50366
1741113434905,1022.49243
1741113434937,1022.50195
1741113434980,1022.49475
1741113434998,1022.4919
1741113435039,1022.49194
1741113435079,1022.49554
1741113435104,1022.50055
1741113435136,1022.5023
1741113435177,1022.505
1741113435198,1022.508
1741113435238,1022.5089
1741113435283,1022.5116
1741113435298,1022.49774
1741113435339,1022.4878
1741113435379,1022.4863
1741113435402,1022.496
1741113435437,1022.48706
1741113435477,1022.48444
1741113435498,1022.4923
1741113435538,1022.49634
1741113435578,1022.4917
1741113435597,1022.4976
1741113435639,1022.5033
1741113435684,1022.5094
1741113435704,1022.50696
1741113435736,1022.494
1741113435781,1022.489
1741113435798,1022.49475
1741113435836,1022.5022
1741113435877,1022.49884
1741113435898,1022.49774
1741113435946,1022.4977
1741113435976,1022.485
1741113435999,1022.48364
1741113436037,1022.49207
1741113436078,1022.4933
1741113436102,1022.4852
1741113436143,1022.49084
1741113436177,1022.4969
1741113436200,1022.4908
1741113436246,1022.49634
1741113436277,1022.49774
1741113436301,1022.502
1741113436337,1022.493
1741113436378,1022.48926
1741113436399,1022.4934
1741113436438,1022.50287
1741113436476,1022.50653
1741113436497,1022.4995
1741113436539,1022.4966
1741113436577,1022.49896
1741113436596,1022.49554
1741113436639,1022.4942
1741113436678,1022.49493
1741113436697,1022.4977
1741113436737,1022.49756
1741113436777,1022.5032
1741113436823,1022.5072
1741113436837,1022.5103
1741113436875,1022.5021
1741113436899,1022.50024
1741113436936,1022.4999
1741113436976,1022.5059
1741113436999,1022.5033
1741113437039,1022.4961
1741113437075,1022.50146
1741113437096,1022.50476
1741113437143,1022.5001
1741113437175,1022.5068
1741113437196,1022.5069
1741113437239,1022.4996
1741113437277,1022.497
1741113437298,1022.4927
1741113437336,1022.4969
1741113437376,1022.49316
1741113437396,1022.50305
1741113437438,1022.49414
1741113437481,1022.4977
1741113437496,1022.49976
1741113437538,1022.49634
1741113437577,1022.4956
1741113437596,1022.5118
1741113437637,1022.5037
1741113437676,1022.50146
1741113437697,1022.48865
1741113437734,1022.48846
1741113437777,1022.49207
1741113437800,1022.5012
1741113437836,1022.50684
1741113437876,1022.4985
1741113437898,1022.4966
1741113437936,1022.4964
1741113437978,1022.4983
1741113437995,1022.49414
1741113438036,1022.5061
1741113438075,1022.50684
1741113438095,1022.5027
1741113438139,1022.49896
1741113438176,1022.49243
1741113438196,1022.49146
1741113438235,1022.48395
1741113438282,1022.4938
1741113438297,1022.501
1741113438338,1022.4968
1741113438377,1022.4922
1741113438396,1022.48706
1741113438445,1022.4912
1741113438475,1022.49646
1741113438497,1022.4885
1741113438536,1022.48755
1741113438577,1022.4803
1741113438600,1022.4856
1741113438647,1022.4827
1741113438678,1022.4878
1741113438715,1022.48193
1741113438738,1022.48364
1741113438777,1022.4832
1741113438817,1022.49536
1741113438838,1022.49524
1741113438875,1022.4998
1741113438896,1022.5012
1741113438937,1022.49084
1741113438975,1022.49005
1741113439016,1022.49536
1741113439035,1022.4972
1741113439077,1022.49384
1741113439116,1022.504
1741113439136,1022.4946
1741113439175,1022.4964
1741113439214,1022.4978
1741113439237,1022.49316
1741113439273,1022.4914
1741113439324,1022.49396
1741113439336,1022.4968
1741113439375,1022.4911
1741113439420,1022.4873
1741113439438,1022.4882
1741113439476,1022.4824
1741113439514,1022.47876
1741113439535,1022.4809
1741113439576,1022.48145
1741113439618,1022.4814
1741113439639,1022.4789
1741113439692,1022.48846
1741113439720,1022.48987
1741113439734,1022.4877
1741113439775,1022.4905
1741113439815,1022.4957
1741113439841,1022.48846
1741113439875,1022.49426
1741113439914,1022.4896
1741113439934,1022.4837
1741113439979,1022.4895
1741113440014,1022.4937
1741113440035,1022.49365
1741113440078,1022.4974
1741113440114,1022.4929
1741113440136,1022.4906
1741113440180,1022.493
1741113440218,1022.4963
1741113440235,1022.4936
1741113440276,1022.4863
1741113440316,1022.4976
1741113440343,1022.49695
1741113440375,1022.49524
1741113440414,1022.4882
1741113440437,1022.4845
1741113440475,1022.48267
1741113440515,1022.48956
1741113440537,1022.4887
1741113440573,1022.4915
1741113440614,1022.4822
1741113440645,1022.48376
1741113440674,1022.47925
1741113440713,1022.4769
1741113440735,1022.48395
1741113440774,1022.4899
1741113440822,1022.4935
1741113440833,1022.4879
1741113440878,1022.4791
1741113440915,1022.4775
1741113440936,1022.4768
1741113440973,1022.4747
1741113441025,1022.4808
1741113441034,1022.4794
1741113441073,1022.48267
1741113441118,1022.47644
1741113441136,1022.4796
1741113441177,1022.4754
1741113441215,1022.47876
1741113441235,1022.48047
1741113441277,1022.48035
1741113441316,1022.47144
1741113441334,1022.4701
1741113441375,1022.474
1741113441415,1022.4805
1741113441436,1022.4821
1741113441473,1022.47675
1741113441515,1022.4724
1741113441534,1022.473
1741113441582,1022.4716
1741113441615,1022.4763
1741113441637,1022.4718
1741113441673,1022.47064
1741113441715,1022.47546
1741113441732,1022.4761
1741113441774,1022.4828
1741113441829,1022.4794
1741113441832,1022.47754
1741113441874,1022.4752
1741113441913,1022.46826
1741113441934,1022.46826
1741113441974,1022.4714
1741113442017,1022.4761
1741113442037,1022.4793
1741113442080,1022.4803
1741113442114,1022.47266
1741113442135,1022.4758
1741113442178,1022.4818
1741113442214,1022.48236
1741113442236,1022.4791
1741113442273,1022.4772
1741113442320,1022.4923
1741113442339,1022.4946
1741113442374,1022.4874
1741113442415,1022.48737
1741113442439,1022.4841
1741113442472,1022.4794
1741113442514,1022.48157
1741113442537,1022.48474
1741113442573,1022.48395
1741113442616,1022.49164
1741113442638,1022.4864
1741113442674,1022.4801
1741113442715,1022.474
1741113442733,1022.47546
1741113442773,1022.47675
1741113442812,1022.47754
1741113442832,1022.47943
1741113442875,1022.47534
1741113442919,1022.4769
1741113442933,1022.4752
1741113442975,1022.4671
1741113443013,1022.46466
1741113443033,1022.47595
1741113443074,1022.47565
1741113443113,1022.4711
1741113443134,1022.4622
1741113443173,1022.46716
1741113443215,1022.47375
1741113443238,1022.4739
1741113443274,1022.4734
1741113443314,1022.4775
1741113443334,1022.4813
1741113443375,1022.4819
1741113443418,1022.4806
1741113443441,1022.4789
1741113443472,1022.4743
1741113443514,1022.4732
1741113443535,1022.46844
1741113443574,1022.47437
1741113443622,1022.4902
1741113443636,1022.4865
1741113443677,1022.4831
1741113443713,1022.4783
1741113443735,1022.4764
1741113443775,1022.47076
1741113443816,1022.479
1741113443835,1022.4708
1741113443877,1022.4667
1741113443913,1022.48083
1741113443933,1022.4846
1741113443984,1022.4764
1741113444011,1022.48724
1741113444031,1022.4817
1741113444075,1022.48096
1741113444113,1022.4799
1741113444133,1022.4806
1741113444174,1022.4791
1741113444212,1022.4807
1741113444232,1022.48083
1741113444273,1022.4766
1741113444323,1022.47424
1741113444333,1022.4784
1741113444378,1022.4797
1741113444417,1022.47705
1741113444432,1022.49066
1741113444473,1022.49243
1741113444515,1022.49994
1741113444540,1022.4853
1741113444578,1022.4838
1741113444617,1022.47577
1741113444631,1022.4762
1741113444673,1022.48047
1741113444716,1022.4834
1741113444742,1022.4935
1741113444774,1022.49603
1741113444813,1022.4921
1741113444833,1022.4883
1741113444871,1022.4833
1741113444910,1022.4822
1741113444931,1022.48834
1741113444974,1022.4856
1741113445013,1022.49097
1741113445033,1022.4843
1741113445075,1022.48157
1741113445118,1022.48126
1741113445140,1022.4862
1741113445178,1022.48303
1741113445210,1022.489
1741113445230,1022.48944
1741113445270,1022.4824
1741113445311,1022.47955
1741113445332,1022.48834
1741113445375,1022.48254
1741113445411,1022.4831
1741113445431,1022.47144
1741113445470,1022.4741
1741113445511,1022.4811
1741113445530,1022.47363
1741113445572,1022.47546
1741113445611,1022.48083
1741113445631,1022.47205
1741113445672,1022.48376
1741113445712,1022.4881
1741113445733,1022.4917
1741113445770,1022.49005
1741113445810,1022.4871
1741113445832,1022.48596
1741113445873,1022.4967
1741113445913,1022.4961
1741113445932,1022.4927
1741113445971,1022.4944
1741113446018,1022.48773
1741113446031,1022.4969
1741113446073,1022.49115
1741113446111,1022.4826
1741113446132,1022.48364
1741113446194,1022.4863
1741113446210,1022.4784
1741113446230,1022.47595
1741113446273,1022.47375
1741113446312,1022.47656
1741113446333,1022.4678
1741113446378,1022.4663
1741113446410,1022.4735
1741113446434,1022.4767
1741113446473,1022.4759
1741113446515,1022.4767
1741113446533,1022.4773
1741113446570,1022.4771
1741113446611,1022.4885
1741113446630,1022.4808
1741113446673,1022.4822
1741113446711,1022.4843
1741113446738,1022.4856
1741113446772,1022.4834
1741113446832,1022.47833
1741113446833,1022.4772
1741113446871,1022.4789
1741113446913,1022.4769
1741113446931,1022.4771
1741113446983,1022.47766
1741113447009,1022.4796
1741113447033,1022.47736
1741113447070,1022.4807
1741113447111,1022.4789
1741113447134,1022.47626
1741113447169,1022.47363
1741113447212,1022.4794
1741113447231,1022.48016
1741113447282,1022.47833
1741113447317,1022.4671
1741113447330,1022.4761
1741113447371,1022.4732
1741113447415,1022.47284
1741113447430,1022.47595
1741113447477,1022.4795
1741113447510,1022.4673
1741113447531,1022.47156
1741113447571,1022.4894
1741113447614,1022.4876
1741113447629,1022.4846
1741113447669,1022.48083
1741113447712,1022.4811
1741113447730,1022.4795
1741113447774,1022.4794
1741113447810,1022.47626
1741113447831,1022.4778
1741113447872,1022.4734
1741113447915,1022.46387
1741113447932,1022.47296
1741113447970,1022.474
1741113448011,1022.4794
1741113448042,1022.4867
1741113448070,1022.4773
1741113448111,1022.4819
1741113448129,1022.4736
1741113448176,1022.4698
1741113448209,1022.47705
1741113448230,1022.4718
1741113448271,1022.4732
1741113448310,1022.47723
1741113448330,1022.4793
1741113448371,1022.4748
1741113448410,1022.4705
1741113448430,1022.4707
1741113448473,1022.4651
1741113448518,1022.4629
1741113448530,1022.46454
1741113448569,1022.4624
1741113448618,1022.463
1741113448630,1022.46606
1741113448671,1022.4691
1741113448708,1022.4688
1741113448731,1022.4697
1741113448770,1022.4763
1741113448809,1022.4751
1741113448832,1022.46387
1741113448869,1022.4695
1741113448910,1022.47217
1741113448939,1022.4718
1741113448971,1022.46783
1741113449011,1022.4636
1741113449033,1022.46423
1741113449072,1022.4662
1741113449110,1022.4692
1741113449131,1022.47876
1741113449170,1022.4719
1741113449209,1022.465
1741113449234,1022.4713
1741113449270,1022.4717
1741113449309,1022.474
1741113449329,1022.46893
1741113449374,1022.4717
1741113449410,1022.4751
1741113449432,1022.47186
1741113449472,1022.468
1741113449508,1022.4759
1741113449528,1022.4777
1741113449571,1022.48
1741113449616,1022.47516
1741113449631,1022.4713
1741113449679,1022.47266
1741113449708,1022.4697
1741113449729,1022.4636
1741113449769,1022.46094
1741113449809,1022.46375
1741113449831,1022.46515
1741113449873,1022.46326
1741113449908,1022.45844
1741113449934,1022.46686
1741113449971,1022.4691
1741113450009,1022.46686
1741113450030,1022.46924
1741113450075,1022.47864
1741113450109,1022.48047
1741113450130,1022.4872
1741113450173,1022.484
1741113450209,1022.47375
1741113450235,1022.4719
1741113450275,1022.4736
1741113450310,1022.4712
1741113450333,1022.4736
1741113450371,1022.47406
1741113450408,1022.4771
1741113450429,1022.47473
1741113450470,1022.4798
1741113450509,1022.4764
1741113450528,1022.4644
1741113450570,1022.46533
1741113450614,1022.46655
1741113450628,1022.47485
1741113450668,1022.48065
1741113450709,1022.4761
1741113450731,1022.4839
1741113450768,1022.4757
1741113450809,1022.46985
1741113450829,1022.4791
1741113450868,1022.4776
1741113450914,1022.4811
1741113450930,1022.4767
1741113450968,1022.472
1741113451010,1022.47076
1741113451029,1022.47235
1741113451074,1022.48035
1741113451109,1022.4745
1741113451130,1022.47156
1741113451170,1022.46545
1741113451208,1022.4611
1741113451229,1022.46014
1741113451273,1022.46655
1741113451308,1022.4672
1741113451327,1022.46814
1741113451374,1022.4637
1741113451418,1022.4683
1741113451428,1022.46204
1741113451468,1022.47015
1741113451508,1022.47424
1741113451532,1022.4659
1741113451567,1022.47473
1741113451608,1022.46985
1741113451629,1022.45496
1741113451677,1022.45667
1741113451707,1022.45886
1741113451729,1022.4601
1741113451770,1022.45715
1741113451826,1022.463
1741113451826,1022.472
1741113451867,1022.4764
1741113451906,1022.47815
1741113451929,1022.4892
1741113451968,1022.4735
1741113452015,1022.4687
1741113452028,1022.48267
1741113452070,1022.4768
1741113452107,1022.44543
1741113452132,1022.4553
1741113452174,1022.4742
1741113452207,1022.4821
1741113452227,1022.4846
1741113452269,1022.4812
1741113452310,1022.49084
1741113452327,1022.4905
1741113452368,1022.4995
1741113452407,1022.5029
1741113452428,1022.4894
1741113452468,1022.4894
1741113452509,1022.4693
1741113452529,1022.43896
1741113452567,1022.43506
1741113452614,1022.44476
1741113452627,1022.4629
1741113452667,1022.4723
1741113452709,1022.4712
1741113452737,1022.46936
1741113452767,1022.4617
1741113452813,1022.4591
1741113452828,1022.453
1741113452878,1022.4513
1741113452908,1022.452
1741113452929,1022.4645
1741113452967,1022.46545
1741113453007,1022.4594
1741113453029,1022.4523
1741113453068,1022.4446
1741113453107,1022.4408
1741113453127,1022.43414
1741113453181,1022.4409
1741113453207,1022.44403
1741113453229,1022.4464
1741113453267,1022.44977
1741113453312,1022.4452
1741113453327,1022.4524
1741113453368,1022.44495
1741113453410,1022.4404
1741113453427,1022.4407
1741113453468,1022.4358
1741113453508,1022.43286
1741113453528,1022.4251
1741113453568,1022.4199
1741113453608,1022.4249
1741113453632,1022.43146
1741113453669,1022.44
1741113453707,1022.4415
1741113453728,1022.4426
1741113453767,1022.45245
1741113453807,1022.45624
1741113453826,1022.45984
1741113453866,1022.4479
1741113453907,1022.4414
1741113453926,1022.43005
1741113453967,1022.4318
1741113454005,1022.4299
1741113454025,1022.4292
1741113454075,1022.43243
1741113454111,1022.4287
1741113454125,1022.4285
1741113454165,1022.43054
1741113454224,1022.428
1741113454226,1022.42456
1741113454266,1022.4243
1741113454308,1022.4112
1741113454326,1022.4018
1741113454365,1022.4072
1741113454406,1022.41626
1741113454425,1022.42
1741113454467,1022.4142
1741113454504,1022.40656
1741113454528,1022.4033
1741113454565,1022.4048
1741113454611,1022.4018
1741113454625,1022.4125
1741113454664,1022.4162
1741113454704,1022.4244
1741113454726,1022.4316
1741113454765,1022.42725
1741113454804,1022.42883
1741113454824,1022.4221
1741113454865,1022.4172
1741113454904,1022.41144
1741113454924,1022.41675
1741113454965,1022.40784
1741113455004,1022.41095
1741113455024,1022.412
1741113455065,1022.42487
1741113455104,1022.4239
1741113455124,1022.425
1741113455164,1022.42456
1741113455204,1022.42694
1741113455225,1022.4271
1741113455265,1022.41895
1741113455304,1022.4179
1741113455324,1022.40814
1741113455366,1022.4043
1741113455407,1022.4029
1741113455441,1022.4165
1741113455479,1022.4161
1741113455536,1022.4171
1741113455536,1022.4185
1741113455578,1022.411
1741113455604,1022.40515
1741113455624,1022.41626
1741113455665,1022.41656
1741113455704,1022.4186
1741113455724,1022.41455
1741113455764,1022.41376
1741113455804,1022.41736
1741113455824,1022.42236
1741113455864,1022.41943
1741113455906,1022.4212
1741113455924,1022.4141
1741113455965,1022.4142
1741113456004,1022.40497
1741113456024,1022.4176
1741113456064,1022.4145
1741113456104,1022.4061
1741113456124,1022.40814
1741113456164,1022.4098
1741113456206,1022.41797
1741113456225,1022.41473
1741113456265,1022.4166
1741113456304,1022.4212
1741113456325,1022.4117
1741113456365,1022.4113
1741113456405,1022.415
1741113456425,1022.427
1741113456464,1022.4154
1741113456503,1022.4209
1741113456523,1022.4179
