1741115958369,1020.6704
1741115958389,1020.66406
1741115958430,1020.6704
1741115958449,1020.67554
1741115958489,1020.67053
1741115958529,1020.66766
1741115958569,1020.67236
1741115958589,1020.68384
1741115958629,1020.6846
1741115958668,1020.6802
1741115958689,1020.67896
1741115958729,1020.68317
1741115958768,1020.678
1741115958791,1020.67786
1741115958848,1020.6721
1741115958869,1020.6718
1741115958890,1020.6719
1741115958929,1020.6769
1741115958971,1020.68054
1741115958991,1020.6713
1741115959028,1020.6731
1741115959068,1020.6666
1741115959088,1020.6782
1741115959128,1020.6798
1741115959170,1020.6812
1741115959190,1020.68066
1741115959229,1020.68274
1741115959270,1020.6898
1741115959293,1020.68274
1741115959330,1020.68256
1741115959370,1020.6804
1741115959391,1020.68286
1741115959428,1020.67975
1741115959470,1020.6753
1741115959491,1020.6742
1741115959529,1020.678
1741115959569,1020.674
1741115959589,1020.6714
1741115959628,1020.67694
1741115959672,1020.67944
1741115959688,1020.67786
1741115959730,1020.67804
1741115959769,1020.69
1741115959789,1020.69037
1741115959831,1020.689
1741115959869,1020.6813
1741115959890,1020.6823
1741115959931,1020.6847
1741115959969,1020.67664
1741115959990,1020.67944
1741115960028,1020.6793
1741115960069,1020.6763
1741115960088,1020.6737
1741115960129,1020.6755
1741115960175,1020.6796
1741115960193,1020.6787
1741115960230,1020.6747
1741115960270,1020.6795
1741115960288,1020.678
1741115960355,1020.6793
1741115960371,1020.687
1741115960388,1020.67236
1741115960431,1020.68115
1741115960468,1020.6888
1741115960489,1020.6958
1741115960530,1020.68896
1741115960570,1020.6893
1741115960588,1020.68854
1741115960629,1020.68774
1741115960669,1020.6785
1741115960688,1020.6778
1741115960729,1020.67377
1741115960774,1020.6688
1741115960791,1020.6859
1741115960832,1020.68317
1741115960871,1020.68494
1741115960888,1020.6827
1741115960929,1020.68445
1741115960969,1020.6854
1741115960988,1020.6872
1741115961030,1020.6842
1741115961071,1020.6814
1741115961089,1020.6815
1741115961127,1020.68616
1741115961170,1020.688
1741115961190,1020.6897
1741115961229,1020.6874
1741115961270,1020.6897
1741115961288,1020.68524
1741115961332,1020.6798
1741115961370,1020.6839
1741115961389,1020.682
1741115961429,1020.68286
1741115961469,1020.6805
1741115961490,1020.6932
1741115961529,1020.69
1741115961572,1020.6866
1741115961589,1020.68604
1741115961628,1020.68665
1741115961668,1020.6843
1741115961689,1020.68524
1741115961728,1020.67847
1741115961772,1020.67474
1741115961791,1020.6727
1741115961830,1020.65924
1741115961869,1020.6583
1741115961889,1020.6655
1741115961929,1020.6787
1741115961971,1020.68225
1741115961987,1020.6852
1741115962028,1020.67847
1741115962069,1020.67975
1741115962088,1020.683
1741115962128,1020.6788
1741115962173,1020.6777
1741115962188,1020.6737
1741115962231,1020.67053
1741115962267,1020.67
1741115962291,1020.67505
1741115962330,1020.68243
1741115962370,1020.6843
1741115962387,1020.6765
1741115962428,1020.67584
1741115962468,1020.6768
1741115962488,1020.6754
1741115962528,1020.67456
1741115962570,1020.6732
1741115962589,1020.6697
1741115962627,1020.67566
1741115962670,1020.68256
1741115962687,1020.6771
1741115962726,1020.67596
1741115962769,1020.67224
1741115962788,1020.67645
1741115962830,1020.68164
1741115962868,1020.6803
1741115962887,1020.6822
1741115962927,1020.6768
1741115962968,1020.6788
1741115962988,1020.67444
1741115963030,1020.6785
1741115963076,1020.6832
1741115963088,1020.6736
1741115963128,1020.67224
1741115963171,1020.67346
1741115963188,1020.6775
1741115963229,1020.6776
1741115963267,1020.6754
1741115963287,1020.67444
1741115963330,1020.6714
1741115963369,1020.67694
1741115963388,1020.6807
1741115963427,1020.676
1741115963470,1020.67487
1741115963492,1020.66223
1741115963526,1020.6657
1741115963572,1020.6655
1741115963587,1020.6669
1741115963627,1020.6627
1741115963670,1020.66504
1741115963688,1020.6622
1741115963728,1020.6616
1741115963767,1020.6682
1741115963788,1020.6763
1741115963830,1020.6793
1741115963866,1020.68726
1741115963888,1020.6877
1741115963927,1020.67584
1741115963970,1020.66943
1741115963988,1020.6761
1741115964028,1020.6835
1741115964072,1020.6769
1741115964088,1020.6755
1741115964127,1020.67725
1741115964168,1020.6764
1741115964188,1020.6699
1741115964229,1020.67413
1741115964267,1020.6792
1741115964288,1020.6731
1741115964327,1020.6633
1741115964368,1020.66736
1741115964387,1020.66907
1741115964429,1020.66345
1741115964467,1020.6611
1741115964488,1020.66
1741115964527,1020.66486
1741115964567,1020.6691
1741115964586,1020.6687
1741115964629,1020.6704
1741115964670,1020.6659
1741115964695,1020.66626
1741115964726,1020.6722
1741115964766,1020.6832
1741115964787,1020.687
1741115964828,1020.6802
1741115964865,1020.67065
1741115964887,1020.67426
1741115964929,1020.6691
1741115964966,1020.6663
1741115964987,1020.67053
1741115965028,1020.6832
1741115965069,1020.6837
1741115965087,1020.6769
1741115965125,1020.6832
1741115965169,1020.67725
1741115965187,1020.6777
1741115965227,1020.6771
1741115965267,1020.673
1741115965286,1020.6819
1741115965328,1020.6771
1741115965365,1020.6823
1741115965384,1020.6741
1741115965436,1020.6694
1741115965466,1020.6759
1741115965484,1020.6764
1741115965526,1020.6859
1741115965564,1020.6884
1741115965585,1020.6893
1741115965624,1020.68384
1741115965667,1020.68085
1741115965685,1020.67017
1741115965725,1020.6631
1741115965765,1020.6609
1741115965785,1020.66974
1741115965825,1020.67804
1741115965865,1020.6781
1741115965885,1020.68604
1741115965926,1020.6869
1741115965965,1020.68335
1741115965987,1020.68146
1741115966026,1020.6809
1741115966067,1020.68097
1741115966085,1020.68774
1741115966126,1020.6881
1741115966165,1020.6863
1741115966189,1020.67786
1741115966226,1020.6704
1741115966266,1020.6715
1741115966287,1020.6747
1741115966326,1020.6752
1741115966367,1020.6753
1741115966386,1020.6669
1741115966425,1020.6764
1741115966469,1020.6752
1741115966492,1020.6721
1741115966526,1020.66626
1741115966566,1020.6687
1741115966587,1020.67413
1741115966625,1020.6714
1741115966667,1020.6743
1741115966688,1020.6743
1741115966726,1020.6802
1741115966768,1020.68085
1741115966787,1020.67163
1741115966826,1020.6729
1741115966865,1020.6721
1741115966885,1020.6792
1741115966927,1020.6808
1741115966968,1020.68207
1741115966985,1020.68335
1741115967026,1020.6848
1741115967065,1020.6803
1741115967100,1020.6777
1741115967124,1020.67737
1741115967166,1020.68445
1741115967186,1020.6928
1741115967226,1020.6861
1741115967269,1020.68396
1741115967287,1020.68005
1741115967327,1020.6787
1741115967365,1020.67535
1741115967386,1020.6824
1741115967428,1020.66943
1741115967471,1020.6775
1741115967484,1020.67114
1741115967524,1020.66486
1741115967565,1020.6598
1741115967588,1020.6709
1741115967625,1020.6804
1741115967671,1020.68164
1741115967686,1020.6878
1741115967726,1020.6846
1741115967767,1020.6771
1741115967785,1020.66583
1741115967825,1020.66724
1741115967866,1020.66437
1741115967884,1020.6649
1741115967925,1020.6767
1741115967965,1020.67456
1741115967986,1020.6783
1741115968024,1020.67834
1741115968067,1020.6753
1741115968086,1020.6716
1741115968125,1020.67737
1741115968168,1020.6798
1741115968185,1020.68695
1741115968226,1020.67834
1741115968263,1020.66595
1741115968286,1020.67126
1741115968326,1020.67065
1741115968366,1020.6704
1741115968387,1020.6711
1741115968425,1020.6754
1741115968465,1020.6711
1741115968484,1020.67126
1741115968527,1020.6701
1741115968566,1020.66785
1741115968597,1020.67175
1741115968623,1020.6765
1741115968664,1020.6793
1741115968686,1020.68225
1741115968725,1020.6746
1741115968765,1020.665
1741115968787,1020.66223
1741115968828,1020.6676
1741115968864,1020.67
1741115968887,1020.6704
1741115968926,1020.6748
1741115968964,1020.676
1741115968986,1020.685
1741115969024,1020.68286
1741115969069,1020.673
1741115969086,1020.6746
1741115969123,1020.67346
1741115969164,1020.67505
1741115969187,1020.66705
1741115969225,1020.6638
1741115969266,1020.6601
1741115969285,1020.67255
1741115969325,1020.67456
1741115969365,1020.6754
1741115969386,1020.66833
1741115969424,1020.67883
1741115969464,1020.66876
1741115969486,1020.671
1741115969523,1020.67065
1741115969567,1020.6688
1741115969585,1020.66455
1741115969623,1020.667
1741115969665,1020.67
1741115969685,1020.67334
1741115969725,1020.6711
1741115969766,1020.6697
1741115969785,1020.6705
1741115969827,1020.6649
1741115969868,1020.6654
1741115969884,1020.66095
1741115969925,1020.6763
1741115969963,1020.676
1741115969984,1020.6832
1741115970025,1020.6753
1741115970065,1020.66516
1741115970085,1020.6723
1741115970123,1020.67847
1741115970164,1020.6844
1741115970186,1020.67737
1741115970225,1020.67896
1741115970263,1020.67554
1741115970287,1020.6667
1741115970325,1020.67004
1741115970366,1020.6692
1741115970386,1020.677
1741115970423,1020.67456
1741115970466,1020.6771
1741115970483,1020.67365
1741115970525,1020.66547
1741115970564,1020.66113
1741115970591,1020.6639
1741115970623,1020.67285
1741115970664,1020.68005
1741115970690,1020.677
1741115970725,1020.6786
1741115970764,1020.67334
1741115970786,1020.68097
1741115970823,1020.672
1741115970865,1020.67035
1741115970886,1020.6727
1741115970924,1020.6732
1741115970966,1020.67126
1741115970984,1020.68286
1741115971025,1020.67737
1741115971064,1020.6798
1741115971086,1020.67426
1741115971123,1020.68
1741115971165,1020.68713
1741115971184,1020.6871
1741115971225,1020.67773
1741115971265,1020.6802
1741115971286,1020.67773
1741115971324,1020.6791
1741115971365,1020.6773
1741115971385,1020.6706
1741115971424,1020.6789
1741115971464,1020.6906
1741115971484,1020.6869
1741115971523,1020.703
1741115971563,1020.6966
1741115971585,1020.695
1741115971622,1020.6964
1741115971663,1020.68665
1741115971692,1020.69775
1741115971723,1020.7069
1741115971765,1020.70624
1741115971783,1020.701
1741115971824,1020.6942
1741115971862,1020.69916
1741115971886,1020.7113
1741115971922,1020.71063
1741115971963,1020.7125
1741115971984,1020.71313
1741115972025,1020.71936
1741115972063,1020.71466
1741115972082,1020.7213
1741115972121,1020.72253
1741115972162,1020.71655
1741115972200,1020.72107
1741115972224,1020.7213
1741115972264,1020.72217
1741115972282,1020.72766
1741115972323,1020.7276
1741115972365,1020.7375
1741115972385,1020.73645
1741115972423,1020.74023
1741115972462,1020.7438
1741115972489,1020.74146
1741115972523,1020.74524
1741115972567,1020.74097
1741115972588,1020.7372
1741115972623,1020.74194
1741115972662,1020.75323
1741115972686,1020.7528
1741115972728,1020.75964
1741115972764,1020.7637
1741115972783,1020.76086
1741115972824,1020.7619
1741115972863,1020.7692
1741115972886,1020.7735
1741115972923,1020.777
1741115972964,1020.78326
1741115972984,1020.7941
1741115973025,1020.79895
1741115973062,1020.79675
1741115973083,1020.803
1741115973121,1020.8061
1741115973164,1020.8125
1741115973183,1020.8145
1741115973222,1020.81616
1741115973263,1020.82227
1741115973287,1020.83307
1741115973323,1020.8365
1741115973364,1020.83417
1741115973382,1020.82635
1741115973422,1020.8345
1741115973462,1020.84
1741115973481,1020.8381
1741115973526,1020.8387
1741115973563,1020.8418
1741115973580,1020.85254
1741115973620,1020.85754
1741115973661,1020.86316
1741115973682,1020.8752
1741115973721,1020.88324
1741115973764,1020.8812
1741115973784,1020.8915
1741115973821,1020.89764
1741115973863,1020.8948
1741115973882,1020.9015
1741115973923,1020.8906
1741115973961,1020.88916
1741115973983,1020.8984
1741115974020,1020.8943
1741115974066,1020.9052
1741115974082,1020.91675
1741115974121,1020.9265
1741115974160,1020.93665
1741115974181,1020.94934
1741115974222,1020.95276
1741115974265,1020.9581
1741115974283,1020.9602
1741115974323,1020.96185
1741115974363,1020.96014
1741115974382,1020.95807
1741115974421,1020.96075
1741115974464,1020.9635
1741115974483,1020.96643
1741115974525,1020.9723
1741115974561,1020.97723
1741115974584,1020.9795
1741115974619,1020.9774
1741115974661,1020.9854
1741115974681,1020.99384
1741115974720,1020.99493
1741115974762,1021.00226
1741115974781,1021.0033
1741115974824,1021.018
1741115974860,1021.02625
1741115974879,1021.0254
1741115974920,1021.03217
1741115974963,1021.03796
1741115974981,1021.04034
1741115975022,1021.0433
1741115975061,1021.0419
1741115975082,1021.0432
1741115975120,1021.0373
1741115975160,1021.04315
1741115975181,1021.04553
1741115975222,1021.0631
1741115975263,1021.0653
1741115975280,1021.0674
1741115975322,1021.07965
1741115975364,1021.08215
1741115975381,1021.0824
1741115975422,1021.08875
1741115975462,1021.096
1741115975479,1021.1005
1741115975520,1021.1007
1741115975561,1021.1072
1741115975581,1021.1129
1741115975620,1021.1185
1741115975661,1021.11255
1741115975681,1021.115
1741115975722,1021.1221
1741115975760,1021.12256
1741115975782,1021.13043
1741115975823,1021.13794
1741115975865,1021.1443
1741115975880,1021.1353
1741115975921,1021.1388
1741115975962,1021.1373
1741115975983,1021.14185
1741115976024,1021.14825
1741115976059,1021.1582
1741115976082,1021.16736
1741115976120,1021.1753
1741115976160,1021.1792
1741115976179,1021.19293
1741115976221,1021.19653
1741115976262,1021.1891
1741115976282,1021.1978
1741115976320,1021.1997
1741115976363,1021.19714
1741115976383,1021.20844
1741115976419,1021.2151
1741115976462,1021.21844
1741115976482,1021.2132
1741115976523,1021.2202
1741115976560,1021.2361
1741115976581,1021.2318
1741115976619,1021.22736
1741115976659,1021.23083
1741115976680,1021.2332
1741115976725,1021.2374
1741115976760,1021.2395
1741115976782,1021.2465
1741115976821,1021.2461
1741115976861,1021.2468
1741115976880,1021.2606
1741115976919,1021.2637
1741115976960,1021.26636
1741115976981,1021.2798
1741115977023,1021.28125
1741115977059,1021.2823
1741115977079,1021.2876
1741115977124,1021.28986
1741115977159,1021.2977
1741115977179,1021.29724
1741115977220,1021.29846
1741115977259,1021.30725
1741115977280,1021.3052
1741115977319,1021.30365
1741115977359,1021.31213
1741115977379,1021.3097
1741115977422,1021.3241
1741115977460,1021.32916
1741115977480,1021.33105
1741115977519,1021.3456
1741115977561,1021.3477
1741115977580,1021.35333
1741115977621,1021.3545
1741115977660,1021.36017
1741115977678,1021.3741
1741115977719,1021.3749
1741115977760,1021.37634
1741115977780,1021.381
1741115977819,1021.37036
1741115977859,1021.3751
1741115977881,1021.3912
1741115977919,1021.3982
1741115977960,1021.39276
1741115977979,1021.39886
1741115978023,1021.4084
1741115978061,1021.4105
1741115978082,1021.4088
1741115978120,1021.41486
1741115978158,1021.4188
1741115978179,1021.4216
1741115978221,1021.43066
1741115978261,1021.4389
1741115978281,1021.44
1741115978323,1021.4386
1741115978362,1021.43945
1741115978379,1021.43945
1741115978420,1021.45703
1741115978461,1021.4739
1741115978480,1021.4767
1741115978522,1021.47015
1741115978559,1021.4719
1741115978578,1021.47424
1741115978619,1021.48444
1741115978658,1021.48175
1741115978679,1021.48645
1741115978719,1021.4872
1741115978758,1021.4921
1741115978780,1021.49585
1741115978818,1021.49835
1741115978860,1021.4975
1741115978879,1021.501
1741115978918,1021.5101
1741115978959,1021.5106
1741115978980,1021.5254
1741115979019,1021.5228
1741115979058,1021.52856
1741115979079,1021.52954
1741115979118,1021.5322
1741115979158,1021.53186
1741115979178,1021.5465
1741115979219,1021.5338
1741115979257,1021.54443
1741115979279,1021.5442
1741115979318,1021.55945
1741115979366,1021.56433
1741115979378,1021.5657
1741115979422,1021.5697
1741115979463,1021.57544
1741115979480,1021.5823
1741115979518,1021.5847
1741115979559,1021.59216
1741115979580,1021.59033
1741115979617,1021.6007
1741115979657,1021.60516
1741115979678,1021.6013
1741115979721,1021.607
1741115979758,1021.611
1741115979782,1021.6259
1741115979818,1021.622
1741115979860,1021.61597
1741115979880,1021.6174
1741115979917,1021.62726
1741115979960,1021.62555
1741115979978,1021.6306
1741115980017,1021.6299
1741115980059,1021.6243
1741115980078,1021.6245
1741115980118,1021.6184
1741115980157,1021.63196
1741115980178,1021.63696
1741115980217,1021.63684
1741115980260,1021.6323
1741115980299,1021.6338
1741115980317,1021.6412
1741115980358,1021.6293
1741115980400,1021.6355
1741115980419,1021.6341
1741115980456,1021.63525
1741115980477,1021.65283
1741115980519,1021.6609
1741115980559,1021.6663
1741115980599,1021.6784
1741115980617,1021.6678
1741115980657,1021.678
1741115980698,1021.67993
1741115980719,1021.688
1741115980760,1021.6924
1741115980801,1021.6946
1741115980820,1021.69135
1741115980858,1021.69635
1741115980901,1021.708
1741115980918,1021.7069
1741115980960,1021.6997
1741115981000,1021.70416
1741115981021,1021.7183
1741115981058,1021.7163
1741115981100,1021.7151
1741115981116,1021.7253
1741115981156,1021.73645
1741115981198,1021.74414
1741115981216,1021.7438
1741115981258,1021.7357
1741115981297,1021.74274
1741115981319,1021.75024
1741115981359,1021.7542
1741115981400,1021.7478
1741115981418,1021.75275
1741115981458,1021.76025
1741115981504,1021.7582
1741115981519,1021.7623
1741115981558,1021.7712
1741115981596,1021.78064
1741115981623,1021.7781
1741115981656,1021.78326
1741115981697,1021.7909
1741115981719,1021.79364
1741115981757,1021.8053
1741115981797,1021.81085
1741115981819,1021.82056
1741115981860,1021.8253
1741115981898,1021.82635
1741115981917,1021.8253
1741115981957,1021.83105
1741115981996,1021.82947
1741115982019,1021.8406
1741115982060,1021.84357
1741115982098,1021.84247
1741115982127,1021.8384
1741115982156,1021.84717
1741115982196,1021.8551
1741115982219,1021.8528
1741115982256,1021.85535
1741115982299,1021.8638
1741115982316,1021.8729
1741115982357,1021.87537
1741115982400,1021.88696
1741115982418,1021.8927
1741115982458,1021.88885
1741115982502,1021.8771
1741115982517,1021.88605
1741115982559,1021.89215
1741115982598,1021.90643
1741115982618,1021.91016
1741115982656,1021.9043
1741115982697,1021.91077
1741115982717,1021.9225
1741115982757,1021.9224
1741115982798,1021.9282
1741115982818,1021.9353
1741115982860,1021.94305
1741115982898,1021.94824
1741115982916,1021.9627
1741115982960,1021.9642
1741115982997,1021.9595
1741115983019,1021.9646
1741115983056,1021.9747
1741115983096,1021.9801
1741115983116,1021.9797
1741115983155,1021.98145
1741115983198,1021.97955
1741115983217,1021.9839
1741115983257,1021.98175
1741115983297,1021.9818
1741115983318,1021.9877
1741115983358,1021.9996
1741115983396,1022.0003
1741115983418,1022.0122
1741115983455,1022.01544
1741115983496,1022.01746
1741115983515,1022.02203
1741115983558,1022.02
1741115983597,1022.02936
1741115983617,1022.03265
1741115983656,1022.03503
1741115983698,1022.0434
1741115983716,1022.0493
1741115983755,1022.0526
1741115983796,1022.0533
1741115983816,1022.048
1741115983855,1022.06244
1741115983897,1022.0687
1741115983916,1022.0791
1741115983957,1022.08026
1741115984000,1022.0753
1741115984016,1022.07117
1741115984060,1022.07916
1741115984096,1022.09045
1741115984118,1022.0991
1741115984156,1022.0968
1741115984197,1022.1039
1741115984220,1022.10376
1741115984256,1022.1105
1741115984297,1022.1154
1741115984317,1022.12427
1741115984358,1022.1255
1741115984396,1022.1271
1741115984415,1022.1227
1741115984456,1022.1299
1741115984497,1022.14044
1741115984515,1022.13855
1741115984556,1022.1436
1741115984595,1022.14484
1741115984617,1022.1443
1741115984655,1022.14026
1741115984695,1022.1583
1741115984717,1022.1647
1741115984756,1022.1694
1741115984797,1022.1685
1741115984815,1022.1715
1741115984858,1022.1737
1741115984895,1022.1846
1741115984916,1022.1864
1741115984955,1022.1866
1741115984995,1022.18665
1741115985015,1022.1915
1741115985055,1022.19464
1741115985096,1022.19965
1741115985115,1022.2058
1741115985155,1022.21423
1741115985194,1022.2218
1741115985219,1022.2202
1741115985255,1022.2318
1741115985295,1022.23676
1741115985317,1022.23785
1741115985355,1022.24194
1741115985396,1022.24176
1741115985416,1022.2595
1741115985454,1022.26605
1741115985496,1022.2683
1741115985517,1022.2679
1741115985556,1022.2545
1741115985595,1022.2655
1741115985618,1022.2754
1741115985654,1022.2718
1741115985695,1022.281
1741115985715,1022.28906
1741115985756,1022.3037
1741115985794,1022.3035
1741115985815,1022.3076
1741115985857,1022.31555
1741115985894,1022.3133
1741115985914,1022.31866
1741115985955,1022.32745
1741115985996,1022.33997
1741115986015,1022.3466
1741115986057,1022.3458
1741115986094,1022.3524
1741115986115,1022.3509
1741115986154,1022.3568
1741115986194,1022.36365
1741115986223,1022.3649
1741115986255,1022.36584
1741115986296,1022.3661
1741115986314,1022.3696
1741115986354,1022.3776
1741115986396,1022.3781
1741115986418,1022.3843
1741115986456,1022.3904
1741115986496,1022.3934
1741115986514,1022.39386
1741115986554,1022.39905
1741115986599,1022.4061
1741115986613,1022.4019
1741115986653,1022.40796
1741115986693,1022.4105
1741115986715,1022.4126
1741115986753,1022.4175
1741115986794,1022.42224
1741115986814,1022.4216
1741115986854,1022.4265
1741115986893,1022.432
1741115986915,1022.43756
1741115986956,1022.43463
1741115986993,1022.43414
1741115987014,1022.4447
1741115987054,1022.453
1741115987098,1022.45526
1741115987113,1022.4476
1741115987153,1022.45166
1741115987193,1022.45917
1741115987215,1022.46063
1741115987255,1022.46234
1741115987294,1022.4712
1741115987316,1022.4706
1741115987353,1022.4668
1741115987394,1022.47253
1741115987417,1022.47424
1741115987454,1022.46606
1741115987494,1022.47174
1741115987515,1022.4768
1741115987554,1022.47784
1741115987594,1022.48096
1741115987614,1022.4772
1741115987653,1022.48944
1741115987694,1022.4927
1741115987714,1022.501
1741115987757,1022.50757
1741115987794,1022.511
1741115987815,1022.5081
1741115987857,1022.5132
1741115987893,1022.5056
1741115987913,1022.5039
1741115987954,1022.5136
1741115987993,1022.5109
1741115988013,1022.52026
1741115988056,1022.52246
1741115988093,1022.5151
1741115988114,1022.5193
1741115988154,1022.5133
1741115988193,1022.5169
1741115988212,1022.5171
1741115988256,1022.51276
1741115988294,1022.5159
1741115988313,1022.5134
1741115988355,1022.5193
1741115988397,1022.52234
1741115988413,1022.523
1741115988454,1022.51965
1741115988493,1022.5194
1741115988512,1022.5264
1741115988554,1022.5258
1741115988594,1022.52606
1741115988613,1022.5207
1741115988653,1022.5244
1741115988693,1022.5302
1741115988717,1022.51953
1741115988753,1022.52124
1741115988793,1022.52563
1741115988814,1022.52936
1741115988855,1022.53265
1741115988897,1022.5321
1741115988913,1022.5338
1741115988954,1022.5399
1741115988994,1022.5348
1741115989013,1022.54736
1741115989056,1022.54645
1741115989091,1022.5508
1741115989112,1022.54254
1741115989152,1022.5381
1741115989191,1022.5388
1741115989211,1022.5449
