1741115040855,1022.6001
1741115040873,1022.62744
1741115040913,1022.6264
1741115040955,1022.63153
1741115040973,1022.6271
1741115041014,1022.6343
1741115041053,1022.62964
1741115041073,1022.62976
1741115041113,1022.6352
1741115041152,1022.6333
1741115041173,1022.63403
1741115041212,1022.6342
1741115041255,1022.63293
1741115041273,1022.6362
1741115041314,1022.63934
1741115041355,1022.6383
1741115041373,1022.6332
1741115041414,1022.6257
1741115041456,1022.6387
1741115041476,1022.6378
1741115041515,1022.63513
1741115041553,1022.6463
1741115041573,1022.64355
1741115041614,1022.63556
1741115041653,1022.63513
1741115041673,1022.63324
1741115041713,1022.64197
1741115041753,1022.6347
1741115041772,1022.64514
1741115041813,1022.6411
1741115041853,1022.63293
1741115041878,1022.6221
1741115041913,1022.6236
1741115041952,1022.631
1741115041973,1022.63196
1741115042012,1022.6268
1741115042052,1022.63184
1741115042072,1022.63763
1741115042112,1022.6365
1741115042152,1022.6406
1741115042185,1022.62665
1741115042221,1022.62506
1741115042253,1022.6218
1741115042273,1022.6288
1741115042324,1022.6295
1741115042353,1022.6317
1741115042373,1022.63904
1741115042419,1022.64044
1741115042457,1022.6239
1741115042502,1022.6203
1741115042515,1022.61414
1741115042553,1022.6193
1741115042573,1022.62146
1741115042612,1022.62115
1741115042657,1022.62146
1741115042672,1022.6199
1741115042712,1022.6272
1741115042770,1022.6249
1741115042773,1022.6211
1741115042812,1022.6217
1741115042852,1022.61566
1741115042875,1022.61456
1741115042913,1022.6001
1741115042952,1022.5934
1741115042972,1022.5947
1741115043013,1022.5911
1741115043115,1022.5945
1741115043133,1022.61334
1741115043173,1022.6106
1741115043212,1022.61035
1741115043233,1022.6102
1741115043276,1022.6099
1741115043293,1022.6154
1741115043333,1022.61145
1741115043376,1022.6045
1741115043414,1022.5952
1741115043434,1022.5945
1741115043473,1022.6074
1741115043513,1022.6111
1741115043533,1022.6144
1741115043573,1022.6249
1741115043594,1022.6228
1741115043633,1022.619
1741115043674,1022.6187
1741115043716,1022.6152
1741115043736,1022.6239
1741115043774,1022.6206
1741115043816,1022.6046
1741115043835,1022.5887
1741115043873,1022.57166
1741115043894,1022.55835
1741115043940,1022.56616
1741115043976,1022.5714
1741115044014,1022.5767
1741115044033,1022.58215
1741115044076,1022.58014
1741115044119,1022.58826
1741115044134,1022.5837
1741115044174,1022.5869
1741115044218,1022.595
1741115044233,1022.597
1741115044273,1022.5957
1741115044313,1022.5957
1741115044332,1022.59424
1741115044373,1022.5881
1741115044418,1022.59015
1741115044434,1022.59326
1741115044473,1022.59863
1741115044514,1022.59204
1741115044533,1022.58154
1741115044574,1022.5799
1741115044614,1022.5764
1741115044631,1022.5672
1741115044672,1022.5613
1741115044714,1022.56354
1741115044734,1022.5735
1741115044772,1022.57355
1741115044812,1022.5745
1741115044833,1022.5764
1741115044883,1022.57043
1741115044914,1022.5648
1741115044935,1022.55475
1741115044973,1022.5583
1741115045013,1022.563
1741115045033,1022.5546
1741115045074,1022.5533
1741115045113,1022.556
1741115045133,1022.55206
1741115045173,1022.55786
1741115045232,1022.5638
1741115045233,1022.5638
1741115045274,1022.55896
1741115045313,1022.5559
1741115045336,1022.55676
1741115045374,1022.5603
1741115045424,1022.55707
1741115045437,1022.55725
1741115045473,1022.55164
1741115045516,1022.5527
1741115045540,1022.55566
1741115045574,1022.55096
1741115045616,1022.5456
1741115045634,1022.5437
1741115045674,1022.54626
1741115045713,1022.54565
1741115045737,1022.5405
1741115045772,1022.523
1741115045814,1022.5215
1741115045834,1022.53876
1741115045873,1022.54285
1741115045912,1022.5384
1741115045934,1022.5354
1741115045975,1022.54236
1741115046015,1022.54297
1741115046033,1022.53284
1741115046074,1022.53644
1741115046112,1022.5324
1741115046133,1022.5359
1741115046177,1022.5346
1741115046214,1022.53516
1741115046233,1022.5291
1741115046276,1022.52014
1741115046315,1022.51587
1741115046333,1022.5145
1741115046371,1022.51825
1741115046411,1022.5158
1741115046431,1022.5192
1741115046471,1022.50806
1741115046511,1022.5029
1741115046532,1022.5055
1741115046571,1022.5001
1741115046610,1022.5074
1741115046631,1022.5078
1741115046675,1022.5078
1741115046716,1022.5045
1741115046730,1022.4957
1741115046771,1022.4885
1741115046812,1022.4905
1741115046831,1022.49365
1741115046871,1022.4872
1741115046911,1022.4889
1741115046932,1022.4914
1741115046973,1022.4955
1741115047013,1022.4877
1741115047031,1022.48376
1741115047073,1022.4885
1741115047109,1022.49243
1741115047130,1022.5114
1741115047171,1022.495
1741115047211,1022.4916
1741115047237,1022.49304
1741115047271,1022.48816
1741115047311,1022.4946
1741115047329,1022.49414
1741115047372,1022.49585
1741115047409,1022.4955
1741115047431,1022.4984
1741115047470,1022.4934
1741115047510,1022.49225
1741115047533,1022.4823
1741115047570,1022.47327
1741115047611,1022.46924
1741115047630,1022.47534
1741115047672,1022.47375
1741115047710,1022.4729
1741115047730,1022.4595
1741115047769,1022.44495
1741115047809,1022.4518
1741115047829,1022.45325
1741115047870,1022.4617
1741115047910,1022.4671
1741115047929,1022.4623
1741115047972,1022.46985
1741115048010,1022.4725
1741115048032,1022.4792
1741115048070,1022.48517
1741115048110,1022.47815
1741115048131,1022.4751
1741115048171,1022.4719
1741115048210,1022.4591
1741115048230,1022.4717
1741115048272,1022.4711
1741115048310,1022.45996
1741115048335,1022.44116
1741115048370,1022.44165
1741115048409,1022.44086
1741115048429,1022.432
1741115048470,1022.4415
1741115048510,1022.4475
1741115048534,1022.45056
1741115048570,1022.45166
1741115048611,1022.45685
1741115048630,1022.4621
1741115048669,1022.45636
1741115048710,1022.4429
1741115048729,1022.41547
1741115048771,1022.416
1741115048810,1022.42676
1741115048836,1022.4258
1741115048870,1022.4386
1741115048908,1022.4608
1741115048930,1022.4723
1741115048969,1022.46576
1741115049009,1022.4594
1741115049034,1022.4585
1741115049071,1022.45544
1741115049110,1022.4538
1741115049131,1022.4457
1741115049170,1022.44543
1741115049239,1022.44403
1741115049239,1022.4277
1741115049272,1022.41205
1741115049309,1022.4118
1741115049329,1022.4138
1741115049369,1022.4236
1741115049414,1022.4262
1741115049431,1022.3923
1741115049474,1022.383
1741115049514,1022.3909
1741115049531,1022.3982
1741115049578,1022.4049
1741115049609,1022.4165
1741115049630,1022.45465
1741115049673,1022.4536
1741115049711,1022.4455
1741115049733,1022.4398
1741115049771,1022.4418
1741115049813,1022.43317
1741115049830,1022.4145
1741115049874,1022.3884
1741115049913,1022.381
1741115049930,1022.38464
1741115049970,1022.3859
1741115050010,1022.3851
1741115050032,1022.39905
1741115050071,1022.4302
1741115050127,1022.45
1741115050134,1022.4485
1741115050175,1022.4287
1741115050208,1022.41907
1741115050231,1022.4104
1741115050283,1022.4197
1741115050313,1022.4361
1741115050328,1022.4368
1741115050372,1022.42395
1741115050411,1022.4161
1741115050430,1022.4063
1741115050474,1022.38635
1741115050511,1022.36743
1741115050528,1022.3669
1741115050569,1022.3496
1741115050611,1022.3381
1741115050630,1022.33606
1741115050671,1022.34424
1741115050708,1022.3607
1741115050731,1022.37836
1741115050770,1022.392
1741115050809,1022.3854
1741115050830,1022.381
1741115050870,1022.379
1741115050915,1022.38306
1741115050930,1022.3932
1741115050971,1022.39734
1741115051008,1022.4048
1741115051031,1022.3926
1741115051074,1022.3694
1741115051113,1022.3489
1741115051134,1022.34436
1741115051171,1022.3385
1741115051211,1022.3225
1741115051231,1022.3299
1741115051270,1022.3465
1741115051309,1022.3711
1741115051335,1022.3948
1741115051369,1022.3917
1741115051408,1022.3731
1741115051429,1022.3691
1741115051476,1022.36414
1741115051511,1022.35925
1741115051528,1022.3533
1741115051578,1022.3656
1741115051623,1022.37067
1741115051635,1022.37195
1741115051668,1022.36896
1741115051710,1022.3598
1741115051733,1022.35333
1741115051772,1022.3648
1741115051810,1022.36584
1741115051831,1022.36127
1741115051871,1022.3479
1741115051910,1022.35944
1741115051928,1022.34595
1741115051969,1022.3346
1741115052033,1022.3314
1741115052034,1022.3495
1741115052068,1022.37805
1741115052111,1022.3878
1741115052132,1022.377
1741115052170,1022.36084
1741115052214,1022.3563
1741115052242,1022.35736
1741115052267,1022.3609
1741115052308,1022.34924
1741115052329,1022.3353
1741115052367,1022.3429
1741115052417,1022.35724
1741115052431,1022.3479
1741115052468,1022.3453
1741115052511,1022.3413
1741115052530,1022.3342
1741115052567,1022.32556
1741115052609,1022.32544
1741115052632,1022.3354
1741115052668,1022.35815
1741115052711,1022.39233
1741115052727,1022.4106
1741115052775,1022.4013
1741115052807,1022.3896
1741115052827,1022.37744
1741115052871,1022.37225
1741115052908,1022.36206
1741115052928,1022.3587
1741115052967,1022.36395
1741115053008,1022.37506
1741115053032,1022.37
1741115053073,1022.35065
1741115053107,1022.3456
1741115053128,1022.332
1741115053168,1022.32117
1741115053213,1022.3232
1741115053228,1022.33405
1741115053267,1022.3734
1741115053312,1022.3798
1741115053328,1022.37305
1741115053374,1022.36444
1741115053407,1022.3665
1741115053429,1022.3671
1741115053467,1022.35675
1741115053508,1022.3645
1741115053530,1022.3747
1741115053567,1022.3704
1741115053609,1022.3624
1741115053629,1022.3511
1741115053668,1022.3396
1741115053713,1022.3288
1741115053729,1022.3294
1741115053767,1022.3369
1741115053813,1022.346
1741115053829,1022.3572
1741115053868,1022.3657
1741115053909,1022.3638
1741115053928,1022.35925
1741115053968,1022.3694
1741115054010,1022.3609
1741115054029,1022.35706
1741115054068,1022.36145
1741115054132,1022.3635
1741115054133,1022.38043
1741115054168,1022.3724
1741115054207,1022.349
1741115054233,1022.33
1741115054266,1022.34155
1741115054324,1022.3425
1741115054333,1022.3562
1741115054366,1022.376
1741115054410,1022.38934
1741115054427,1022.3934
1741115054472,1022.3886
1741115054512,1022.3804
1741115054527,1022.3826
1741115054569,1022.39264
1741115054610,1022.3945
1741115054629,1022.3911
1741115054671,1022.3589
1741115054706,1022.3202
1741115054727,1022.30176
1741115054766,1022.3149
1741115054808,1022.3436
1741115054827,1022.3373
1741115054869,1022.333
1741115054912,1022.33716
1741115054927,1022.351
1741115054967,1022.383
1741115055008,1022.4055
1741115055033,1022.42236
1741115055066,1022.41046
1741115055108,1022.38513
1741115055126,1022.3701
1741115055185,1022.3886
1741115055206,1022.3964
1741115055231,1022.39124
1741115055267,1022.3762
1741115055307,1022.36414
1741115055327,1022.3343
1741115055371,1022.31836
1741115055406,1022.324
1741115055431,1022.31464
1741115055473,1022.3023
1741115055506,1022.28485
1741115055545,1022.2781
1741115055566,1022.28345
1741115055606,1022.2957
1741115055635,1022.30676
1741115055670,1022.3124
1741115055707,1022.31506
1741115055732,1022.31213
1741115055766,1022.3184
1741115055806,1022.33636
1741115055826,1022.347
1741115055866,1022.35834
1741115055908,1022.33875
1741115055931,1022.3162
1741115055966,1022.28253
1741115056012,1022.26685
1741115056026,1022.2715
1741115056066,1022.2807
1741115056106,1022.2883
1741115056130,1022.3405
1741115056169,1022.37317
1741115056207,1022.3678
1741115056234,1022.3507
1741115056268,1022.3477
1741115056330,1022.35077
1741115056330,1022.35065
1741115056365,1022.3512
1741115056416,1022.33093
1741115056424,1022.30176
1741115056464,1022.2783
1741115056505,1022.26105
1741115056528,1022.2606
1741115056570,1022.2647
1741115056605,1022.26276
1741115056626,1022.2455
1741115056673,1022.24347
1741115056706,1022.25543
1741115056726,1022.27814
1741115056774,1022.2904
1741115056804,1022.3008
1741115056825,1022.2991
1741115056866,1022.2896
1741115056911,1022.2981
1741115056927,1022.3225
1741115056971,1022.3196
1741115057008,1022.32556
1741115057026,1022.3125
1741115057066,1022.29047
1741115057106,1022.2731
1741115057127,1022.2504
1741115057167,1022.249
1741115057206,1022.24854
1741115057226,1022.24286
1741115057272,1022.2461
1741115057305,1022.26117
1741115057326,1022.2833
1741115057365,1022.30865
1741115057412,1022.31714
1741115057424,1022.31445
1741115057466,1022.30023
1741115057505,1022.2893
1741115057525,1022.29236
1741115057571,1022.3117
1741115057605,1022.3263
1741115057625,1022.3198
1741115057665,1022.3151
1741115057707,1022.2957
1741115057732,1022.279
1741115057765,1022.26526
1741115057812,1022.254
1741115057825,1022.2362
1741115057867,1022.2266
1741115057912,1022.20874
1741115057925,1022.2085
1741115057968,1022.21484
1741115058004,1022.2398
1741115058026,1022.2576
1741115058064,1022.26587
1741115058105,1022.27
1741115058131,1022.26794
1741115058164,1022.2606
1741115058206,1022.2632
1741115058225,1022.26215
1741115058270,1022.2644
1741115058308,1022.2803
1741115058325,1022.28455
1741115058366,1022.2698
1741115058406,1022.24536
1741115058424,1022.22205
1741115058481,1022.2204
1741115058504,1022.21295
1741115058526,1022.2051
1741115058564,1022.19965
1741115058606,1022.1994
1741115058633,1022.2125
1741115058664,1022.2274
1741115058705,1022.24
1741115058728,1022.24786
1741115058764,1022.23694
1741115058808,1022.2305
1741115058826,1022.23425
1741115058868,1022.24316
1741115058914,1022.24506
1741115058924,1022.246
1741115058964,1022.23834
1741115059005,1022.2285
1741115059023,1022.22327
1741115059065,1022.2091
1741115059104,1022.20496
1741115059125,1022.21094
1741115059164,1022.2129
1741115059205,1022.228
1741115059223,1022.2409
1741115059264,1022.2309
1741115059304,1022.2073
1741115059324,1022.21545
1741115059365,1022.22156
1741115059405,1022.2049
1741115059423,1022.1909
1741115059465,1022.1925
1741115059503,1022.21063
1741115059523,1022.2499
1741115059565,1022.2646
1741115059608,1022.2619
1741115059623,1022.2436
1741115059666,1022.2438
1741115059706,1022.2291
1741115059727,1022.2277
1741115059763,1022.23444
1741115059805,1022.24054
1741115059824,1022.2431
1741115059865,1022.2381
1741115059902,1022.2483
1741115059922,1022.2301
1741115059964,1022.2199
1741115060005,1022.20605
1741115060025,1022.19824
1741115060063,1022.1944
1741115060104,1022.192
1741115060124,1022.1935
1741115060171,1022.2259
1741115060204,1022.2673
1741115060225,1022.2897
1741115060265,1022.289
1741115060303,1022.2857
1741115060325,1022.2959
1741115060364,1022.29364
1741115060405,1022.2866
1741115060432,1022.281
1741115060465,1022.2817
1741115060503,1022.29156
1741115060523,1022.30164
1741115060565,1022.2958
1741115060606,1022.2827
1741115060623,1022.27057
1741115060673,1022.277
1741115060705,1022.26526
1741115060733,1022.2468
1741115060763,1022.2431
1741115060802,1022.27795
1741115060822,1022.3265
1741115060864,1022.3471
1741115060903,1022.3383
1741115060924,1022.31946
1741115060963,1022.2954
1741115061006,1022.2881
1741115061026,1022.28284
1741115061063,1022.2825
1741115061106,1022.28564
1741115061132,1022.2893
1741115061163,1022.2839
1741115061204,1022.28674
1741115061231,1022.2655
1741115061263,1022.25665
1741115061311,1022.26056
1741115061332,1022.2767
1741115061365,1022.2768
1741115061405,1022.28046
1741115061424,1022.2711
1741115061463,1022.302
1741115061505,1022.317
1741115061523,1022.33594
1741115061563,1022.3179
1741115061601,1022.3026
1741115061621,1022.3019
1741115061669,1022.2921
1741115061704,1022.2893
1741115061724,1022.2977
1741115061765,1022.3104
1741115061802,1022.3108
1741115061826,1022.2975
1741115061862,1022.271
1741115061903,1022.2668
1741115061927,1022.2541
1741115061973,1022.2465
1741115062002,1022.26605
1741115062023,1022.302
1741115062063,1022.3168
1741115062104,1022.3218
1741115062127,1022.30963
1741115062163,1022.3014
1741115062205,1022.3053
1741115062225,1022.29785
1741115062264,1022.2881
1741115062304,1022.2959
1741115062334,1022.28687
1741115062363,1022.29846
1741115062406,1022.2782
1741115062425,1022.251
1741115062462,1022.2562
1741115062503,1022.2693
1741115062524,1022.2663
1741115062563,1022.274
1741115062604,1022.2807
1741115062623,1022.29193
1741115062662,1022.30164
1741115062703,1022.3118
1741115062725,1022.3161
1741115062767,1022.3089
1741115062801,1022.292
1741115062823,1022.28735
1741115062864,1022.3025
1741115062903,1022.30756
1741115062923,1022.2997
1741115062968,1022.2794
1741115063004,1022.24866
1741115063027,1022.2401
1741115063063,1022.2338
1741115063101,1022.2416
1741115063124,1022.2827
1741115063168,1022.29346
1741115063203,1022.2985
1741115063224,1022.2906
1741115063262,1022.2817
1741115063305,1022.28064
1741115063324,1022.28265
1741115063361,1022.25385
1741115063407,1022.222
1741115063423,1022.1952
1741115063462,1022.1932
1741115063505,1022.22095
1741115063533,1022.2521
1741115063563,1022.27313
1741115063604,1022.30054
1741115063624,1022.30676
1741115063664,1022.28906
1741115063702,1022.2738
1741115063722,1022.2766
1741115063763,1022.27734
1741115063806,1022.27185
1741115063822,1022.25476
1741115063864,1022.2321
1741115063901,1022.2146
1741115063921,1022.22107
1741115063961,1022.19214
1741115064002,1022.166
1741115064022,1022.15625
1741115064061,1022.14136
1741115064102,1022.1378
1741115064121,1022.14136
1741115064161,1022.1585
1741115064210,1022.1838
1741115064221,1022.1941
1741115064263,1022.19446
1741115064301,1022.2092
1741115064321,1022.2216
1741115064361,1022.2179
1741115064404,1022.2026
1741115064432,1022.173
1741115064464,1022.1526
1741115064503,1022.1313
1741115064522,1022.13934
1741115064563,1022.1568
1741115064606,1022.1701
1741115064620,1022.1911
1741115064660,1022.23193
1741115064711,1022.2417
1741115064725,1022.2122
1741115064761,1022.2073
1741115064808,1022.2135
1741115064821,1022.2388
1741115064860,1022.2374
1741115064905,1022.23914
1741115064947,1022.23065
1741115064960,1022.19037
1741115065019,1022.1567
1741115065047,1022.1389
1741115065060,1022.119
1741115065107,1022.10425
1741115065159,1022.0901
1741115065160,1022.0891
1741115065202,1022.0929
1741115065240,1022.0963
1741115065260,1022.12726
1741115065313,1022.14734
1741115065353,1022.1646
1741115065360,1022.1728
1741115065407,1022.1808
1741115065452,1022.19226
1741115065460,1022.1725
1741115065506,1022.162
1741115065540,1022.1389
1741115065559,1022.11224
1741115065602,1022.1185
1741115065644,1022.12476
1741115065660,1022.1249
1741115065702,1022.1213
1741115065743,1022.1357
1741115065760,1022.16595
1741115065807,1022.1895
1741115065840,1022.18915
1741115065860,1022.19116
1741115065902,1022.20746
1741115065942,1022.21686
1741115065959,1022.23376
1741115066001,1022.224
1741115066042,1022.194
1741115066060,1022.16003
1741115066101,1022.13727
1741115066142,1022.11725
1741115066160,1022.091
1741115066202,1022.06305
1741115066248,1022.0469
1741115066260,1022.0451
1741115066302,1022.0567
1741115066348,1022.06244
1741115066359,1022.0824
1741115066402,1022.1113
1741115066449,1022.1349
1741115066459,1022.13477
1741115066502,1022.1283
1741115066552,1022.11847
1741115066560,1022.1264
1741115066600,1022.1255
1741115066653,1022.13025
1741115066659,1022.12274
1741115066722,1022.1
1741115066739,1022.08734
1741115066759,1022.0869
1741115066801,1022.0993
1741115066840,1022.08545
1741115066861,1022.0862
1741115066904,1022.0888
1741115066941,1022.10376
1741115066962,1022.12756
1741115067001,1022.1394
1741115067042,1022.134
1741115067064,1022.1319
1741115067100,1022.14685
1741115067141,1022.17175
1741115067160,1022.16815
1741115067200,1022.1666
1741115067246,1022.1358
1741115067261,1022.11145
1741115067310,1022.09033
1741115067349,1022.0744
1741115067368,1022.0561
1741115067401,1022.0287
1741115067440,1022.0146
1741115067463,1022.0049
1741115067499,1022.0091
1741115067543,1022.02527
1741115067565,1022.0618
1741115067600,1022.07935
1741115067641,1022.0758
1741115067668,1022.0667
1741115067701,1022.07654
1741115067743,1022.08887
1741115067759,1022.10187
1741115067803,1022.11865
1741115067843,1022.10974
1741115067862,1022.07947
1741115067901,1022.0571
1741115067944,1022.05597
1741115067959,1022.0645
1741115068000,1022.05725
1741115068053,1022.0466
1741115068061,1022.06836
1741115068102,1022.0968
1741115068139,1022.11334
1741115068159,1022.1178
1741115068200,1022.10345
1741115068240,1022.0955
1741115068260,1022.1045
1741115068300,1022.1198
1741115068350,1022.145
1741115068361,1022.11926
1741115068417,1022.09784
1741115068439,1022.07733
1741115068459,1022.0537
1741115068500,1022.0509
1741115068543,1022.0436
1741115068558,1022.0196
1741115068604,1022.0029
1741115068641,1021.9954
1741115068660,1021.98883
1741115068700,1021.98615
1741115068741,1021.99414
1741115068758,1022.0111
1741115068801,1022.03174
1741115068841,1022.0509
1741115068872,1022.06104
1741115068898,1022.0597
1741115068940,1022.0414
1741115068961,1022.04663
1741115069011,1022.05505
1741115069041,1022.06616
1741115069064,1022.0671
1741115069100,1022.05194
1741115069140,1022.0252
1741115069168,1022.01685
1741115069205,1022.01776
1741115069249,1022.00653
1741115069262,1021.9929
1741115069302,1021.9906
1741115069340,1021.9987
1741115069393,1022.02295
1741115069397,1022.04675
1741115069438,1022.08105
1741115069460,1022.0792
1741115069501,1022.06506
1741115069543,1022.06647
1741115069565,1022.0532
1741115069599,1022.0413
1741115069638,1022.0405
1741115069659,1022.0444
1741115069703,1022.04236
1741115069740,1022.0409
1741115069760,1022.0276
1741115069800,1022.04486
1741115069844,1022.0501
1741115069866,1022.0289
1741115069898,1022.0081
1741115069937,1022.02155
1741115069961,1022.0036
1741115070004,1021.9841
1741115070040,1021.9667
1741115070060,1021.99585
1741115070103,1022.02435
1741115070141,1022.037
1741115070162,1022.03284
1741115070199,1022.04004
1741115070242,1022.03406
1741115070258,1022.03033
1741115070299,1022.02185
1741115070340,1022.01697
1741115070362,1022.0082
1741115070403,1022.00867
1741115070440,1022.01996
1741115070468,1022.03357
1741115070499,1022.0073
1741115070545,1021.991
1741115070565,1021.9719
1741115070598,1021.9767
1741115070647,1021.9945
1741115070657,1022.0016
1741115070710,1022.00555
1741115070738,1022.0217
1741115070760,1022.0407
1741115070806,1022.04675
1741115070838,1022.0497
1741115070857,1022.03345
1741115070900,1022.04156
1741115070938,1022.0337
1741115070968,1022.0215
1741115070998,1022.03357
1741115071045,1022.0418
1741115071057,1022.0056
1741115071099,1021.99854
1741115071151,1022.00256
1741115071166,1021.9986
1741115071198,1021.9999
1741115071245,1022.01184
1741115071258,1022.038
1741115071298,1022.0421
1741115071338,1022.0346
1741115071361,1022.0274
1741115071403,1022.03864
1741115071438,1022.02496
1741115071472,1022.0234
1741115071498,1022.02405
1741115071544,1022.01654
1741115071562,1022.004
1741115071597,1021.9978
1741115071638,1021.99194
1741115071658,1021.99084
1741115071697,1022.0093
1741115071753,1022.0091
1741115071757,1022.0177
1741115071801,1022.0324
1741115071837,1022.0337
1741115071858,1022.0183
1741115071902,1022.02637
1741115071938,1022.04095
1741115071961,1022.05035
1741115072010,1022.0376
1741115072037,1022.04126
1741115072057,1022.04663
1741115072097,1022.0315
1741115072144,1021.996
1741115072157,1021.9873
1741115072207,1021.98145
1741115072242,1022.0136
1741115072258,1022.03406
1741115072298,1022.0478
1741115072341,1022.0513
1741115072357,1022.0509
1741115072397,1022.0453
1741115072438,1022.0504
1741115072458,1022.0582
1741115072497,1022.05304
1741115072537,1022.0228
1741115072561,1021.9886
1741115072598,1021.96497
1741115072637,1021.95807
1741115072662,1021.9687
1741115072698,1021.98425
1741115072737,1021.9945
1741115072757,1022.00726
1741115072800,1022.04083
1741115072847,1022.08
1741115072858,1022.0788
1741115072899,1022.0548
1741115072937,1022.03705
1741115072956,1022.03076
1741115072996,1022.03564
1741115073038,1022.0493
1741115073072,1022.0437
1741115073096,1022.03357
1741115073137,1022.02924
1741115073166,1022.00586
1741115073196,1021.98566
1741115073237,1021.9829
1741115073262,1021.9837
1741115073296,1021.9667
1741115073338,1021.96204
1741115073356,1021.94666
1741115073399,1021.94055
1741115073438,1021.9282
1741115073472,1021.9368
1741115073498,1021.9565
1741115073540,1021.9697
1741115073561,1021.98914
1741115073605,1021.9956
1741115073636,1021.9937
1741115073662,1021.9974
1741115073697,1022.01605
1741115073741,1022.02246
1741115073758,1021.9981
1741115073796,1021.97705
1741115073842,1021.949
1741115073857,1021.94104
1741115073898,1021.9383
1741115073941,1021.9317
1741115073955,1021.9364
1741115073998,1021.951
1741115074035,1021.98096
1741115074055,1022.00946
1741115074097,1022.0225
1741115074136,1022.00745
1741115074156,1021.9909
1741115074196,1021.99414
1741115074235,1022.0069
1741115074256,1022.014
1741115074299,1022.02606
1741115074336,1022.0178
1741115074355,1021.9916
1741115074409,1021.9606
1741115074435,1021.9439
1741115074457,1021.944
1741115074496,1021.9467
1741115074538,1021.92834
1741115074556,1021.9035
1741115074598,1021.88794
1741115074638,1021.8768
1741115074656,1021.88605
1741115074696,1021.89355
1741115074736,1021.9074
1741115074756,1021.93134
1741115074797,1021.954
1741115074836,1021.96094
1741115074857,1021.94916
1741115074894,1021.95264
1741115074937,1021.9785
1741115074960,1021.9937
1741115075005,1021.9865
1741115075036,1021.9721
1741115075057,1021.9325
1741115075102,1021.92004
1741115075136,1021.9252
1741115075157,1021.9243
1741115075197,1021.9147
1741115075235,1021.91156
1741115075257,1021.94025
1741115075301,1021.99
1741115075337,1022.0253
1741115075359,1022.0207
1741115075395,1022.0063
1741115075437,1021.99243
1741115075466,1021.97784
1741115075495,1021.9855
1741115075536,1021.9956
1741115075555,1022.0005
1741115075597,1021.9783
1741115075634,1021.95624
1741115075657,1021.93506
1741115075706,1021.92725
1741115075736,1021.9204
1741115075757,1021.9133
1741115075796,1021.8932
1741115075835,1021.88226
1741115075855,1021.87415
1741115075896,1021.87915
1741115075936,1021.8883
1741115075958,1021.90283
1741115075998,1021.9265
1741115076037,1021.94714
1741115076056,1021.9498
1741115076096,1021.9404
1741115076135,1021.9403
1741115076156,1021.9536
1741115076202,1021.96533
1741115076235,1021.97925
1741115076255,1021.97015
1741115076299,1021.93933
1741115076336,1021.916
1741115076356,1021.903
1741115076396,1021.9038
1741115076436,1021.9017
1741115076454,1021.8842
1741115076496,1021.881
1741115076548,1021.89014
1741115076555,1021.9287
1741115076595,1021.95557
1741115076635,1021.96375
1741115076656,1021.9556
1741115076701,1021.93536
1741115076734,1021.9214
1741115076756,1021.92065
1741115076796,1021.9296
1741115076837,1021.9408
1741115076857,1021.9471
1741115076894,1021.9468
1741115076936,1021.9397
1741115076954,1021.93207
1741115076996,1021.91473
1741115077034,1021.8922
1741115077056,1021.8686
1741115077095,1021.8524
1741115077137,1021.8395
1741115077154,1021.832
1741115077195,1021.8325
1741115077235,1021.8273
1741115077256,1021.8281
1741115077303,1021.8391
1741115077337,1021.8545
1741115077367,1021.8736
1741115077393,1021.9042
1741115077435,1021.9131
1741115077457,1021.9029
1741115077494,1021.9133
1741115077546,1021.92303
1741115077555,1021.9149
1741115077594,1021.8878
1741115077633,1021.8579
1741115077654,1021.8479
1741115077698,1021.84735
1741115077733,1021.8486
1741115077754,1021.86316
1741115077795,1021.8685
1741115077834,1021.8954
1741115077857,1021.9199
1741115077895,1021.93585
1741115077937,1021.92474
1741115077954,1021.8991
1741115077997,1021.8862
1741115078034,1021.8795
1741115078055,1021.8833
1741115078093,1021.8987
1741115078136,1021.9121
1741115078157,1021.91046
1741115078194,1021.88776
1741115078244,1021.86957
1741115078254,1021.87085
1741115078299,1021.8727
1741115078334,1021.8602
1741115078353,1021.8317
1741115078395,1021.82043
1741115078435,1021.81726
1741115078455,1021.82526
1741115078495,1021.8157
1741115078534,1021.8051
1741115078555,1021.8116
1741115078595,1021.822
1741115078634,1021.837
1741115078657,1021.83716
1741115078702,1021.84796
1741115078734,1021.8484
1741115078757,1021.854
1741115078818,1021.87476
1741115078833,1021.8809
1741115078852,1021.8726
1741115078894,1021.8539
1741115078937,1021.8342
1741115078954,1021.81714
1741115078994,1021.8205
1741115079050,1021.81793
1741115079055,1021.80725
1741115079093,1021.81384
1741115079132,1021.8359
1741115079153,1021.85846
1741115079192,1021.87195
1741115079264,1021.879
1741115079264,1021.87115
1741115079294,1021.8572
1741115079335,1021.8565
1741115079357,1021.8424
1741115079398,1021.83496
1741115079433,1021.835
1741115079457,1021.83325
1741115079494,1021.8456
1741115079534,1021.8508
1741115079555,1021.8485
1741115079594,1021.84656
1741115079633,1021.84937
1741115079653,1021.8244
1741115079694,1021.81726
1741115079733,1021.8201
1741115079754,1021.80566
1741115079796,1021.7988
1741115079833,1021.7953
1741115079853,1021.8025
1741115079894,1021.80664
1741115079933,1021.824
1741115079954,1021.84015
1741115079993,1021.84534
1741115080036,1021.8518
1741115080053,1021.8427
1741115080093,1021.85016
1741115080137,1021.8434
1741115080153,1021.82825
1741115080193,1021.8152
1741115080237,1021.833
1741115080253,1021.8197
1741115080295,1021.7997
1741115080333,1021.7891
1741115080353,1021.7844
1741115080394,1021.79376
1741115080433,1021.8037
1741115080455,1021.80286
1741115080493,1021.82983
1741115080535,1021.85004
1741115080556,1021.8626
1741115080594,1021.85925
1741115080633,1021.8594
1741115080653,1021.8516
1741115080699,1021.83826
1741115080733,1021.8225
1741115080763,1021.8139
1741115080793,1021.8268
1741115080834,1021.83704
1741115080859,1021.832
1741115080894,1021.82935
1741115080934,1021.81714
1741115080957,1021.80316
1741115080992,1021.8008
1741115081034,1021.80817
1741115081053,1021.78564
1741115081095,1021.77576
1741115081149,1021.80743
1741115081154,1021.8539
1741115081199,1021.8721
1741115081233,1021.86365
1741115081254,1021.8429
1741115081293,1021.8352
1741115081334,1021.84344
1741115081353,1021.84216
1741115081393,1021.85443
1741115081433,1021.84314
1741115081456,1021.82666
1741115081494,1021.8021
1741115081535,1021.7806
1741115081563,1021.7853
1741115081593,1021.806
1741115081634,1021.81476
1741115081654,1021.82294
1741115081693,1021.83325
1741115081734,1021.8314
1741115081772,1021.833
1741115081794,1021.842
1741115081835,1021.8551
1741115081854,1021.8533
1741115081893,1021.84546
1741115081932,1021.8192
1741115081953,1021.81165
1741115081992,1021.7956
1741115082034,1021.78845
1741115082051,1021.7947
1741115082092,1021.78735
1741115082137,1021.80896
1741115082152,1021.8377
1741115082200,1021.8418
1741115082233,1021.8362
1741115082255,1021.822
1741115082292,1021.80707
1741115082334,1021.8019
1741115082355,1021.8125
1741115082393,1021.8233
1741115082432,1021.8155
1741115082454,1021.79877
1741115082499,1021.77686
1741115082534,1021.7647
1741115082554,1021.76935
1741115082592,1021.76605
1741115082633,1021.76556
1741115082654,1021.7837
1741115082693,1021.82166
1741115082733,1021.8688
1741115082752,1021.8784
1741115082794,1021.87573
1741115082833,1021.86395
1741115082852,1021.85455
1741115082892,1021.84814
1741115082933,1021.8486
1741115082952,1021.83154
1741115083002,1021.81464
1741115083033,1021.8036
1741115083052,1021.77563
1741115083092,1021.7661
1741115083133,1021.74854
1741115083151,1021.7241
1741115083197,1021.7081
1741115083235,1021.69824
1741115083253,1021.7044
1741115083293,1021.72363
1741115083332,1021.7414
1741115083354,1021.75574
1741115083394,1021.7627
1741115083430,1021.7643
1741115083452,1021.76117
1741115083492,1021.7722
1741115083535,1021.7755
1741115083561,1021.7776
1741115083593,1021.782
1741115083631,1021.76685
1741115083653,1021.74384
1741115083693,1021.7272
1741115083734,1021.715
1741115083753,1021.7028
1741115083791,1021.7056
1741115083832,1021.725
1741115083852,1021.75073
1741115083892,1021.7805
1741115083931,1021.854
1741115083955,1021.8466
1741115083991,1021.82117
1741115084032,1021.80554
1741115084054,1021.799
1741115084093,1021.80054
1741115084130,1021.80304
1741115084152,1021.7781
1741115084190,1021.7501
1741115084231,1021.73004
1741115084249,1021.72864
1741115084290,1021.71533
1741115084334,1021.6957
1741115084353,1021.6712
1741115084392,1021.66876
1741115084435,1021.68195
1741115084453,1021.699
1741115084492,1021.7312
1741115084533,1021.7496
1741115084552,1021.7421
1741115084593,1021.75195
1741115084632,1021.7545
1741115084654,1021.75977
1741115084693,1021.7655
1741115084732,1021.758
1741115084752,1021.734
1741115084791,1021.7102
1741115084835,1021.70905
1741115084855,1021.71326
1741115084896,1021.70447
1741115084933,1021.7062
1741115084954,1021.707
1741115084992,1021.7307
1741115085034,1021.76245
1741115085052,1021.78467
1741115085094,1021.7853
1741115085130,1021.77423
1741115085150,1021.7641
1741115085191,1021.76227
1741115085232,1021.76953
1741115085251,1021.784
1741115085293,1021.78595
1741115085331,1021.76917
1741115085350,1021.74176
1741115085391,1021.7174
1741115085430,1021.7073
1741115085452,1021.7096
1741115085491,1021.70605
1741115085533,1021.6854
1741115085552,1021.6729
1741115085596,1021.6499
1741115085634,1021.642
1741115085651,1021.6477
1741115085694,1021.6631
1741115085730,1021.6864
1741115085751,1021.71094
1741115085792,1021.70844
1741115085830,1021.70404
1741115085850,1021.7048
1741115085891,1021.7062
1741115085946,1021.7158
1741115085956,1021.7188
1741115085991,1021.7003
1741115086034,1021.6708
1741115086052,1021.6408
1741115086090,1021.63293
1741115086135,1021.65405
1741115086150,1021.6698
1741115086191,1021.683
1741115086232,1021.6959
1741115086250,1021.72156
1741115086290,1021.75653
1741115086329,1021.75165
1741115086351,1021.7356
1741115086400,1021.7274
1741115086428,1021.7213
1741115086449,1021.71826
1741115086490,1021.7311
1741115086530,1021.72485
1741115086551,1021.7009
1741115086591,1021.67126
1741115086632,1021.65735
1741115086652,1021.66016
1741115086689,1021.65186
1741115086730,1021.6229
1741115086769,1021.60986
1741115086788,1021.61127
1741115086831,1021.62036
1741115086879,1021.6267
1741115086892,1021.62756
1741115086931,1021.6511
1741115086971,1021.67725
1741115086988,1021.6868
1741115087035,1021.6873
1741115087068,1021.69507
1741115087089,1021.6925
1741115087129,1021.6709
1741115087169,1021.66156
1741115087188,1021.65344
1741115087230,1021.6504
1741115087271,1021.64874
1741115087289,1021.6499
1741115087331,1021.65295
1741115087373,1021.6399
1741115087391,1021.6398
1741115087432,1021.6532
1741115087468,1021.68176
1741115087491,1021.70917
1741115087528,1021.73236
1741115087570,1021.7135
1741115087588,1021.70215
1741115087631,1021.6951
1741115087676,1021.70465
1741115087692,1021.7107
1741115087731,1021.7046
1741115087768,1021.68713
1741115087789,1021.66504
1741115087834,1021.64343
1741115087868,1021.63275
1741115087891,1021.62024
1741115087929,1021.5925
1741115087981,1021.57935
1741115087993,1021.5759
1741115088031,1021.57336
1741115088070,1021.5669
1741115088093,1021.56915
1741115088128,1021.57697
1741115088173,1021.6054
1741115088190,1021.62897
1741115088232,1021.6322
1741115088268,1021.62067
1741115088288,1021.6341
1741115088328,1021.6366
1741115088368,1021.64014
1741115088390,1021.6459
1741115088431,1021.65186
1741115088470,1021.64777
1741115088489,1021.6261
1741115088529,1021.60443
1741115088573,1021.58655
1741115088588,1021.5754
1741115088627,1021.57294
1741115088668,1021.5599
1741115088688,1021.55206
1741115088727,1021.5574
1741115088768,1021.5821
1741115088787,1021.61707
1741115088827,1021.6334
1741115088869,1021.6477
1741115088886,1021.6372
1741115088926,1021.6138
1741115088972,1021.5989
1741115088986,1021.60693
1741115089026,1021.6141
1741115089068,1021.62177
1741115089091,1021.63245
1741115089129,1021.62494
1741115089168,1021.6133
1741115089207,1021.6167
1741115089229,1021.6116
1741115089266,1021.6053
1741115089286,1021.60535
1741115089327,1021.60754
1741115089368,1021.5976
1741115089387,1021.5918
1741115089428,1021.6145
1741115089466,1021.6006
1741115089489,1021.56433
1741115089527,1021.5602
1741115089566,1021.5693
1741115089587,1021.58954
1741115089626,1021.6201
1741115089666,1021.64075
1741115089696,1021.64386
1741115089726,1021.63727
1741115089766,1021.6261
1741115089788,1021.61884
1741115089834,1021.6133
1741115089866,1021.60596
1741115089886,1021.6054
1741115089926,1021.6065
1741115089966,1021.6129
1741115089989,1021.59875
1741115090027,1021.57837
1741115090066,1021.57446
1741115090089,1021.57184
1741115090126,1021.58246
1741115090166,1021.59204
1741115090186,1021.58527
1741115090226,1021.5808
1741115090266,1021.61
1741115090289,1021.6293
1741115090327,1021.6377
1741115090366,1021.6482
1741115090387,1021.6376
1741115090426,1021.6268
1741115090466,1021.61
1741115090491,1021.59564
1741115090526,1021.6
1741115090566,1021.6075
1741115090589,1021.6176
1741115090632,1021.6138
1741115090666,1021.58044
1741115090688,1021.59717
1741115090727,1021.5992
1741115090765,1021.5854
1741115090790,1021.57697
1741115090826,1021.59454
1741115090866,1021.6195
1741115090886,1021.6375
1741115090927,1021.64795
1741115090965,1021.6516
1741115090989,1021.6308
1741115091026,1021.6244
1741115091065,1021.6202
1741115091088,1021.6165
1741115091126,1021.6181
1741115091167,1021.6163
1741115091190,1021.6235
1741115091228,1021.6046
1741115091265,1021.5503
1741115091289,1021.5286
1741115091326,1021.58026
1741115091388,1021.58984
1741115091388,1021.5995
1741115091426,1021.6081
1741115091468,1021.61194
1741115091492,1021.6237
1741115091526,1021.6345
1741115091567,1021.64435
1741115091586,1021.6556
1741115091627,1021.655
1741115091669,1021.6499
1741115091691,1021.6583
1741115091734,1021.6631
1741115091767,1021.66
1741115091787,1021.65375
1741115091828,1021.6515
1741115091866,1021.67346
1741115091888,1021.64453
1741115091928,1021.63574
1741115091970,1021.6057
1741115091987,1021.5615
1741115092027,1021.5435
1741115092068,1021.5385
1741115092087,1021.5335
1741115092131,1021.5357
1741115092171,1021.543
1741115092186,1021.55
1741115092228,1021.5586
1741115092265,1021.5573
1741115092287,1021.56775
1741115092329,1021.56946
1741115092365,1021.57776
1741115092385,1021.5787
1741115092431,1021.5559
1741115092467,1021.5326
1741115092488,1021.5327
1741115092526,1021.53174
1741115092565,1021.5293
1741115092588,1021.5356
1741115092625,1021.5584
1741115092671,1021.5939
1741115092687,1021.6296
1741115092727,1021.62946
1741115092768,1021.6179
1741115092787,1021.6152
1741115092835,1021.612
1741115092866,1021.61456
1741115092891,1021.6182
1741115092926,1021.61975
1741115092966,1021.59216
1741115092990,1021.56964
1741115093026,1021.53784
1741115093068,1021.53625
1741115093087,1021.5382
1741115093133,1021.5227
1741115093166,1021.5006
1741115093188,1021.5012
1741115093228,1021.4972
1741115093267,1021.5095
1741115093294,1021.5305
1741115093327,1021.5404
1741115093365,1021.5481
1741115093386,1021.55536
1741115093427,1021.56726
1741115093468,1021.5637
1741115093484,1021.5626
1741115093528,1021.561
1741115093566,1021.5497
1741115093585,1021.524
1741115093627,1021.5116
1741115093670,1021.4979
1741115093692,1021.5147
1741115093726,1021.5224
1741115093766,1021.5301
1741115093792,1021.5434
1741115093825,1021.5717
1741115093865,1021.5929
1741115093885,1021.59875
1741115093926,1021.60144
1741115093967,1021.5825
1741115093992,1021.57263
1741115094028,1021.58234
1741115094064,1021.58575
1741115094084,1021.5731
1741115094128,1021.55914
1741115094171,1021.5544
1741115094184,1021.546
1741115094228,1021.52734
1741115094264,1021.525
1741115094286,1021.53204
1741115094334,1021.5409
1741115094371,1021.53186
1741115094384,1021.5216
1741115094432,1021.50305
1741115094471,1021.48676
1741115094485,1021.4813
1741115094527,1021.46606
1741115094567,1021.4625
1741115094588,1021.45337
1741115094625,1021.4485
1741115094665,1021.46594
1741115094685,1021.4854
1741115094724,1021.4961
1741115094766,1021.5014
1741115094785,1021.50964
1741115094834,1021.5117
1741115094864,1021.52435
1741115094884,1021.52747
1741115094925,1021.53125
1741115094965,1021.52814
1741115094985,1021.51575
1741115095028,1021.4874
1741115095066,1021.47125
1741115095084,1021.4798
1741115095125,1021.4844
1741115095169,1021.48413
1741115095184,1021.4906
1741115095225,1021.51013
1741115095264,1021.54614
1741115095288,1021.5667
1741115095324,1021.5687
1741115095365,1021.5474
1741115095385,1021.5349
1741115095424,1021.5415
1741115095465,1021.54095
1741115095485,1021.54333
1741115095530,1021.5327
1741115095563,1021.51373
1741115095585,1021.49646
1741115095630,1021.4883
1741115095665,1021.48975
1741115095692,1021.4887
1741115095728,1021.46045
1741115095764,1021.4258
1741115095785,1021.41956
1741115095831,1021.43195
1741115095864,1021.46106
1741115095913,1021.485
1741115095927,1021.4959
1741115095968,1021.4885
1741115095983,1021.4636
1741115096026,1021.46497
1741115096063,1021.4874
1741115096084,1021.49634
1741115096127,1021.50934
1741115096164,1021.4939
1741115096185,1021.46173
1741115096227,1021.42914
1741115096265,1021.42645
1741115096287,1021.44446
1741115096323,1021.44727
1741115096378,1021.4562
1741115096394,1021.4649
1741115096425,1021.4679
1741115096473,1021.4712
1741115096487,1021.4793
1741115096531,1021.48956
1741115096565,1021.48596
1741115096583,1021.4821
1741115096623,1021.4811
1741115096663,1021.49115
1741115096684,1021.4866
1741115096723,1021.4683
1741115096763,1021.4639
1741115096788,1021.4606
1741115096825,1021.45374
1741115096868,1021.4557
1741115096884,1021.45233
1741115096923,1021.4492
1741115096980,1021.4378
1741115096995,1021.4253
1741115097026,1021.4149
1741115097064,1021.41174
1741115097087,1021.4079
1741115097127,1021.4136
1741115097163,1021.42236
1741115097185,1021.4228
1741115097231,1021.4181
1741115097266,1021.4275
1741115097290,1021.443
1741115097325,1021.44696
1741115097363,1021.45984
1741115097384,1021.44763
1741115097426,1021.45654
1741115097463,1021.4625
1741115097493,1021.4524
1741115097523,1021.44995
1741115097565,1021.4476
1741115097592,1021.43677
1741115097624,1021.4258
1741115097671,1021.41504
1741115097682,1021.4214
1741115097723,1021.42126
1741115097764,1021.41174
1741115097783,1021.4195
1741115097827,1021.43384
1741115097863,1021.44025
1741115097884,1021.4465
1741115097929,1021.44604
1741115097963,1021.4469
1741115097986,1021.44794
1741115098024,1021.4466
1741115098062,1021.43176
1741115098084,1021.42694
1741115098125,1021.4241
1741115098162,1021.4223
1741115098183,1021.4231
1741115098225,1021.42114
1741115098262,1021.4248
1741115098284,1021.4188
1741115098324,1021.40564
1741115098362,1021.3988
1741115098384,1021.39386
1741115098422,1021.3874
1741115098472,1021.3871
1741115098482,1021.3901
1741115098529,1021.38715
1741115098564,1021.386
1741115098583,1021.38257
1741115098631,1021.38025
1741115098664,1021.3711
1741115098684,1021.3699
1741115098721,1021.3602
1741115098762,1021.35913
1741115098782,1021.3601
1741115098825,1021.36237
1741115098862,1021.35864
1741115098881,1021.35016
1741115098923,1021.355
1741115098976,1021.35345
1741115098988,1021.3517
1741115099025,1021.35925
1741115099064,1021.3658
1741115099092,1021.3669
1741115099131,1021.3635
1741115099165,1021.3607
1741115099181,1021.3607
1741115099222,1021.36487
1741115099262,1021.37006
1741115099282,1021.35455
1741115099322,1021.35724
1741115099361,1021.3534
1741115099382,1021.349
1741115099423,1021.3534
1741115099463,1021.3554
1741115099481,1021.35315
1741115099543,1021.3517
1741115099561,1021.36316
1741115099582,1021.35767
1741115099621,1021.36066
1741115099661,1021.3664
1741115099681,1021.3584
1741115099723,1021.3574
1741115099763,1021.35406
1741115099792,1021.34973
1741115099828,1021.3456
1741115099862,1021.3478
1741115099883,1021.3452
1741115099922,1021.33777
1741115099963,1021.3395
1741115099981,1021.342
1741115100022,1021.3458
1741115100060,1021.3489
1741115100081,1021.34534
1741115100123,1021.336
1741115100171,1021.3383
1741115100180,1021.33704
1741115100237,1021.3459
1741115100271,1021.3472
1741115100281,1021.3562
1741115100326,1021.35986
1741115100369,1021.35486
1741115100380,1021.34686
1741115100432,1021.3467
1741115100484,1021.3572
1741115100485,1021.35156
1741115100521,1021.35187
1741115100563,1021.351
1741115100580,1021.35767
1741115100625,1021.3533
1741115100662,1021.34827
1741115100681,1021.34265
1741115100723,1021.3529
1741115100760,1021.35925
1741115100780,1021.3572
1741115100821,1021.3577
1741115100860,1021.3501
1741115100880,1021.3524
1741115100920,1021.35394
1741115100960,1021.36255
1741115100980,1021.3594
1741115101020,1021.3607
1741115101060,1021.35583
1741115101080,1021.35486
1741115101124,1021.3616
1741115101160,1021.36694
1741115101180,1021.37714
1741115101220,1021.3685
1741115101284,1021.36
1741115101285,1021.357
1741115101336,1021.3564
1741115101361,1021.35864
1741115101379,1021.365
1741115101421,1021.36725
1741115101461,1021.36926
1741115101480,1021.3717
1741115101521,1021.3724
1741115101559,1021.3767
1741115101579,1021.3717
1741115101619,1021.3596
1741115101660,1021.35846
1741115101679,1021.36566
1741115101720,1021.37134
1741115101760,1021.36176
1741115101779,1021.363
1741115101819,1021.35864
1741115101859,1021.3612
1741115101879,1021.35925
1741115101919,1021.3607
1741115101960,1021.35693
1741115101981,1021.3627
1741115102021,1021.37054
1741115102062,1021.3661
1741115102081,1021.3711
1741115102119,1021.3639
1741115102159,1021.35815
1741115102179,1021.3656
1741115102220,1021.3615
