1741116507926,1023.3501
1741116507947,1023.3117
1741116507987,1023.29956
1741116508027,1023.30316
1741116508046,1023.29517
1741116508088,1023.2909
1741116508127,1023.2905
1741116508146,1023.28723
1741116508187,1023.28357
1741116508226,1023.2947
1741116508246,1023.3032
1741116508288,1023.3053
1741116508327,1023.3024
1741116508346,1023.2991
1741116508388,1023.3094
1741116508429,1023.3101
1741116508447,1023.31384
1741116508487,1023.3135
1741116508526,1023.32007
1741116508547,1023.3247
1741116508586,1023.31604
1741116508627,1023.31335
1741116508646,1023.32056
1741116508687,1023.3144
1741116508726,1023.3138
1741116508746,1023.31323
1741116508787,1023.32385
1741116508826,1023.32697
1741116508846,1023.33356
1741116508888,1023.3352
1741116508930,1023.33234
1741116508946,1023.3426
1741116508985,1023.3445
1741116509026,1023.3452
1741116509048,1023.34454
1741116509086,1023.346
1741116509126,1023.3393
1741116509147,1023.33875
1741116509189,1023.3349
1741116509229,1023.35
1741116509246,1023.3353
1741116509286,1023.3373
1741116509334,1023.33704
1741116509346,1023.3401
1741116509386,1023.3409
1741116509487,1023.33716
1741116509519,1023.3365
1741116509548,1023.3282
1741116509589,1023.3222
1741116509611,1023.28577
1741116509650,1023.32544
1741116509693,1023.35693
1741116509708,1023.361
1741116509749,1023.3507
1741116509786,1023.34595
1741116509809,1023.3551
1741116509899,1023.36346
1741116509900,1023.3706
1741116509907,1023.36584
1741116509947,1023.36395
1741116509987,1023.3506
1741116510007,1023.3482
1741116510046,1023.3454
1741116510087,1023.3393
1741116510109,1023.33496
1741116510146,1023.3413
1741116510188,1023.3545
1741116510209,1023.3614
1741116510248,1023.35
1741116510287,1023.3379
1741116510307,1023.34015
1741116510351,1023.33954
1741116510386,1023.3337
1741116510408,1023.329
1741116510445,1023.33044
1741116510486,1023.3234
1741116510505,1023.3214
1741116510546,1023.3164
1741116510587,1023.3105
1741116510608,1023.3033
1741116510647,1023.29736
1741116510688,1023.3057
1741116510708,1023.31537
1741116510748,1023.3346
1741116510768,1023.33813
1741116510809,1023.3376
1741116510848,1023.3262
1741116510887,1023.315
1741116510907,1023.29956
1741116510950,1023.3115
1741116510991,1023.2647
1741116511009,1023.3205
1741116511047,1023.31006
1741116511088,1023.3255
1741116511107,1023.3326
1741116511154,1023.3086
1741116511186,1023.29913
1741116511208,1023.3042
1741116511248,1023.2986
1741116511295,1023.30365
1741116511307,1023.3076
1741116511345,1023.25116
1741116511385,1023.28503
1741116511405,1023.3022
1741116511447,1023.3278
1741116511486,1023.32263
1741116511505,1023.3117
1741116511546,1023.3083
1741116511585,1023.30005
1741116511606,1023.2921
1741116511645,1023.287
1741116511686,1023.2825
1741116511706,1023.27295
1741116511746,1023.2986
1741116511787,1023.2981
1741116511806,1023.32324
1741116511846,1023.3123
1741116511886,1023.29895
1741116511906,1023.2982
1741116511948,1023.29724
1741116512000,1023.3072
1741116512005,1023.29535
1741116512047,1023.25854
1741116512087,1023.2754
1741116512107,1023.28784
1741116512146,1023.3083
1741116512188,1023.31055
1741116512215,1023.306
1741116512252,1023.3048
1741116512304,1023.3024
1741116512305,1023.29535
1741116512345,1023.2895
1741116512392,1023.28876
1741116512406,1023.2353
1741116512447,1023.26654
1741116512491,1023.2969
1741116512507,1023.3333
1741116512550,1023.30676
1741116512585,1023.29315
1741116512608,1023.2878
1741116512661,1023.2837
1741116512687,1023.2917
1741116512707,1023.2683
1741116512745,1023.2447
1741116512788,1023.27795
1741116512810,1023.30774
1741116512848,1023.31744
1741116512885,1023.3134
1741116512907,1023.30194
1741116512949,1023.2916
1741116512985,1023.2814
1741116513006,1023.28564
1741116513048,1023.29333
1741116513097,1023.2284
1741116513106,1023.30725
1741116513148,1023.3067
1741116513186,1023.3178
1741116513208,1023.3102
1741116513245,1023.2971
1741116513286,1023.28625
1741116513320,1023.2931
1741116513345,1023.2969
1741116513385,1023.29865
1741116513407,1023.23425
1741116513446,1023.2409
1741116513502,1023.3061
1741116513507,1023.3127
1741116513548,1023.3109
1741116513585,1023.3098
1741116513605,1023.29926
1741116513646,1023.299
1741116513694,1023.29846
1741116513704,1023.29175
1741116513746,1023.2931
1741116513799,1023.2401
1741116513805,1023.2578
1741116513847,1023.283
1741116513886,1023.329
1741116513910,1023.3302
1741116513946,1023.314
1741116513984,1023.2995
1741116514004,1023.29156
1741116514044,1023.2871
1741116514086,1023.27625
1741116514106,1023.21594
1741116514145,1023.2804
1741116514186,1023.2852
1741116514210,1023.30566
1741116514244,1023.3022
1741116514284,1023.2908
1741116514305,1023.28455
1741116514346,1023.27747
1741116514385,1023.27325
1741116514406,1023.2905
1741116514444,1023.29236
1741116514488,1023.30615
1741116514517,1023.29694
1741116514545,1023.3324
1741116514583,1023.33044
1741116514605,1023.3119
1741116514644,1023.30725
1741116514683,1023.30524
1741116514714,1023.3169
1741116514746,1023.3095
1741116514786,1023.19763
1741116514805,1023.29724
1741116514847,1023.3047
1741116514884,1023.316
1741116514904,1023.3145
1741116514946,1023.314
1741116514986,1023.3059
1741116515004,1023.2973
1741116515045,1023.2933
1741116515087,1023.3025
1741116515111,1023.2933
1741116515147,1023.2905
1741116515183,1023.30365
1741116515207,1023.3206
1741116515246,1023.3267
1741116515285,1023.3063
1741116515306,1023.3071
1741116515359,1023.3068
1741116515386,1023.31177
1741116515406,1023.3195
1741116515444,1023.25134
1741116515485,1023.3119
1741116515507,1023.31445
1741116515548,1023.33124
1741116515584,1023.33276
1741116515606,1023.3192
1741116515646,1023.31354
1741116515684,1023.3063
1741116515704,1023.29395
1741116515745,1023.30493
1741116515785,1023.3005
1741116515806,1023.22217
1741116515845,1023.24493
1741116515888,1023.2662
1741116515904,1023.2969
1741116515944,1023.3105
1741116515989,1023.2941
1741116516005,1023.29395
1741116516045,1023.28723
1741116516087,1023.29803
1741116516116,1023.3086
1741116516145,1023.25464
1741116516202,1023.2771
1741116516205,1023.306
1741116516245,1023.322
1741116516286,1023.3244
1741116516312,1023.3093
1741116516344,1023.3004
1741116516388,1023.29224
1741116516404,1023.29895
1741116516447,1023.301
1741116516485,1023.29926
1741116516505,1023.2968
1741116516546,1023.307
1741116516586,1023.3218
1741116516606,1023.3378
1741116516646,1023.3179
1741116516687,1023.3101
1741116516706,1023.31085
1741116516745,1023.3086
1741116516783,1023.26434
1741116516803,1023.2979
1741116516845,1023.29987
1741116516889,1023.3198
1741116516905,1023.32324
1741116516946,1023.3174
1741116516986,1023.32153
1741116517025,1023.3033
1741116517044,1023.29504
1741116517085,1023.2965
1741116517105,1023.2837
1741116517144,1023.32184
1741116517184,1023.30255
1741116517212,1023.32007
1741116517243,1023.32306
1741116517289,1023.3076
1741116517311,1023.30975
1741116517344,1023.31744
1741116517383,1023.3156
1741116517408,1023.31726
1741116517453,1023.2846
1741116517483,1023.30695
1741116517506,1023.30566
1741116517546,1023.3176
1741116517584,1023.3119
1741116517615,1023.31934
1741116517644,1023.3113
1741116517684,1023.2991
1741116517703,1023.2956
1741116517749,1023.29987
1741116517785,1023.32007
1741116517803,1023.3212
1741116517845,1023.31616
1741116517883,1023.32263
1741116517903,1023.3409
1741116517944,1023.33234
1741116517982,1023.3136
1741116518006,1023.3054
1741116518043,1023.307
1741116518084,1023.30725
1741116518104,1023.30145
1741116518146,1023.29004
1741116518183,1023.3067
1741116518215,1023.32043
1741116518243,1023.3271
1741116518289,1023.3288
1741116518305,1023.32465
1741116518345,1023.30493
1741116518385,1023.30164
1741116518409,1023.3003
1741116518445,1023.3025
1741116518484,1023.3043
1741116518502,1023.3167
1741116518545,1023.3113
1741116518584,1023.33685
1741116518603,1023.3454
1741116518658,1023.3291
1741116518686,1023.3181
1741116518721,1023.30554
1741116518744,1023.30536
1741116518783,1023.2933
1741116518801,1023.29395
1741116518844,1023.3213
1741116518882,1023.34265
1741116518905,1023.3545
1741116518947,1023.3369
1741116518984,1023.3196
1741116519003,1023.3121
1741116519057,1023.31177
1741116519082,1023.30194
1741116519104,1023.30176
1741116519144,1023.28876
1741116519184,1023.36694
1741116519202,1023.33923
1741116519244,1023.33606
1741116519283,1023.3458
1741116519301,1023.3299
1741116519341,1023.31
1741116519382,1023.3112
1741116519403,1023.3042
1741116519442,1023.2964
1741116519485,1023.28033
1741116519503,1023.32117
1741116519546,1023.34106
1741116519581,1023.35834
1741116519603,1023.3488
1741116519644,1023.33575
1741116519682,1023.3277
1741116519702,1023.32605
1741116519743,1023.31464
1741116519786,1023.31067
1741116519804,1023.30536
1741116519846,1023.2983
1741116519882,1023.31976
1741116519906,1023.3344
1741116519944,1023.3464
1741116519984,1023.3331
1741116520003,1023.3271
1741116520045,1023.3221
1741116520100,1023.32104
1741116520102,1023.3335
1741116520145,1023.29675
1741116520182,1023.33795
1741116520206,1023.3373
1741116520240,1023.3517
1741116520282,1023.3473
1741116520301,1023.34283
1741116520361,1023.3346
1741116520383,1023.32056
1741116520404,1023.3208
1741116520445,1023.33014
1741116520480,1023.3314
1741116520502,1023.33624
1741116520546,1023.33997
1741116520581,1023.3512
1741116520601,1023.35205
1741116520644,1023.3279
1741116520687,1023.31287
1741116520721,1023.3135
1741116520740,1023.3191
1741116520780,1023.2969
1741116520803,1023.2813
1741116520845,1023.3195
1741116520882,1023.32806
1741116520916,1023.3303
1741116520944,1023.3214
1741116520987,1023.30914
1741116521004,1023.29834
1741116521043,1023.3036
1741116521081,1023.30444
1741116521102,1023.3089
1741116521148,1023.30273
1741116521195,1023.3191
1741116521200,1023.3196
1741116521241,1023.3291
1741116521281,1023.34247
1741116521303,1023.32434
1741116521342,1023.30066
1741116521383,1023.2871
1741116521400,1023.276
1741116521445,1023.2842
1741116521480,1023.268
1741116521503,1023.2491
1741116521547,1023.2794
1741116521582,1023.2937
1741116521604,1023.30743
1741116521644,1023.3218
1741116521682,1023.31866
1741116521703,1023.31494
1741116521750,1023.3123
1741116521784,1023.3191
1741116521801,1023.3224
1741116521840,1023.32733
1741116521882,1023.35
1741116521900,1023.34436
1741116521943,1023.34796
1741116521982,1023.3522
1741116522004,1023.31055
1741116522040,1023.2919
1741116522083,1023.2916
1741116522105,1023.2915
1741116522140,1023.30164
1741116522186,1023.2649
1741116522202,1023.2426
1741116522243,1023.291
1741116522279,1023.30273
1741116522301,1023.30493
1741116522344,1023.30334
1741116522379,1023.30286
1741116522402,1023.29877
1741116522445,1023.29834
1741116522481,1023.2939
1741116522505,1023.3059
1741116522540,1023.3209
1741116522581,1023.3395
1741116522607,1023.3446
1741116522645,1023.3528
1741116522680,1023.3173
1741116522700,1023.2821
1741116522743,1023.2676
1741116522784,1023.2677
1741116522802,1023.245
1741116522854,1023.25745
1741116522880,1023.2649
1741116522905,1023.27423
1741116522943,1023.2991
1741116522980,1023.3115
1741116523003,1023.30457
1741116523044,1023.29895
1741116523080,1023.3022
1741116523103,1023.3005
1741116523144,1023.2996
1741116523184,1023.29083
1741116523213,1023.304
1741116523241,1023.30707
1741116523279,1023.30994
1741116523302,1023.295
1741116523339,1023.268
1741116523381,1023.24866
1741116523417,1023.2541
1741116523464,1023.24585
1741116523484,1023.2622
1741116523504,1023.21704
1741116523543,1023.2491
1741116523580,1023.2651
1741116523602,1023.27637
1741116523641,1023.2915
1741116523685,1023.29895
1741116523714,1023.30414
1741116523739,1023.3123
1741116523782,1023.3121
1741116523799,1023.3165
1741116523844,1023.3196
1741116523884,1023.3402
1741116523905,1023.33057
1741116523945,1023.3206
1741116523980,1023.31714
1741116524004,1023.2986
1741116524040,1023.2788
1741116524093,1023.272
1741116524105,1023.27856
1741116524139,1023.27844
1741116524178,1023.23816
1741116524200,1023.28174
1741116524251,1023.3071
1741116524278,1023.324
1741116524300,1023.3252
1741116524342,1023.3147
1741116524381,1023.32104
1741116524405,1023.3231
1741116524439,1023.3152
1741116524479,1023.3105
1741116524503,1023.29456
1741116524539,1023.3433
1741116524579,1023.3285
1741116524598,1023.343
1741116524642,1023.33203
1741116524680,1023.3091
1741116524701,1023.3011
1741116524741,1023.3006
1741116524778,1023.303
1741116524803,1023.315
1741116524843,1023.2788
1741116524878,1023.26636
1741116524903,1023.30554
1741116524940,1023.328
1741116524983,1023.343
1741116524998,1023.3398
1741116525045,1023.33484
1741116525087,1023.3317
1741116525102,1023.3274
1741116525148,1023.3213
1741116525178,1023.32666
1741116525201,1023.2949
1741116525244,1023.3596
1741116525280,1023.343
1741116525304,1023.35925
1741116525340,1023.3558
1741116525383,1023.3319
1741116525398,1023.3169
1741116525445,1023.32245
1741116525482,1023.3174
1741116525497,1023.31244
1741116525540,1023.2683
1741116525582,1023.3084
1741116525599,1023.30194
1741116525639,1023.31793
1741116525679,1023.33417
1741116525700,1023.3308
1741116525743,1023.33215
1741116525778,1023.33295
1741116525798,1023.3213
1741116525837,1023.323
1741116525902,1023.3267
1741116525902,1023.3269
1741116525940,1023.33167
1741116525982,1023.33527
1741116525998,1023.3508
1741116526040,1023.327
1741116526082,1023.2899
1741116526103,1023.2923
1741116526146,1023.292
1741116526178,1023.3046
1741116526198,1023.3144
1741116526243,1023.2314
1741116526281,1023.3052
1741116526298,1023.31213
1741116526340,1023.3283
1741116526377,1023.34424
1741116526400,1023.35266
1741116526438,1023.344
1741116526483,1023.3286
1741116526500,1023.33203
1741116526539,1023.3223
1741116526579,1023.3131
1741116526602,1023.32104
1741116526638,1023.3278
1741116526677,1023.3481
1741116526708,1023.3401
1741116526738,1023.30505
1741116526779,1023.30646
1741116526799,1023.2899
1741116526844,1023.2894
1741116526879,1023.283
1741116526899,1023.3047
1741116526940,1023.3178
1741116526976,1023.33514
1741116526999,1023.33777
1741116527043,1023.34045
1741116527078,1023.3385
1741116527098,1023.33417
1741116527137,1023.3308
1741116527183,1023.3261
1741116527199,1023.3306
1741116527240,1023.31696
1741116527277,1023.36975
1741116527299,1023.3619
1741116527337,1023.3805
1741116527377,1023.3645
1741116527400,1023.32996
1741116527445,1023.31964
1741116527477,1023.3154
1741116527498,1023.31836
1741116527539,1023.2934
1741116527578,1023.269
1741116527599,1023.3069
1741116527637,1023.31256
1741116527677,1023.3301
1741116527697,1023.338
1741116527744,1023.33777
1741116527780,1023.3333
1741116527799,1023.3255
1741116527837,1023.3153
1741116527878,1023.30994
1741116527898,1023.317
1741116527939,1023.34015
1741116527978,1023.3575
1741116527996,1023.3602
1741116528043,1023.3579
1741116528079,1023.3352
1741116528098,1023.3047
1741116528138,1023.2865
1741116528184,1023.28564
1741116528197,1023.2953
1741116528240,1023.2898
1741116528281,1023.2666
1741116528304,1023.2898
1741116528337,1023.3149
1741116528392,1023.32715
1741116528401,1023.3321
1741116528439,1023.3251
1741116528476,1023.3079
1741116528497,1023.29987
1741116528540,1023.30334
1741116528583,1023.31744
1741116528596,1023.30695
1741116528637,1023.341
1741116528677,1023.3528
1741116528698,1023.37585
1741116528738,1023.3453
1741116528776,1023.3224
1741116528796,1023.3198
1741116528844,1023.3092
1741116528876,1023.3069
1741116528896,1023.31067
1741116528936,1023.26184
1741116528981,1023.33594
1741116528997,1023.33563
1741116529041,1023.33484
1741116529077,1023.3256
1741116529117,1023.3179
1741116529136,1023.31824
1741116529178,1023.32043
1741116529201,1023.33093
1741116529238,1023.3325
1741116529277,1023.329
1741116529297,1023.3302
1741116529343,1023.3358
1741116529378,1023.34973
1741116529403,1023.355
1741116529435,1023.3223
1741116529477,1023.3036
1741116529498,1023.2972
1741116529542,1023.29504
1741116529588,1023.2534
1741116529597,1023.2743
1741116529638,1023.3002
1741116529675,1023.3034
1741116529699,1023.3164
1741116529735,1023.3266
1741116529779,1023.3213
1741116529798,1023.31775
1741116529839,1023.3196
1741116529881,1023.31506
1741116529895,1023.313
1741116529937,1023.30963
1741116529978,1023.35004
1741116529999,1023.34314
1741116530035,1023.3411
1741116530078,1023.35535
1741116530103,1023.3198
1741116530138,1023.29395
1741116530176,1023.2883
1741116530198,1023.2932
1741116530236,1023.26306
1741116530279,1023.2478
1741116530298,1023.27576
1741116530335,1023.2937
1741116530377,1023.32275
1741116530399,1023.32526
1741116530434,1023.32227
1741116530485,1023.3218
1741116530496,1023.3254
1741116530537,1023.3287
1741116530577,1023.3238
1741116530601,1023.3334
1741116530642,1023.34753
1741116530684,1023.34143
1741116530696,1023.33545
1741116530743,1023.3279
1741116530777,1023.3205
1741116530796,1023.2921
1741116530836,1023.29016
1741116530877,1023.29004
1741116530897,1023.2927
1741116530936,1023.2673
1741116530977,1023.2733
1741116531000,1023.29913
1741116531038,1023.3004
1741116531076,1023.3032
1741116531095,1023.30225
1741116531134,1023.29425
1741116531177,1023.2954
1741116531196,1023.28174
1741116531257,1023.2818
1741116531275,1023.2814
1741116531297,1023.27563
1741116531335,1023.2942
1741116531375,1023.3065
1741116531417,1023.3132
1741116531436,1023.279
1741116531477,1023.24536
1741116531516,1023.2175
1741116531540,1023.2313
1741116531575,1023.245
1741116531624,1023.2741
1741116531634,1023.2606
1741116531683,1023.2763
1741116531715,1023.284
1741116531736,1023.2949
1741116531776,1023.29944
1741116531823,1023.31396
1741116531842,1023.3118
1741116531874,1023.3121
1741116531916,1023.3074
1741116531936,1023.30597
1741116531976,1023.30347
1741116532017,1023.3014
1741116532038,1023.31433
1741116532075,1023.3243
1741116532116,1023.3278
1741116532145,1023.31177
1741116532174,1023.28625
1741116532216,1023.2788
1741116532251,1023.2858
1741116532277,1023.2921
1741116532324,1023.29
1741116532335,1023.24896
1741116532391,1023.26483
1741116532413,1023.2895
1741116532436,1023.30133
1741116532474,1023.3113
1741116532518,1023.31085
1741116532534,1023.3141
1741116532590,1023.3032
1741116532619,1023.29755
1741116532634,1023.29553
1741116532675,1023.2957
1741116532714,1023.3354
1741116532737,1023.32104
1741116532782,1023.3234
1741116532816,1023.31616
1741116532835,1023.2982
1741116532885,1023.2785
1741116532914,1023.2715
1741116532942,1023.2703
1741116532976,1023.2872
1741116533020,1023.26624
1741116533036,1023.28375
1741116533074,1023.29803
1741116533115,1023.3168
1741116533142,1023.31964
1741116533176,1023.3104
1741116533217,1023.3102
1741116533243,1023.3159
1741116533275,1023.31635
1741116533324,1023.3101
1741116533334,1023.30695
1741116533389,1023.3115
1741116533415,1023.31934
1741116533446,1023.31616
1741116533475,1023.3384
1741116533516,1023.333
1741116533544,1023.3078
1741116533576,1023.29193
1741116533621,1023.2896
1741116533636,1023.2859
1741116533684,1023.2821
1741116533717,1023.2676
1741116533743,1023.28723
1741116533778,1023.3088
1741116533815,1023.3257
1741116533840,1023.32623
1741116533877,1023.3245
1741116533914,1023.3112
1741116533937,1023.3119
1741116533976,1023.3169
1741116534014,1023.3122
1741116534037,1023.3188
1741116534084,1023.3206
1741116534114,1023.34
1741116534136,1023.3442
1741116534175,1023.34906
1741116534218,1023.3386
1741116534234,1023.3054
1741116534277,1023.30194
1741116534314,1023.2857
1741116534334,1023.29083
1741116534375,1023.2805
1741116534414,1023.2534
1741116534437,1023.2892
1741116534475,1023.29517
1741116534513,1023.3033
1741116534534,1023.30994
1741116534575,1023.30426
1741116534616,1023.31445
1741116534638,1023.3159
1741116534679,1023.316
1741116534714,1023.32764
1741116534733,1023.30945
1741116534774,1023.3612
1741116534815,1023.34094
1741116534835,1023.3603
1741116534874,1023.3435
1741116534917,1023.30927
1741116534938,1023.27795
1741116534978,1023.2628
1741116535015,1023.25574
1741116535039,1023.24316
1741116535074,1023.254
1741116535116,1023.2656
1741116535140,1023.27905
1741116535174,1023.3017
1741116535213,1023.3047
1741116535235,1023.31195
1741116535277,1023.31104
1741116535316,1023.3138
1741116535334,1023.30817
1741116535374,1023.30664
1741116535415,1023.313
1741116535439,1023.3467
1741116535474,1023.32196
1741116535513,1023.3191
1741116535533,1023.32776
1741116535599,1023.31213
1741116535620,1023.30164
1741116535634,1023.3024
1741116535676,1023.29517
1741116535714,1023.2896
1741116535735,1023.27325
1741116535774,1023.2884
1741116535813,1023.28625
1741116535834,1023.3009
1741116535873,1023.3071
1741116535917,1023.3158
1741116535933,1023.30597
1741116535977,1023.2986
1741116536014,1023.30383
1741116536033,1023.3148
1741116536076,1023.3031
1741116536113,1023.29517
1741116536137,1023.30115
1741116536190,1023.3065
1741116536213,1023.3252
1741116536238,1023.3221
1741116536279,1023.31006
1741116536314,1023.29285
1741116536334,1023.2906
1741116536378,1023.2844
1741116536418,1023.2656
1741116536434,1023.26013
1741116536473,1023.2746
1741116536513,1023.29224
1741116536538,1023.29987
1741116536575,1023.3086
1741116536613,1023.3055
1741116536635,1023.30334
1741116536674,1023.3082
1741116536725,1023.31616
1741116536733,1023.3264
1741116536776,1023.3271
1741116536825,1023.30554
1741116536833,1023.3361
1741116536873,1023.3176
1741116536917,1023.33264
1741116536933,1023.323
1741116536974,1023.298
1741116537014,1023.2946
1741116537046,1023.288
1741116537072,1023.28265
1741116537118,1023.26636
1741116537153,1023.277
1741116537172,1023.2899
1741116537214,1023.31354
1741116537234,1023.32117
1741116537283,1023.31067
1741116537315,1023.3049
1741116537332,1023.30304
1741116537371,1023.3004
1741116537423,1023.29944
1741116537443,1023.3063
1741116537477,1023.3333
1741116537512,1023.3413
1741116537532,1023.32166
1741116537572,1023.3275
1741116537612,1023.3186
1741116537634,1023.28754
1741116537683,1023.2766
1741116537718,1023.2818
1741116537737,1023.2879
1741116537775,1023.26465
1741116537812,1023.26733
1741116537833,1023.2799
1741116537882,1023.2923
1741116537911,1023.2991
1741116537936,1023.30676
1741116537986,1023.29517
1741116538020,1023.29456
1741116538032,1023.29126
1741116538074,1023.292
1741116538111,1023.2905
1741116538135,1023.275
1741116538173,1023.304
1741116538217,1023.31226
1741116538232,1023.32245
1741116538272,1023.30786
1741116538318,1023.2951
1741116538332,1023.28955
1741116538373,1023.2888
1741116538412,1023.28674
1741116538432,1023.26465
1741116538472,1023.2707
1741116538512,1023.2833
1741116538536,1023.29816
1741116538576,1023.30035
1741116538612,1023.30457
1741116538635,1023.29663
1741116538676,1023.29974
1741116538714,1023.298
1741116538735,1023.3067
1741116538773,1023.3006
1741116538811,1023.30347
1741116538833,1023.3268
1741116538874,1023.3352
1741116538923,1023.3385
1741116538934,1023.324
1741116538972,1023.29834
1741116539024,1023.27686
1741116539030,1023.2648
1741116539074,1023.2622
1741116539111,1023.26953
1741116539132,1023.2626
1741116539170,1023.25275
1741116539214,1023.25977
1741116539231,1023.2712
1741116539271,1023.2753
1741116539315,1023.27924
1741116539331,1023.2787
1741116539373,1023.2859
1741116539410,1023.2861
1741116539431,1023.291
1741116539472,1023.3052
1741116539521,1023.3064
1741116539530,1023.3012
1741116539577,1023.3077
1741116539611,1023.3181
1741116539630,1023.32007
1741116539677,1023.2914
1741116539710,1023.2709
1741116539743,1023.27435
1741116539776,1023.26624
1741116539814,1023.27454
1741116539832,1023.24677
1741116539871,1023.2495
1741116539924,1023.27936
1741116539929,1023.2967
1741116539977,1023.298
1741116540030,1023.29376
1741116540032,1023.29626
1741116540072,1023.29724
1741116540114,1023.2981
1741116540132,1023.2988
1741116540175,1023.3143
1741116540212,1023.30365
1741116540234,1023.31415
1741116540276,1023.32996
1741116540310,1023.3159
1741116540330,1023.29974
1741116540375,1023.2922
1741116540410,1023.2884
1741116540433,1023.2891
1741116540477,1023.27
1741116540510,1023.25916
1741116540535,1023.3032
1741116540574,1023.3192
1741116540610,1023.33
1741116540633,1023.3253
1741116540672,1023.30615
1741116540711,1023.29346
1741116540730,1023.29565
1741116540785,1023.29297
1741116540811,1023.29663
1741116540838,1023.28424
1741116540882,1023.3278
1741116540911,1023.3102
1741116540936,1023.3192
1741116540973,1023.31525
1741116541019,1023.29974
1741116541030,1023.2718
1741116541071,1023.2648
1741116541114,1023.26044
1741116541130,1023.2179
1741116541206,1023.23
1741116541212,1023.2442
1741116541230,1023.264
1741116541271,1023.2783
1741116541316,1023.29126
1741116541329,1023.2981
1741116541370,1023.29767
1741116541413,1023.30164
1741116541431,1023.299
1741116541471,1023.289
1741116541510,1023.28253
1741116541530,1023.3006
1741116541571,1023.30475
1741116541610,1023.32996
1741116541644,1023.32764
1741116541669,1023.30096
1741116541711,1023.27734
1741116541729,1023.26154
1741116541771,1023.2638
1741116541823,1023.2625
1741116541829,1023.26526
1741116541872,1023.26306
1741116541912,1023.27167
1741116541931,1023.2778
1741116541969,1023.2822
1741116542009,1023.2977
1741116542028,1023.30286
1741116542070,1023.2947
1741116542110,1023.29297
1741116542129,1023.2941
1741116542170,1023.30664
1741116542209,1023.30676
1741116542230,1023.3025
1741116542268,1023.31824
1741116542309,1023.3125
1741116542328,1023.28345
1741116542370,1023.2754
1741116542410,1023.2644
1741116542428,1023.2726
1741116542469,1023.23865
1741116542509,1023.24884
1741116542528,1023.25446
1741116542569,1023.2715
1741116542608,1023.2864
1741116542630,1023.29004
1741116542672,1023.2906
1741116542708,1023.29974
1741116542729,1023.28815
1741116542773,1023.296
1741116542809,1023.3006
1741116542830,1023.32513
1741116542872,1023.33356
1741116542923,1023.33545
1741116542928,1023.3439
1741116542970,1023.3251
1741116543009,1023.3013
1741116543031,1023.29346
1741116543070,1023.287
1741116543113,1023.26965
1741116543139,1023.2544
1741116543174,1023.26086
1741116543209,1023.2672
1741116543229,1023.3035
1741116543268,1023.31213
1741116543311,1023.3042
1741116543329,1023.29736
1741116543370,1023.29083
1741116543409,1023.28735
1741116543430,1023.30096
1741116543470,1023.296
1741116543519,1023.32825
1741116543529,1023.334
1741116543570,1023.3396
1741116543614,1023.33105
1741116543639,1023.29816
1741116543670,1023.2858
1741116543708,1023.2828
1741116543736,1023.2909
1741116543768,1023.271
1741116543809,1023.24927
1741116543828,1023.2807
1741116543884,1023.2915
1741116543910,1023.3013
1741116543934,1023.3029
1741116543972,1023.2988
1741116544008,1023.2963
1741116544028,1023.2935
1741116544072,1023.29663
1741116544110,1023.29407
1741116544138,1023.2641
1741116544167,1023.3435
1741116544210,1023.33966
1741116544228,1023.3519
1741116544269,1023.33264
1741116544309,1023.3075
1741116544330,1023.2953
1741116544368,1023.2875
1741116544409,1023.2799
1741116544428,1023.2916
1741116544482,1023.23615
1741116544510,1023.2978
1741116544528,1023.29926
1741116544569,1023.3035
1741116544609,1023.311
1741116544632,1023.31036
1741116544667,1023.3022
1741116544715,1023.3
1741116544727,1023.29694
1741116544768,1023.3024
1741116544809,1023.3012
1741116544827,1023.31085
1741116544870,1023.3196
1741116544911,1023.3337
1741116544931,1023.32166
1741116544971,1023.29065
1741116545007,1023.28357
1741116545029,1023.29456
1741116545080,1023.2938
1741116545109,1023.2642
1741116545128,1023.27045
1741116545167,1023.2914
1741116545211,1023.3061
1741116545229,1023.31805
1741116545269,1023.3081
1741116545313,1023.3096
1741116545328,1023.3081
1741116545368,1023.30176
1741116545409,1023.3071
1741116545436,1023.3173
1741116545475,1023.3254
1741116545509,1023.33496
1741116545531,1023.3379
1741116545569,1023.3482
1741116545607,1023.3367
1741116545629,1023.3157
1741116545667,1023.29614
1741116545709,1023.29126
1741116545727,1023.287
1741116545769,1023.24133
1741116545809,1023.2511
1741116545833,1023.2694
1741116545869,1023.2794
1741116545908,1023.2957
1741116545929,1023.3012
1741116545973,1023.31055
1741116546017,1023.3062
1741116546027,1023.30865
1741116546068,1023.3116
1741116546106,1023.3102
1741116546129,1023.35547
1741116546167,1023.3517
1741116546211,1023.34564
1741116546229,1023.353
1741116546268,1023.34045
1741116546308,1023.30786
1741116546331,1023.28564
1741116546367,1023.27765
1741116546409,1023.27997
1741116546428,1023.25757
1741116546470,1023.2749
1741116546507,1023.29596
1741116546543,1023.30676
1741116546566,1023.31274
1741116546606,1023.3239
1741116546626,1023.31824
1741116546667,1023.31287
1741116546708,1023.29645
1741116546727,1023.2967
1741116546768,1023.30066
1741116546815,1023.27936
1741116546829,1023.31335
1741116546867,1023.31586
1741116546906,1023.33527
1741116546928,1023.3396
1741116546970,1023.31726
1741116547008,1023.309
1741116547039,1023.3168
1741116547068,1023.3079
1741116547113,1023.29126
1741116547126,1023.3032
1741116547167,1023.31396
1741116547206,1023.32446
1741116547227,1023.32
1741116547267,1023.3262
1741116547308,1023.319
1741116547327,1023.31287
1741116547368,1023.3136
1741116547406,1023.299
1741116547428,1023.3013
1741116547469,1023.3342
1741116547507,1023.3399
1741116547527,1023.3438
1741116547568,1023.3586
1741116547607,1023.3544
1741116547627,1023.3342
1741116547669,1023.32556
1741116547707,1023.3272
1741116547727,1023.31
1741116547782,1023.2972
1741116547807,1023.2819
1741116547829,1023.2815
1741116547869,1023.28546
1741116547906,1023.2967
1741116547927,1023.30347
1741116547968,1023.31213
1741116548006,1023.3108
1741116548029,1023.3109
1741116548068,1023.3163
1741116548106,1023.3071
1741116548126,1023.34924
1741116548166,1023.3552
1741116548206,1023.3531
1741116548225,1023.35364
1741116548267,1023.3297
1741116548306,1023.3196
1741116548335,1023.3154
1741116548365,1023.30634
1741116548407,1023.30054
1741116548429,1023.29895
1741116548466,1023.29956
1741116548507,1023.3091
1741116548525,1023.319
1741116548577,1023.302
1741116548607,1023.29285
1741116548626,1023.28076
1741116548675,1023.2883
1741116548706,1023.29205
1741116548744,1023.28906
1741116548766,1023.28815
1741116548809,1023.2579
1741116548827,1023.2816
1741116548869,1023.289
1741116548916,1023.3073
1741116548925,1023.3031
1741116548968,1023.2839
1741116549018,1023.2725
1741116549025,1023.2731
1741116549067,1023.2696
1741116549110,1023.2561
1741116549132,1023.21704
1741116549166,1023.2504
1741116549207,1023.2726
1741116549233,1023.29553
1741116549270,1023.2983
1741116549305,1023.3009
1741116549325,1023.30347
1741116549368,1023.2978
1741116549410,1023.2984
1741116549426,1023.2969
1741116549465,1023.28796
1741116549515,1023.3143
1741116549526,1023.30786
1741116549566,1023.3043
1741116549608,1023.2915
1741116549627,1023.26715
1741116549669,1023.2556
1741116549706,1023.2543
1741116549726,1023.26154
1741116549765,1023.2573
1741116549805,1023.26697
1741116549841,1023.28625
1741116549865,1023.30396
1741116549908,1023.3027
1741116549925,1023.30115
1741116549967,1023.2884
1741116550006,1023.29395
1741116550027,1023.28674
1741116550067,1023.27844
1741116550107,1023.28894
1741116550139,1023.3693
1741116550167,1023.3353
1741116550205,1023.3227
1741116550226,1023.3192
1741116550277,1023.3148
1741116550306,1023.2735
1741116550325,1023.26245
1741116550365,1023.2455
1741116550407,1023.2334
1741116550425,1023.24243
1741116550467,1023.2123
1741116550505,1023.2277
1741116550525,1023.2491
1741116550569,1023.2566
1741116550605,1023.2678
1741116550636,1023.2762
1741116550672,1023.27155
1741116550706,1023.26685
1741116550733,1023.26874
1741116550764,1023.27405
1741116550806,1023.2772
1741116550829,1023.27875
1741116550866,1023.288
1741116550910,1023.28705
1741116550928,1023.3038
1741116550966,1023.30084
1741116551004,1023.27515
1741116551024,1023.2533
1741116551064,1023.2489
1741116551105,1023.24915
1741116551126,1023.2508
1741116551164,1023.2224
1741116551205,1023.21985
1741116551225,1023.2445
1741116551266,1023.2543
1741116551306,1023.25977
1741116551338,1023.26733
1741116551368,1023.2578
1741116551403,1023.2581
1741116551425,1023.2725
1741116551463,1023.26666
1741116551508,1023.2765
1741116551524,1023.2996
1741116551566,1023.2802
1741116551604,1023.28577
1741116551624,1023.2952
1741116551664,1023.2903
1741116551706,1023.2715
1741116551726,1023.2611
1741116551764,1023.2643
1741116551810,1023.2632
1741116551825,1023.2721
1741116551871,1023.1986
1741116551905,1023.25195
1741116551924,1023.2648
1741116551970,1023.26044
1741116552003,1023.26294
1741116552025,1023.267
1741116552067,1023.26544
1741116552104,1023.24945
1741116552124,1023.24396
1741116552165,1023.2511
1741116552208,1023.25366
1741116552231,1023.27185
1741116552268,1023.2686
1741116552304,1023.2846
1741116552326,1023.2899
1741116552364,1023.26575
1741116552404,1023.24304
1741116552424,1023.2383
1741116552464,1023.24066
1741116552518,1023.23285
1741116552524,1023.18933
1741116552566,1023.19214
1741116552608,1023.1973
1741116552624,1023.2101
1741116552666,1023.2185
1741116552705,1023.2259
1741116552723,1023.22266
1741116552766,1023.2346
1741116552806,1023.2429
1741116552837,1023.23755
1741116552865,1023.21796
1741116552906,1023.19806
1741116552938,1023.22186
1741116552966,1023.24274
1741116553004,1023.24817
1741116553024,1023.24927
1741116553065,1023.229
1741116553107,1023.21313
1741116553124,1023.21484
1741116553164,1023.2153
1741116553202,1023.2217
1741116553224,1023.2
1741116553266,1023.22577
1741116553305,1023.2436
1741116553345,1023.25464
1741116553362,1023.254
1741116553405,1023.2528
1741116553447,1023.2461
1741116553466,1023.25806
1741116553504,1023.24994
1741116553524,1023.2361
1741116553565,1023.2141
1741116553603,1023.21387
1741116553649,1023.1998
1741116553678,1023.2039
1741116553703,1023.20026
1741116553749,1023.19257
1741116553774,1023.1881
1741116553802,1023.1853
1741116553844,1023.18823
1741116553862,1023.1764
1741116553905,1023.16406
1741116553944,1023.2007
1741116553963,1023.21436
1741116554006,1023.23364
1741116554047,1023.2388
1741116554063,1023.235
1741116554105,1023.2259
1741116554143,1023.2219
1741116554164,1023.21924
1741116554218,1023.2125
1741116554246,1023.194
1741116554262,1023.25024
1741116554313,1023.22656
1741116554343,1023.22723
1741116554365,1023.2169
1741116554407,1023.194
1741116554444,1023.1786
1741116554465,1023.1837
1741116554504,1023.1775
1741116554549,1023.17285
1741116554562,1023.1438
1741116554607,1023.16907
1741116554657,1023.18555
1741116554666,1023.2079
1741116554704,1023.2014
1741116554746,1023.1949
1741116554764,1023.1882
1741116554810,1023.1813
1741116554841,1023.178
1741116554862,1023.16296
1741116554905,1023.1434
1741116554946,1023.20734
1741116554963,1023.1865
1741116555003,1023.1874
1741116555047,1023.1792
1741116555065,1023.18176
1741116555107,1023.15753
1741116555151,1023.1554
1741116555168,1023.1683
1741116555213,1023.16846
1741116555245,1023.12805
1741116555267,1023.1448
1741116555306,1023.18384
1741116555349,1023.2034
1741116555363,1023.1947
1741116555403,1023.1931
1741116555442,1023.19183
1741116555463,1023.1853
1741116555503,1023.1828
1741116555543,1023.1691
1741116555560,1023.16327
1741116555602,1023.1775
1741116555641,1023.17053
1741116555662,1023.1682
1741116555704,1023.172
1741116555751,1023.1528
1741116555763,1023.12366
1741116555810,1023.1221
1741116555846,1023.1277
1741116555864,1023.128
1741116555909,1023.09937
1741116555942,1023.10315
1741116555964,1023.1047
1741116556003,1023.1072
1741116556041,1023.1168
1741116556062,1023.1232
1741116556104,1023.1128
1741116556143,1023.1067
1741116556163,1023.11035
1741116556200,1023.1093
1741116556246,1023.1024
1741116556263,1023.0937
1741116556300,1023.1284
1741116556344,1023.1277
1741116556364,1023.1506
1741116556401,1023.15735
1741116556445,1023.1354
1741116556460,1023.1081
1741116556501,1023.0915
1741116556542,1023.10284
1741116556563,1023.0964
1741116556604,1023.0709
1741116556643,1023.0746
1741116556666,1023.0898
1741116556700,1023.1051
1741116556743,1023.1295
1741116556774,1023.1287
1741116556801,1023.1228
1741116556845,1023.12054
1741116556868,1023.1169
1741116556900,1023.101
1741116556942,1023.0906
1741116556962,1023.08075
1741116557004,1023.09326
1741116557048,1023.096
1741116557064,1023.0911
1741116557106,1023.0996
1741116557144,1023.09045
1741116557162,1023.06915
1741116557204,1023.04706
1741116557242,1023.0631
1741116557269,1023.0584
1741116557300,1023.06213
1741116557342,1023.0837
1741116557362,1023.09076
1741116557405,1023.1156
1741116557443,1023.1312
1741116557462,1023.1256
1741116557503,1023.1033
1741116557544,1023.0901
1741116557563,1023.0939
1741116557600,1023.1003
1741116557643,1023.1132
1741116557666,1023.1027
1741116557702,1023.135
1741116557746,1023.1099
1741116557763,1023.1142
1741116557803,1023.103
1741116557839,1023.0901
1741116557863,1023.0768
1741116557903,1023.08
1741116557956,1023.0958
1741116557964,1023.1013
1741116558002,1023.0309
1741116558046,1023.08264
1741116558066,1023.08484
1741116558102,1023.1039
1741116558146,1023.1054
1741116558162,1023.1129
1741116558204,1023.1095
1741116558247,1023.1004
1741116558268,1023.1085
1741116558301,1023.1006
1741116558344,1023.09503
1741116558360,1023.09155
1741116558413,1023.11536
1741116558440,1023.1157
1741116558460,1023.10846
1741116558504,1023.1151
1741116558542,1023.10803
1741116558564,1023.0787
1741116558601,1023.0847
1741116558647,1023.0995
1741116558662,1023.0612
1741116558699,1023.1019
1741116558745,1023.1209
1741116558760,1023.1062
1741116558801,1023.1216
1741116558840,1023.1128
1741116558861,1023.10614
1741116558903,1023.09625
1741116558940,1023.0925
1741116558961,1023.0922
1741116559001,1023.09515
1741116559050,1023.09326
1741116559060,1023.1493
1741116559105,1023.1277
1741116559141,1023.1294
1741116559162,1023.11633
1741116559202,1023.0996
1741116559250,1023.0683
1741116559264,1023.06
1741116559303,1023.0642
1741116559343,1023.0628
1741116559358,1023.0325
1741116559402,1023.0464
1741116559453,1023.05725
1741116559466,1023.08704
1741116559501,1023.1179
1741116559538,1023.11835
1741116559559,1023.12256
1741116559604,1023.10657
1741116559642,1023.0978
1741116559674,1023.08984
1741116559698,1023.08295
1741116559739,1023.08374
1741116559759,1023.18915
1741116559803,1023.14984
1741116559842,1023.1199
1741116559863,1023.10156
1741116559902,1023.0867
1741116559945,1023.069
1741116559960,1023.07825
1741116559999,1023.08264
1741116560041,1023.0404
1741116560064,1023.0936
1741116560100,1023.10944
1741116560144,1023.1207
1741116560159,1023.1402
1741116560199,1023.14954
1741116560238,1023.1544
1741116560260,1023.14404
1741116560299,1023.14746
1741116560342,1023.147
1741116560358,1023.1386
1741116560403,1023.14606
1741116560441,1023.1379
1741116560463,1023.12866
1741116560504,1023.12744
1741116560539,1023.1459
1741116560558,1023.146
1741116560600,1023.1337
1741116560639,1023.12683
1741116560659,1023.1377
1741116560700,1023.1346
1741116560740,1023.13257
1741116560760,1023.0918
1741116560800,1023.1224
1741116560844,1023.13
1741116560865,1023.1451
1741116560898,1023.1513
1741116560945,1023.15656
1741116560958,1023.15485
1741116560999,1023.143
1741116561042,1023.1343
1741116561073,1023.14197
1741116561099,1023.13
1741116561145,1023.20264
1741116561161,1023.1608
1741116561200,1023.15576
1741116561254,1023.157
1741116561262,1023.1475
1741116561299,1023.12695
1741116561344,1023.126
1741116561360,1023.117
1741116561414,1023.09924
1741116561438,1023.0842
1741116561460,1023.1137
1741116561503,1023.1094
1741116561539,1023.1209
1741116561559,1023.14026
1741116561607,1023.14655
1741116561640,1023.15204
1741116561660,1023.1432
1741116561699,1023.1279
1741116561743,1023.1371
1741116561759,1023.14044
1741116561802,1023.1238
1741116561841,1023.14453
1741116561860,1023.13696
1741116561899,1023.13824
1741116561940,1023.1401
1741116561962,1023.12006
1741116562003,1023.09515
1741116562039,1023.0925
1741116562061,1023.1076
1741116562109,1023.0781
1741116562145,1023.14905
1741116562159,1023.1683
1741116562212,1023.1585
1741116562242,1023.1765
1741116562266,1023.1749
1741116562298,1023.16614
1741116562339,1023.15204
1741116562363,1023.14795
1741116562415,1023.1454
1741116562437,1023.13635
1741116562458,1023.23663
1741116562502,1023.20557
1741116562544,1023.18164
1741116562557,1023.1654
1741116562598,1023.1617
1741116562645,1023.14716
1741116562658,1023.11554
1741116562699,1023.13293
1741116562737,1023.1179
1741116562759,1023.0781
1741116562799,1023.13086
1741116562844,1023.13074
1741116562857,1023.1387
1741116562899,1023.16296
1741116562944,1023.17096
1741116562962,1023.16724
1741116563000,1023.15594
1741116563037,1023.1443
1741116563058,1023.136
1741116563123,1023.1338
1741116563138,1023.1357
1741116563159,1023.1738
1741116563205,1023.1616
1741116563257,1023.1721
1741116563259,1023.1803
1741116563299,1023.1761
1741116563343,1023.1533
1741116563360,1023.1576
1741116563398,1023.16766
1741116563444,1023.116
1741116563456,1023.155
1741116563500,1023.17566
1741116563537,1023.1834
1741116563559,1023.1891
1741116563598,1023.199
1741116563641,1023.1966
1741116563658,1023.19366
1741116563698,1023.176
1741116563744,1023.16223
1741116563756,1023.14594
1741116563799,1023.13806
1741116563840,1023.141
1741116563862,1023.1738
1741116563915,1023.1609
1741116563940,1023.16785
1741116563957,1023.1736
1741116564007,1023.15906
1741116564038,1023.1299
1741116564058,1023.1156
1741116564103,1023.11914
1741116564139,1023.11945
1741116564162,1023.1455
1741116564200,1023.1089
1741116564236,1023.1649
1741116564257,1023.1642
1741116564296,1023.1737
1741116564338,1023.17883
1741116564356,1023.18274
1741116564403,1023.17944
1741116564439,1023.18005
1741116564463,1023.18115
1741116564499,1023.1747
1741116564544,1023.1731
1741116564557,1023.2505
1741116564603,1023.2215
1741116564646,1023.2023
1741116564656,1023.2052
1741116564698,1023.1878
1741116564738,1023.1544
1741116564763,1023.1293
1741116564800,1023.136
1741116564839,1023.0958
1741116564861,1023.14624
1741116564897,1023.16174
1741116564938,1023.1616
1741116564957,1023.1628
1741116565005,1023.1636
1741116565038,1023.16187
1741116565062,1023.1617
1741116565097,1023.1678
1741116565137,1023.17096
1741116565163,1023.15967
1741116565199,1023.13776
1741116565240,1023.1779
1741116565256,1023.1741
1741116565301,1023.15955
1741116565338,1023.16876
1741116565370,1023.16754
1741116565396,1023.1586
1741116565440,1023.14307
1741116565456,1023.14606
1741116565508,1023.1365
1741116565549,1023.0889
1741116565555,1023.12616
1741116565598,1023.1334
1741116565637,1023.1546
1741116565660,1023.1609
1741116565698,1023.1609
1741116565737,1023.1683
1741116565758,1023.1666
1741116565795,1023.16235
1741116565837,1023.15497
1741116565863,1023.16235
1741116565897,1023.13794
1741116565937,1023.19904
1741116565960,1023.18274
1741116566000,1023.1852
1741116566035,1023.18823
1741116566061,1023.19055
1741116566096,1023.1778
1741116566136,1023.16394
1741116566156,1023.17957
1741116566196,1023.18933
1741116566243,1023.1881
1741116566255,1023.19086
1741116566300,1023.2017
1741116566336,1023.1968
1741116566357,1023.20294
1741116566403,1023.20215
1741116566436,1023.21094
1741116566463,1023.20013
1741116566496,1023.20935
1741116566537,1023.20013
1741116566555,1023.1831
1741116566602,1023.19244
1741116566638,1023.1954
1741116566659,1023.2296
1741116566696,1023.21265
1741116566737,1023.21533
1741116566755,1023.212
1741116566800,1023.18896
1741116566836,1023.1649
1741116566856,1023.163
1741116566898,1023.16406
1741116566935,1023.12646
1741116566957,1023.1708
1741116566998,1023.1956
1741116567049,1023.19836
1741116567063,1023.2104
1741116567097,1023.2173
1741116567136,1023.2197
1741116567164,1023.2186
1741116567197,1023.21497
1741116567239,1023.20447
1741116567259,1023.2086
1741116567298,1023.1826
1741116567347,1023.2083
1741116567356,1023.2082
1741116567415,1023.20526
1741116567436,1023.211
1741116567454,1023.2227
1741116567502,1023.20544
1741116567545,1023.18304
1741116567555,1023.18207
1741116567608,1023.1603
1741116567636,1023.17615
1741116567668,1023.22424
1741116567694,1023.2187
1741116567738,1023.2261
1741116567765,1023.2529
1741116567796,1023.24713
1741116567840,1023.2428
1741116567857,1023.2436
1741116567899,1023.2348
1741116567937,1023.2318
1741116567977,1023.2299
1741116567994,1023.2466
1741116568035,1023.2482
1741116568056,1023.2411
1741116568095,1023.2212
1741116568143,1023.2231
1741116568155,1023.21704
1741116568214,1023.2096
1741116568234,1023.204
1741116568260,1023.20233
1741116568294,1023.2105
1741116568336,1023.1459
1741116568356,1023.2202
1741116568395,1023.2337
1741116568444,1023.23505
1741116568454,1023.2612
1741116568496,1023.26
1741116568537,1023.2613
1741116568555,1023.2516
1741116568595,1023.249
1741116568635,1023.2394
1741116568655,1023.2201
1741116568695,1023.22424
1741116568736,1023.253
1741116568758,1023.24927
1741116568796,1023.2311
1741116568838,1023.22906
1741116568854,1023.23267
1741116568898,1023.2407
1741116568934,1023.2328
1741116568954,1023.23517
1741116568997,1023.2246
1741116569037,1023.1843
1741116569058,1023.1727
1741116569097,1023.2051
1741116569137,1023.2156
1741116569156,1023.2145
1741116569197,1023.229
1741116569236,1023.25964
1741116569263,1023.27625
1741116569294,1023.2734
1741116569336,1023.2681
1741116569356,1023.266
1741116569398,1023.2553
1741116569439,1023.2466
1741116569455,1023.2413
1741116569495,1023.24207
1741116569546,1023.2414
1741116569562,1023.2436
1741116569598,1023.24896
1741116569638,1023.2527
1741116569665,1023.258
1741116569695,1023.2528
1741116569737,1023.251
1741116569763,1023.2517
1741116569797,1023.2498
1741116569857,1023.24255
1741116569857,1023.2333
1741116569895,1023.22614
1741116569946,1023.21405
1741116569962,1023.2151
1741116569995,1023.1996
1741116570046,1023.22864
1741116570054,1023.22614
1741116570095,1023.2489
1741116570135,1023.2676
1741116570166,1023.2859
1741116570196,1023.2835
1741116570238,1023.28357
1741116570255,1023.27124
1741116570294,1023.2644
1741116570333,1023.25415
1741116570357,1023.26044
1741116570394,1023.2479
1741116570444,1023.24414
1741116570453,1023.2506
1741116570505,1023.2595
1741116570533,1023.25476
1741116570562,1023.25525
1741116570594,1023.2558
1741116570637,1023.2615
1741116570660,1023.2484
1741116570697,1023.24005
1741116570736,1023.22925
1741116570753,1023.2075
1741116570797,1023.20447
1741116570834,1023.19763
1741116570855,1023.20886
1741116570896,1023.1599
1741116570943,1023.1976
1741116570954,1023.23175
1741116570994,1023.25494
1741116571033,1023.2671
1741116571058,1023.2615
1741116571097,1023.2507
1741116571145,1023.23975
1741116571153,1023.23364
1741116571197,1023.22546
1741116571236,1023.2193
1741116571253,1023.1729
1741116571294,1023.1973
1741116571334,1023.21265
1741116571359,1023.23047
1741116571403,1023.24084
1741116571437,1023.2296
1741116571459,1023.21594
1741116571494,1023.2172
1741116571535,1023.21375
1741116571557,1023.21027
1741116571595,1023.18713
1741116571633,1023.18933
1741116571655,1023.2053
1741116571696,1023.22296
1741116571742,1023.229
1741116571759,1023.2282
1741116571797,1023.2288
1741116571835,1023.2278
1741116571856,1023.225
1741116571894,1023.22217
1741116571943,1023.22894
1741116571952,1023.2024
1741116572004,1023.268
1741116572033,1023.261
1741116572054,1023.26685
1741116572103,1023.26917
1741116572137,1023.255
1741116572159,1023.2299
1741116572193,1023.22095
1741116572241,1023.2248
1741116572254,1023.2102
1741116572297,1023.20776
1741116572336,1023.212
1741116572358,1023.21094
1741116572401,1023.2412
1741116572432,1023.2457
1741116572463,1023.23804
1741116572494,1023.23395
1741116572536,1023.2233
1741116572559,1023.2324
1741116572593,1023.23303
1741116572639,1023.2161
1741116572652,1023.2313
1741116572698,1023.2338
1741116572732,1023.24475
1741116572752,1023.24554
1741116572791,1023.2284
1741116572831,1023.21466
1741116572855,1023.2141
1741116572892,1023.207
1741116572934,1023.21027
1741116572952,1023.1623
1741116572994,1023.1909
1741116573032,1023.2099
1741116573052,1023.2217
1741116573092,1023.2291
1741116573132,1023.2355
1741116573151,1023.2337
1741116573192,1023.21954
1741116573237,1023.2158
1741116573252,1023.213
1741116573292,1023.2191
1741116573331,1023.2218
1741116573352,1023.25574
1741116573394,1023.24207
1741116573445,1023.23303
1741116573452,1023.2372
1741116573491,1023.2371
1741116573533,1023.22784
1741116573554,1023.2168
1741116573594,1023.22284
1741116573638,1023.22485
1741116573653,1023.20776
1741116573691,1023.2229
1741116573732,1023.2317
1741116573754,1023.2441
1741116573792,1023.2545
1741116573850,1023.2544
1741116573852,1023.25085
1741116573893,1023.2472
1741116573932,1023.2355
1741116573953,1023.2281
1741116574008,1023.23193
1741116574039,1023.2199
1741116574064,1023.2383
1741116574092,1023.2353
1741116574133,1023.22546
1741116574155,1023.23267
1741116574193,1023.23737
1741116574232,1023.2153
1741116574253,1023.2015
1741116574293,1023.21375
1741116574335,1023.214
1741116574365,1023.1843
1741116574391,1023.225
1741116574433,1023.238
1741116574457,1023.26086
1741116574492,1023.2478
1741116574534,1023.23944
1741116574565,1023.23804
1741116574593,1023.2302
1741116574631,1023.2256
1741116574655,1023.21606
1741116574695,1023.2163
1741116574731,1023.21045
1741116574752,1023.23047
1741116574797,1023.22
1741116574831,1023.24695
1741116574870,1023.2488
1741116574896,1023.23706
1741116574935,1023.21344
1741116574953,1023.21436
1741116574996,1023.20886
1741116575032,1023.19165
1741116575051,1023.1907
1741116575092,1023.20935
1741116575136,1023.22156
1741116575188,1023.2283
1741116575199,1023.2258
1741116575233,1023.229
1741116575275,1023.2231
1741116575294,1023.209
1741116575330,1023.2051
1741116575372,1023.2029
1741116575399,1023.19464
1741116575433,1023.239
1741116575474,1023.22943
1741116575492,1023.22864
1741116575533,1023.23395
1741116575574,1023.2328
1741116575590,1023.2138
1741116575632,1023.20135
1741116575673,1023.20044
1741116575706,1023.1981
1741116575732,1023.18195
1741116575773,1023.1786
1741116575804,1023.20386
1741116575831,1023.20935
1741116575855,1023.22797
1741116575890,1023.2086
1741116575932,1023.20197
1741116575984,1023.2045
1741116575990,1023.1997
1741116576036,1023.1971
1741116576071,1023.19025
1741116576097,1023.1952
1741116576131,1023.1939
1741116576178,1023.218
1741116576191,1023.20337
1741116576236,1023.2075
1741116576272,1023.213
1741116576306,1023.1969
1741116576333,1023.1898
1741116576371,1023.19116
1741116576395,1023.1945
1741116576430,1023.17224
1741116576479,1023.1798
1741116576490,1023.20233
1741116576531,1023.1858
1741116576573,1023.2122
1741116576590,1023.2133
1741116576632,1023.2058
1741116576672,1023.1889
1741116576697,1023.18097
1741116576735,1023.1708
1741116576771,1023.1532
1741116576792,1023.16766
1741116576832,1023.17206
1741116576870,1023.2064
1741116576891,1023.1913
1741116576931,1023.1954
1741116576974,1023.1939
1741116576990,1023.199
1741116577044,1023.1829
1741116577070,1023.17706
1741116577092,1023.1781
1741116577145,1023.17303
1741116577174,1023.1654
1741116577189,1023.17523
1741116577230,1023.1831
1741116577273,1023.20184
1741116577294,1023.2109
1741116577330,1023.20306
1741116577376,1023.19684
1741116577389,1023.1886
1741116577434,1023.1737
1741116577471,1023.16345
1741116577495,1023.16876
1741116577530,1023.16113
1741116577569,1023.1843
1741116577590,1023.1731
1741116577630,1023.1832
1741116577670,1023.1844
1741116577691,1023.17474
1741116577738,1023.1612
1741116577771,1023.1572
1741116577802,1023.15094
1741116577831,1023.14484
1741116577877,1023.11926
1741116577890,1023.15125
1741116577932,1023.176
1741116577980,1023.18933
1741116578004,1023.20404
1741116578029,1023.1901
1741116578069,1023.1836
1741116578090,1023.1743
1741116578131,1023.1583
1741116578171,1023.14343
1741116578196,1023.1373
1741116578230,1023.1498
1741116578271,1023.1682
1741116578288,1023.15546
1741116578330,1023.15125
1741116578370,1023.16235
1741116578397,1023.16064
1741116578431,1023.1451
1741116578475,1023.1416
1741116578490,1023.13257
1741116578530,1023.125
1741116578572,1023.06934
1741116578588,1023.11597
1741116578629,1023.1366
1741116578670,1023.1493
1741116578694,1023.15674
1741116578744,1023.1572
1741116578769,1023.15875
1741116578792,1023.16205
1741116578828,1023.1661
1741116578870,1023.1515
1741116578889,1023.147
1741116578929,1023.1399
1741116578968,1023.17126
1741116578989,1023.1577
1741116579028,1023.1613
1741116579071,1023.15314
1741116579102,1023.14417
1741116579131,1023.1123
1741116579168,1023.0963
1741116579188,1023.09393
1741116579228,1023.08966
1741116579270,1023.0574
1741116579289,1023.0972
1741116579328,1023.11096
1741116579371,1023.13257
1741116579389,1023.13745
1741116579436,1023.1361
1741116579468,1023.1289
1741116579503,1023.12787
1741116579528,1023.1273
1741116579570,1023.12695
1741116579606,1023.13855
1741116579629,1023.15234
1741116579674,1023.1624
1741116579691,1023.1515
1741116579736,1023.1576
1741116579768,1023.1736
1741116579791,1023.1722
1741116579832,1023.15125
1741116579868,1023.15326
1741116579889,1023.1382
1741116579930,1023.10645
1741116579975,1023.11273
1741116579988,1023.1249
1741116580028,1023.1355
1741116580068,1023.161
1741116580088,1023.16223
1741116580146,1023.1577
1741116580169,1023.1477
1741116580192,1023.1359
1741116580228,1023.1271
1741116580271,1023.1284
1741116580289,1023.1361
1741116580330,1023.1593
1741116580368,1023.1572
1741116580397,1023.1621
1741116580430,1023.1615
1741116580474,1023.14355
1741116580488,1023.1257
1741116580529,1023.12305
1741116580573,1023.1219
1741116580587,1023.1061
1741116580630,1023.0845
1741116580674,1023.10266
1741116580702,1023.1197
1741116580731,1023.1384
1741116580776,1023.1426
1741116580804,1023.15436
1741116580827,1023.1503
1741116580872,1023.1545
1741116580887,1023.1538
1741116580930,1023.1418
1741116580970,1023.1362
1741116580993,1023.1855
1741116581030,1023.18616
1741116581069,1023.17865
1741116581089,1023.1775
1741116581127,1023.1721
1741116581169,1023.14905
1741116581188,1023.1336
1741116581228,1023.1243
1741116581268,1023.11194
1741116581289,1023.0823
1741116581330,1023.1178
1741116581370,1023.13025
1741116581395,1023.1503
1741116581428,1023.15063
1741116581474,1023.1512
1741116581489,1023.14386
1741116581531,1023.1472
1741116581567,1023.13635
1741116581588,1023.1382
1741116581642,1023.1391
1741116581667,1023.14056
1741116581699,1023.20166
1741116581736,1023.171
1741116581769,1023.17194
1741116581791,1023.18384
1741116581828,1023.1678
1741116581877,1023.13995
1741116581888,1023.14386
1741116581927,1023.1328
1741116581967,1023.10767
1741116581989,1023.0916
1741116582028,1023.11414
1741116582068,1023.1191
1741116582095,1023.1424
1741116582128,1023.1425
1741116582167,1023.14526
1741116582189,1023.1582
1741116582231,1023.15216
1741116582269,1023.14886
1741116582297,1023.14276
1741116582327,1023.1321
1741116582372,1023.1571
1741116582395,1023.14105
1741116582427,1023.1436
1741116582469,1023.15894
1741116582490,1023.1545
1741116582529,1023.1382
1741116582574,1023.141
1741116582589,1023.1371
1741116582626,1023.1332
1741116582668,1023.06726
1741116582697,1023.12164
1741116582727,1023.1421
1741116582768,1023.1489
1741116582788,1023.1558
1741116582827,1023.16345
1741116582868,1023.1678
1741116582888,1023.1606
1741116582944,1023.16
1741116582968,1023.166
1741116582987,1023.1704
1741116583038,1023.1756
1741116583067,1023.25085
1741116583087,1023.2218
1741116583132,1023.2047
1741116583168,1023.19385
1741116583186,1023.1843
1741116583244,1023.17035
1741116583267,1023.1564
1741116583296,1023.1549
1741116583333,1023.15
1741116583367,1023.06616
1741116583387,1023.1541
1741116583431,1023.1536
1741116583466,1023.15314
1741116583488,1023.16656
1741116583527,1023.1664
1741116583570,1023.1749
1741116583586,1023.16565
1741116583628,1023.16614
1741116583679,1023.1463
1741116583686,1023.14404
1741116583727,1023.14294
1741116583770,1023.2234
1741116583790,1023.1985
1741116583826,1023.1899
1741116583868,1023.1884
1741116583887,1023.2001
1741116583926,1023.1924
1741116583968,1023.17633
1741116583995,1023.1818
1741116584028,1023.14685
1741116584066,1023.1996
1741116584088,1023.20013
1741116584128,1023.20197
1741116584166,1023.2236
1741116584186,1023.2209
1741116584227,1023.21216
1741116584282,1023.20776
1741116584286,1023.1968
1741116584327,1023.1971
1741116584365,1023.1875
1741116584385,1023.19226
1741116584427,1023.26337
1741116584467,1023.2548
1741116584488,1023.24207
1741116584526,1023.24915
1741116584567,1023.234
1741116584588,1023.205
1741116584628,1023.21326
1741116584665,1023.22235
1741116584688,1023.20526
1741116584730,1023.12726
1741116584770,1023.2256
1741116584785,1023.2161
1741116584830,1023.2294
1741116584867,1023.24615
1741116584886,1023.23724
1741116584928,1023.23004
1741116584966,1023.2284
1741116584988,1023.22534
1741116585026,1023.2279
1741116585068,1023.23566
1741116585087,1023.25586
1741116585126,1023.2529
1741116585177,1023.2439
1741116585186,1023.2534
1741116585239,1023.24725
1741116585265,1023.2383
1741116585288,1023.22235
1741116585327,1023.2311
1741116585376,1023.20996
1741116585385,1023.20935
1741116585426,1023.22705
1741116585468,1023.2247
1741116585486,1023.2439
1741116585527,1023.24457
1741116585565,1023.2499
1741116585590,1023.2437
1741116585624,1023.24866
1741116585665,1023.2518
1741116585689,1023.24854
1741116585726,1023.25806
1741116585768,1023.20734
1741116585786,1023.2376
1741116585828,1023.22284
1741116585865,1023.22986
1741116585890,1023.23346
1741116585926,1023.2295
1741116585973,1023.2157
1741116585985,1023.227
1741116586026,1023.2183
1741116586066,1023.10767
1741116586086,1023.2327
1741116586127,1023.22864
1741116586165,1023.23535
1741116586186,1023.2578
1741116586228,1023.2588
1741116586265,1023.2509
1741116586288,1023.23926
1741116586324,1023.2284
1741116586374,1023.2254
1741116586387,1023.22766
1741116586428,1023.23816
1741116586466,1023.2688
1741116586487,1023.2647
1741116586525,1023.2837
1741116586565,1023.2808
1741116586585,1023.2658
1741116586626,1023.2429
1741116586666,1023.24054
1741116586685,1023.2185
1741116586726,1023.19745
1741116586767,1023.2652
1741116586787,1023.2531
1741116586829,1023.256
1741116586866,1023.276
1741116586886,1023.2931
1741116586927,1023.2911
1741116586970,1023.2789
1741116586990,1023.27637
1741116587030,1023.26245
1741116587067,1023.2616
1741116587086,1023.19824
1741116587128,1023.2388
1741116587170,1023.2404
1741116587187,1023.2484
1741116587223,1023.27026
1741116587267,1023.2728
1741116587287,1023.2585
1741116587324,1023.26117
1741116587370,1023.2573
1741116587386,1023.1673
1741116587425,1023.30524
1741116587469,1023.3043
1741116587485,1023.3061
1741116587526,1023.3083
1741116587564,1023.3061
1741116587587,1023.3062
1741116587630,1023.2975
1741116587666,1023.2954
1741116587686,1023.3007
1741116587727,1023.31116
1741116587784,1023.31384
1741116587784,1023.366
1741116587829,1023.3413
1741116587866,1023.33057
1741116587887,1023.33374
1741116587925,1023.31995
1741116587963,1023.3086
1741116587986,1023.3048
1741116588040,1023.29584
1741116588064,1023.2424
1741116588085,1023.3324
1741116588125,1023.33136
1741116588167,1023.3386
1741116588185,1023.33734
1741116588225,1023.3365
1741116588265,1023.3288
1741116588289,1023.32104
1741116588326,1023.3216
1741116588365,1023.3125
1741116588387,1023.31396
1741116588424,1023.3198
1741116588464,1023.33936
1741116588486,1023.3297
1741116588524,1023.3109
1741116588566,1023.3154
1741116588593,1023.3214
1741116588624,1023.31256
1741116588664,1023.3109
1741116588698,1023.31506
1741116588722,1023.20807
1741116588765,1023.31696
1741116588786,1023.3157
1741116588825,1023.3181
1741116588867,1023.3213
1741116588884,1023.32605
1741116588926,1023.33514
1741116588965,1023.3213
1741116588985,1023.30817
1741116589024,1023.309
1741116589066,1023.3133
1741116589100,1023.31433
1741116589125,1023.3134
1741116589165,1023.31824
1741116589187,1023.3294
1741116589225,1023.342
1741116589266,1023.3423
1741116589285,1023.3272
1741116589326,1023.32513
1741116589384,1023.32416
1741116589385,1023.32074
1741116589425,1023.31287
1741116589465,1023.3424
1741116589484,1023.3473
1741116589526,1023.3419
1741116589566,1023.3496
1741116589583,1023.34924
1741116589624,1023.3528
1741116589665,1023.33765
1741116589685,1023.3304
1741116589725,1023.3305
1741116589767,1023.32935
1741116589783,1023.3105
1741116589828,1023.3281
1741116589863,1023.33875
1741116589890,1023.3415
1741116589925,1023.34845
1741116589966,1023.3397
1741116589986,1023.32654
1741116590024,1023.3245
1741116590079,1023.3259
1741116590084,1023.2746
1741116590127,1023.31396
1741116590164,1023.34814
1741116590184,1023.3517
1741116590231,1023.3707
1741116590266,1023.37445
1741116590286,1023.3679
1741116590324,1023.3509
1741116590365,1023.3363
1741116590386,1023.3341
1741116590424,1023.3346
1741116590463,1023.3385
1741116590484,1023.42773
1741116590525,1023.39905
1741116590563,1023.36316
1741116590590,1023.3709
1741116590621,1023.36646
1741116590666,1023.35095
1741116590712,1023.33325
1741116590722,1023.33093
1741116590763,1023.3257
1741116590784,1023.32477
1741116590825,1023.3174
1741116590871,1023.3578
1741116590885,1023.3602
1741116590923,1023.36255
1741116590964,1023.35876
1741116590985,1023.3585
1741116591027,1023.3476
1741116591062,1023.34595
1741116591087,1023.3394
1741116591127,1023.3385
1741116591164,1023.32947
1741116591182,1023.37573
1741116591245,1023.35443
1741116591265,1023.348
1741116591282,1023.36096
1741116591327,1023.35706
1741116591362,1023.33954
1741116591385,1023.33545
1741116591422,1023.3305
1741116591465,1023.3257
1741116591483,1023.3146
1741116591525,1023.3461
1741116591563,1023.3613
1741116591584,1023.3635
1741116591624,1023.3698
1741116591666,1023.37103
1741116591688,1023.3664
1741116591722,1023.35425
1741116591766,1023.3469
1741116591781,1023.343
1741116591821,1023.3419
1741116591863,1023.3726
1741116591887,1023.35547
1741116591936,1023.34705
1741116591961,1023.35486
1741116591984,1023.3594
1741116592024,1023.3455
1741116592063,1023.32605
1741116592084,1023.339
1741116592123,1023.3301
1741116592162,1023.31384
1741116592183,1023.3356
1741116592223,1023.3482
1741116592263,1023.3575
1741116592283,1023.36206
1741116592326,1023.3686
1741116592363,1023.3635
1741116592384,1023.36084
1741116592434,1023.3495
1741116592462,1023.33203
1741116592489,1023.3288
1741116592521,1023.34796
1741116592563,1023.3639
1741116592583,1023.3481
1741116592625,1023.3422
1741116592664,1023.34985
1741116592682,1023.34033
1741116592730,1023.3183
1741116592763,1023.32227
1741116592782,1023.327
1741116592825,1023.3232
1741116592863,1023.30994
1741116592882,1023.3372
1741116592924,1023.3364
1741116592964,1023.35004
1741116592980,1023.353
1741116593021,1023.3645
1741116593063,1023.3481
1741116593097,1023.33575
1741116593122,1023.3307
1741116593164,1023.32886
1741116593181,1023.33905
1741116593224,1023.3566
1741116593262,1023.3589
1741116593285,1023.3501
1741116593326,1023.35785
1741116593362,1023.36426
1741116593382,1023.3409
1741116593426,1023.3217
1741116593463,1023.31274
1741116593482,1023.3207
1741116593526,1023.30383
1741116593564,1023.3234
1741116593580,1023.33203
1741116593623,1023.3511
1741116593663,1023.34607
1741116593689,1023.34265
1741116593720,1023.31934
1741116593762,1023.3152
1741116593782,1023.3187
1741116593821,1023.3161
1741116593881,1023.3191
1741116593883,1023.3373
1741116593926,1023.3358
1741116593964,1023.3438
1741116593980,1023.3558
1741116594039,1023.3456
1741116594061,1023.3312
1741116594082,1023.3201
1741116594121,1023.31506
1741116594160,1023.3144
1741116594184,1023.27
1741116594231,1023.2727
1741116594260,1023.31775
1741116594281,1023.3181
1741116594324,1023.3296
1741116594362,1023.3232
1741116594383,1023.32166
1741116594425,1023.3256
1741116594461,1023.328
1741116594484,1023.3184
1741116594524,1023.33185
1741116594560,1023.33514
1741116594585,1023.33203
1741116594636,1023.33484
1741116594660,1023.3414
1741116594683,1023.35596
1741116594726,1023.3422
1741116594765,1023.3137
1741116594780,1023.2909
1741116594824,1023.29565
1741116594862,1023.3021
1741116594881,1023.2754
1741116594919,1023.32153
1741116594970,1023.32666
1741116594984,1023.3412
1741116595022,1023.33923
1741116595059,1023.33105
1741116595082,1023.3187
1741116595120,1023.3146
1741116595164,1023.31445
1741116595184,1023.31793
1741116595220,1023.31775
1741116595270,1023.3461
1741116595284,1023.341
1741116595322,1023.3381
1741116595370,1023.34296
1741116595384,1023.3392
1741116595419,1023.3223
1741116595463,1023.3174
1741116595480,1023.31354
1741116595523,1023.29126
1741116595561,1023.30383
1741116595585,1023.32623
1741116595623,1023.3223
1741116595661,1023.34265
1741116595710,1023.3477
1741116595724,1023.3476
1741116595760,1023.34644
1741116595779,1023.3331
1741116595829,1023.3259
1741116595874,1023.33716
1741116595885,1023.32556
1741116595922,1023.3448
1741116595959,1023.34485
1741116595980,1023.34875
1741116596020,1023.35114
1741116596062,1023.35254
1741116596083,1023.3332
1741116596124,1023.3416
1741116596161,1023.3439
1741116596179,1023.3208
1741116596228,1023.3124
1741116596260,1023.33264
1741116596292,1023.33044
1741116596319,1023.3393
1741116596360,1023.33405
1741116596383,1023.33545
1741116596423,1023.3307
1741116596461,1023.32263
1741116596479,1023.3142
1741116596526,1023.3101
1741116596558,1023.3137
1741116596581,1023.3781
1741116596624,1023.3425
1741116596660,1023.3413
1741116596680,1023.34863
1741116596727,1023.35535
1741116596763,1023.33826
1741116596787,1023.3269
1741116596824,1023.3191
1741116596863,1023.3177
1741116596879,1023.26544
1741116596923,1023.2951
1741116596959,1023.3094
1741116597001,1023.3072
1741116597019,1023.3356
1741116597065,1023.3342
1741116597103,1023.3323
1741116597123,1023.3231
1741116597162,1023.3231
1741116597199,1023.3142
1741116597221,1023.3159
1741116597265,1023.3104
1741116597303,1023.31866
1741116597318,1023.32837
1741116597363,1023.337
1741116597400,1023.3462
1741116597422,1023.3414
1741116597459,1023.3186
1741116597498,1023.3129
1741116597526,1023.3119
1741116597560,1023.29395
1741116597600,1023.30286
1741116597619,1023.3302
1741116597662,1023.33075
1741116597703,1023.3412
1741116597718,1023.34326
1741116597763,1023.3339
1741116597799,1023.3201
1741116597820,1023.31824
1741116597859,1023.31213
1741116597899,1023.31195
1741116597920,1023.29865
1741116597960,1023.3365
1741116598003,1023.3424
1741116598018,1023.3469
1741116598061,1023.3485
1741116598098,1023.34216
1741116598118,1023.3256
1741116598159,1023.31067
1741116598198,1023.30005
1741116598218,1023.2969
1741116598263,1023.26843
1741116598303,1023.3132
1741116598318,1023.30334
1741116598359,1023.3172
1741116598398,1023.3272
1741116598435,1023.3246
1741116598458,1023.3131
1741116598498,1023.3056
1741116598518,1023.3019
1741116598559,1023.2998
1741116598602,1023.3128
1741116598619,1023.3521
1741116598658,1023.3533
1741116598700,1023.3358
1741116598717,1023.34454
1741116598758,1023.34564
1741116598804,1023.3244
1741116598820,1023.3152
1741116598860,1023.3123
1741116598905,1023.3093
1741116598920,1023.2521
1741116598964,1023.29913
1741116598999,1023.3264
1741116599028,1023.338
1741116599057,1023.3538
1741116599104,1023.35657
1741116599117,1023.3466
1741116599159,1023.33734
1741116599198,1023.3395
1741116599218,1023.32556
1741116599260,1023.32135
1741116599301,1023.30054
1741116599318,1023.3349
1741116599360,1023.33093
1741116599404,1023.34106
1741116599423,1023.3365
1741116599458,1023.32043
1741116599499,1023.3063
1741116599519,1023.30566
1741116599564,1023.29614
1741116599599,1023.3021
1741116599626,1023.3257
1741116599657,1023.336
1741116599699,1023.3487
1741116599718,1023.35284
1741116599758,1023.3507
1741116599809,1023.34326
1741116599825,1023.34033
1741116599859,1023.3296
1741116599899,1023.3255
1741116599918,1023.3302
1741116599965,1023.3463
1741116599998,1023.37305
1741116600025,1023.3594
1741116600057,1023.36597
1741116600109,1023.35986
1741116600121,1023.34576
1741116600162,1023.3308
1741116600197,1023.32947
1741116600224,1023.3241
1741116600257,1023.2785
1741116600298,1023.332
1741116600322,1023.3388
1741116600359,1023.3309
1741116600400,1023.3308
1741116600425,1023.34766
1741116600459,1023.3423
1741116600497,1023.3313
1741116600524,1023.3191
1741116600557,1023.3077
1741116600597,1023.3148
1741116600624,1023.32275
1741116600657,1023.36066
1741116600709,1023.3407
1741116600729,1023.3484
1741116600758,1023.3521
1741116600800,1023.3531
1741116600818,1023.3258
1741116600855,1023.31165
1741116600896,1023.30475
1741116600916,1023.2946
1741116600965,1023.2338
1741116600999,1023.2989
1741116601023,1023.2953
1741116601057,1023.3017
1741116601096,1023.30975
1741116601118,1023.32007
1741116601158,1023.32117
1741116601197,1023.3141
1741116601224,1023.3114
1741116601257,1023.3119
1741116601296,1023.31396
1741116601316,1023.36523
1741116601365,1023.3528
1741116601396,1023.3411
1741116601423,1023.35205
1741116601462,1023.3539
1741116601497,1023.33606
1741116601524,1023.31683
1741116601559,1023.3055
1741116601597,1023.3022
1741116601618,1023.2466
1741116601663,1023.287
1741116601698,1023.3134
1741116601719,1023.31775
1741116601764,1023.3345
1741116601796,1023.3232
1741116601818,1023.3292
1741116601856,1023.32
1741116601897,1023.32434
1741116601922,1023.3188
1741116601958,1023.3091
1741116601998,1023.31213
1741116602023,1023.3234
1741116602057,1023.3272
1741116602104,1023.32745
1741116602116,1023.34326
1741116602162,1023.3428
1741116602198,1023.32837
1741116602217,1023.31885
1741116602258,1023.3231
1741116602296,1023.3176
1741116602325,1023.2623
1741116602357,1023.3003
1741116602409,1023.3005
1741116602425,1023.31934
1741116602458,1023.3285
1741116602498,1023.3273
1741116602515,1023.3229
1741116602557,1023.3197
1741116602600,1023.31165
1741116602622,1023.3052
1741116602659,1023.3017
1741116602706,1023.2719
1741116602719,1023.3087
1741116602756,1023.31946
1741116602795,1023.3283
1741116602817,1023.3372
1741116602864,1023.332
1741116602897,1023.32086
1741116602918,1023.32294
1741116602957,1023.332
1741116602996,1023.2907
1741116603018,1023.3182
1741116603061,1023.345
1741116603095,1023.3341
1741116603121,1023.3484
1741116603160,1023.3502
1741116603196,1023.35315
1741116603216,1023.3503
1741116603256,1023.3404
1741116603300,1023.3279
1741116603319,1023.3243
1741116603356,1023.35645
1741116603395,1023.3828
1741116603415,1023.37714
1741116603455,1023.3715
1741116603495,1023.37354
1741116603516,1023.35657
1741116603556,1023.33704
1741116603596,1023.3425
1741116603616,1023.3433
1741116603657,1023.33923
1741116603699,1023.23206
1741116603714,1023.32
1741116603755,1023.32544
1741116603795,1023.33844
1741116603815,1023.3585
1741116603857,1023.3614
1741116603895,1023.3585
1741116603914,1023.35956
1741116603955,1023.3573
1741116603994,1023.34784
1741116604014,1023.349
1741116604054,1023.3489
1741116604095,1023.3725
1741116604117,1023.3535
1741116604164,1023.34814
1741116604197,1023.36316
1741116604215,1023.3585
1741116604255,1023.33466
1741116604295,1023.33875
1741116604316,1023.3315
1741116604357,1023.2897
1741116604397,1023.3178
1741116604424,1023.33295
1741116604455,1023.32764
1741116604496,1023.33936
1741116604517,1023.34436
1741116604554,1023.3492
1741116604595,1023.34595
1741116604616,1023.3419
1741116604664,1023.3401
1741116604697,1023.32715
1741116604716,1023.32935
1741116604765,1023.3202
1741116604795,1023.34827
1741116604816,1023.34766
1741116604857,1023.3501
1741116604894,1023.33685
1741116604915,1023.32886
1741116604959,1023.31323
1741116604997,1023.323
1741116605022,1023.32983
1741116605059,1023.26056
1741116605095,1023.33203
1741116605117,1023.32947
1741116605157,1023.3596
1741116605198,1023.3606
1741116605215,1023.35706
1741116605254,1023.3439
1741116605301,1023.33105
1741116605330,1023.32245
1741116605355,1023.3174
1741116605396,1023.31866
1741116605418,1023.3512
1741116605462,1023.348
1741116605495,1023.3404
1741116605522,1023.3629
1741116605555,1023.3755
1741116605598,1023.35876
1741116605620,1023.34827
1741116605655,1023.34534
1741116605708,1023.3383
1741116605716,1023.2439
1741116605757,1023.3359
1741116605794,1023.3496
1741116605816,1023.3467
1741116605858,1023.35986
1741116605894,1023.36487
1741116605915,1023.35864
1741116605963,1023.337
1741116605995,1023.33575
1741116606019,1023.3279
1741116606053,1023.3252
1741116606096,1023.3143
1741116606117,1023.33795
1741116606154,1023.3363
1741116606203,1023.34705
1741116606224,1023.36273
1741116606257,1023.3648
1741116606296,1023.35834
1741116606314,1023.3341
1741116606353,1023.33527
1741116606396,1023.3189
1741116606417,1023.26227
1741116606453,1023.3504
1741116606496,1023.3592
1741116606517,1023.35065
1741116606556,1023.35547
1741116606594,1023.3614
1741116606619,1023.35254
1741116606654,1023.3409
1741116606701,1023.3396
1741116606714,1023.33704
1741116606754,1023.3251
1741116606794,1023.3282
1741116606816,1023.37036
1741116606867,1023.3731
1741116606894,1023.35876
1741116606917,1023.3716
1741116606954,1023.3689
1741116606999,1023.3594
1741116607015,1023.35144
1741116607054,1023.33844
1741116607098,1023.33435
1741116607116,1023.3543
1741116607155,1023.36053
1741116607195,1023.35645
1741116607215,1023.37366
1741116607254,1023.3755
1741116607296,1023.37427
1741116607318,1023.3611
1741116607357,1023.34814
1741116607394,1023.33374
1741116607414,1023.32764
1741116607454,1023.3336
1741116607498,1023.3331
1741116607522,1023.381
1741116607556,1023.3595
1741116607596,1023.3635
1741116607615,1023.3644
1741116607656,1023.35986
1741116607694,1023.33405
1741116607716,1023.3318
1741116607753,1023.3336
1741116607797,1023.32166
1741116607815,1023.3203
1741116607855,1023.3347
1741116607896,1023.3468
1741116607915,1023.3649
1741116607955,1023.37317
1741116607996,1023.3704
1741116608014,1023.3555
1741116608059,1023.3529
1741116608093,1023.3538
1741116608129,1023.3395
1741116608154,1023.3413
1741116608204,1023.3447
1741116608213,1023.37305
1741116608253,1023.35693
1741116608298,1023.354
1741116608316,1023.3539
1741116608354,1023.3418
1741116608393,1023.3239
1741116608414,1023.32025
1741116608454,1023.3178
1741116608498,1023.31665
1741116608512,1023.2338
1741116608554,1023.32544
1741116608596,1023.34143
1741116608616,1023.345
1741116608651,1023.3457
1741116608693,1023.3466
1741116608714,1023.348
1741116608764,1023.3388
1741116608796,1023.338
1741116608815,1023.33264
1741116608853,1023.3403
1741116608903,1023.3461
1741116608913,1023.38086
1741116608952,1023.3728
1741116608999,1023.3645
1741116609012,1023.35876
1741116609052,1023.33435
1741116609104,1023.33875
1741116609114,1023.3405
1741116609157,1023.3336
1741116609199,1023.2752
1741116609212,1023.34546
1741116609253,1023.3365
1741116609297,1023.3485
1741116609313,1023.36115
1741116609356,1023.34814
1741116609395,1023.3336
1741116609419,1023.3254
1741116609452,1023.3225
1741116609493,1023.3255
1741116609515,1023.3156
1741116609552,1023.29785
1741116609594,1023.3761
1741116609625,1023.3462
1741116609652,1023.3455
1741116609702,1023.3475
1741116609713,1023.34186
1741116609754,1023.3235
1741116609794,1023.31757
1741116609829,1023.31824
1741116609852,1023.3165
1741116609910,1023.3034
1741116609914,1023.31384
1741116609952,1023.31934
1741116609991,1023.33167
1741116610016,1023.3583
1741116610052,1023.3534
1741116610094,1023.3504
1741116610117,1023.3353
1741116610151,1023.3344
1741116610195,1023.33417
1741116610214,1023.323
1741116610252,1023.3294
1741116610292,1023.3425
1741116610317,1023.34985
1741116610351,1023.34973
1741116610403,1023.36115
1741116610412,1023.3667
1741116610464,1023.35315
1741116610494,1023.3327
1741116610512,1023.3372
1741116610552,1023.3385
1741116610594,1023.3186
1741116610614,1023.3041
1741116610652,1023.3311
1741116610692,1023.3283
1741116610714,1023.34924
1741116610751,1023.35583
1741116610803,1023.35657
1741116610812,1023.3542
1741116610854,1023.3446
1741116610891,1023.3374
1741116610918,1023.33887
1741116610951,1023.31934
1741116610993,1023.359
1741116611011,1023.34814
1741116611053,1023.34717
1741116611094,1023.3671
1741116611122,1023.3529
1741116611154,1023.3363
1741116611202,1023.3278
1741116611212,1023.3386
1741116611253,1023.32764
1741116611302,1023.30774
1741116611313,1023.3434
1741116611351,1023.3505
1741116611392,1023.3645
1741116611414,1023.36633
1741116611455,1023.3662
1741116611494,1023.35767
1741116611514,1023.35376
1741116611550,1023.3484
1741116611593,1023.3404
1741116611612,1023.34656
1741116611652,1023.346
1741116611693,1023.3554
1741116611724,1023.3537
1741116611751,1023.3584
1741116611790,1023.37366
1741116611817,1023.3499
1741116611855,1023.32684
1741116611895,1023.32245
1741116611916,1023.32306
1741116611953,1023.29443
1741116611991,1023.32153
1741116612018,1023.33325
1741116612056,1023.34436
1741116612097,1023.361
1741116612110,1023.35345
1741116612150,1023.3503
1741116612191,1023.3427
1741116612213,1023.3373
1741116612254,1023.33545
1741116612301,1023.3319
1741116612312,1023.34125
1741116612352,1023.3484
1741116612392,1023.33716
1741116612414,1023.332
1741116612453,1023.34607
1741116612495,1023.33136
1741116612513,1023.32025
1741116612552,1023.3181
1741116612591,1023.3144
1741116612610,1023.31323
1741116612664,1023.2752
1741116612690,1023.3086
1741116612711,1023.3333
1741116612751,1023.33636
1741116612790,1023.34174
1741116612814,1023.34973
1741116612857,1023.34644
1741116612904,1023.32605
1741116612910,1023.31604
1741116612954,1023.3127
1741116612991,1023.3132
1741116613014,1023.3293
1741116613053,1023.33167
1741116613089,1023.33154
1741116613111,1023.3497
1741116613149,1023.3482
1741116613192,1023.32306
1741116613211,1023.30896
1741116613262,1023.3092
1741116613291,1023.299
1741116613311,1023.2665
1741116613351,1023.323
1741116613392,1023.331
1741116613411,1023.3327
1741116613450,1023.34814
1741116613491,1023.34766
1741116613512,1023.33984
1741116613550,1023.3414
1741116613594,1023.3369
1741116613610,1023.3351
1741116613659,1023.33685
1741116613690,1023.3546
1741116613713,1023.4158
1741116613756,1023.3701
1741116613792,1023.3584
1741116613817,1023.3657
1741116613850,1023.35376
1741116613894,1023.3258
1741116613910,1023.3222
1741116613950,1023.31946
1741116613999,1023.30005
1741116614011,1023.31213
1741116614050,1023.3266
1741116614099,1023.3303
1741116614110,1023.34344
1741116614155,1023.34973
1741116614190,1023.33875
1741116614208,1023.34045
1741116614252,1023.33453
1741116614302,1023.33026
1741116614309,1023.32495
1741116614353,1023.3284
1741116614398,1023.3386
1741116614410,1023.36365
1741116614451,1023.3597
1741116614499,1023.3641
1741116614509,1023.372
1741116614554,1023.36646
1741116614589,1023.33356
1741116614612,1023.3218
1741116614651,1023.31995
1741116614690,1023.31775
1741116614709,1023.26324
1741116614752,1023.3088
1741116614791,1023.3143
1741116614810,1023.33435
1741116614849,1023.3328
1741116614888,1023.3261
1741116614912,1023.31506
1741116614956,1023.30304
1741116614989,1023.30963
1741116615010,1023.30756
1741116615049,1023.28284
1741116615095,1023.38885
1741116615108,1023.3463
1741116615157,1023.3359
1741116615189,1023.3579
1741116615212,1023.3489
1741116615249,1023.32544
1741116615295,1023.3229
1741116615309,1023.31793
1741116615350,1023.29285
1741116615390,1023.2693
1741116615413,1023.3368
1741116615458,1023.33606
1741116615491,1023.33813
1741116615510,1023.3337
1741116615553,1023.3315
1741116615594,1023.32684
1741116615611,1023.3185
1741116615660,1023.3163
1741116615692,1023.309
1741116615710,1023.3252
1741116615752,1023.3187
1741116615791,1023.35333
1741116615811,1023.341
1741116615855,1023.35315
1741116615890,1023.3695
1741116615916,1023.3702
1741116615949,1023.33704
1741116615989,1023.30994
1741116616010,1023.3008
1741116616050,1023.2935
1741116616091,1023.28625
1741116616115,1023.2879
1741116616150,1023.30524
1741116616192,1023.3236
1741116616214,1023.3142
1741116616249,1023.3197
1741116616299,1023.3167
1741116616309,1023.31555
1741116616364,1023.3159
1741116616390,1023.30597
1741116616412,1023.31067
1741116616453,1023.3085
1741116616488,1023.3301
1741116616509,1023.3223
1741116616556,1023.336
1741116616590,1023.3459
1741116616608,1023.33307
1741116616651,1023.3129
1741116616690,1023.29333
1741116616710,1023.2942
1741116616749,1023.2483
1741116616788,1023.29364
1741116616810,1023.30634
1741116616850,1023.30444
1741116616888,1023.31903
1741116616908,1023.33484
1741116616950,1023.33344
1741116616988,1023.31165
1741116617009,1023.3081
1741116617049,1023.3018
1741116617090,1023.30804
1741116617110,1023.3162
1741116617148,1023.3354
1741116617189,1023.347
1741116617223,1023.34766
1741116617248,1023.35443
1741116617288,1023.34375
1741116617308,1023.3254
1741116617354,1023.3186
1741116617391,1023.31555
1741116617408,1023.3166
1741116617449,1023.28564
1741116617487,1023.3088
1741116617508,1023.3112
1741116617548,1023.31964
1741116617590,1023.33594
1741116617608,1023.331
1741116617650,1023.3314
1741116617696,1023.32825
1741116617712,1023.3286
1741116617748,1023.3133
1741116617792,1023.3104
1741116617809,1023.30615
1741116617847,1023.3303
1741116617890,1023.3403
1741116617911,1023.3325
1741116617948,1023.3418
1741116617988,1023.3359
1741116618009,1023.31555
1741116618046,1023.3076
1741116618096,1023.30804
1741116618111,1023.30347
1741116618153,1023.27124
1741116618188,1023.2806
1741116618208,1023.28296
1741116618247,1023.3014
1741116618288,1023.3265
1741116618309,1023.3164
1741116618348,1023.3173
1741116618386,1023.3159
1741116618408,1023.31616
1741116618453,1023.3159
1741116618489,1023.3163
1741116618508,1023.3208
1741116618552,1023.32654
1741116618588,1023.3287
1741116618612,1023.3352
1741116618647,1023.3331
1741116618686,1023.3177
1741116618708,1023.30396
1741116618748,1023.30835
1741116618796,1023.3053
1741116618830,1023.2701
1741116618847,1023.3086
1741116618889,1023.323
1741116618927,1023.33813
1741116618955,1023.33844
1741116618998,1023.3375
1741116619027,1023.34534
1741116619050,1023.32336
1741116619092,1023.30786
1741116619134,1023.2988
1741116619152,1023.3032
1741116619225,1023.309
1741116619225,1023.3449
1741116619247,1023.3429
1741116619288,1023.33295
1741116619329,1023.333
1741116619352,1023.32745
1741116619387,1023.31647
1741116619427,1023.3128
1741116619449,1023.31494
1741116619486,1023.2951
1741116619507,1023.27734
1741116619548,1023.31995
1741116619587,1023.3192
1741116619628,1023.3151
1741116619650,1023.3301
1741116619687,1023.3307
1741116619727,1023.3324
1741116619752,1023.32117
1741116619789,1023.31805
1741116619826,1023.3137
1741116619846,1023.3181
1741116619889,1023.3354
1741116619931,1023.3641
1741116619947,1023.3455
1741116619998,1023.3367
1741116620026,1023.331
1741116620049,1023.3238
1741116620099,1023.3109
1741116620127,1023.3076
1741116620153,1023.31024
1741116620187,1023.26996
1741116620230,1023.302
1741116620247,1023.3164
1741116620289,1023.31934
1741116620328,1023.32635
1741116620362,1023.3236
1741116620396,1023.32526
1741116620426,1023.3176
1741116620448,1023.3073
1741116620494,1023.3106
1741116620526,1023.3151
1741116620547,1023.3373
1741116620591,1023.32806
1741116620626,1023.3224
1741116620647,1023.3368
1741116620687,1023.34106
1741116620726,1023.32825
1741116620748,1023.31885
1741116620786,1023.31573
1741116620836,1023.25543
1741116620846,1023.30084
1741116620888,1023.3193
1741116620925,1023.32245
1741116620946,1023.3221
1741116620988,1023.3248
1741116621025,1023.33276
1741116621046,1023.3172
1741116621087,1023.3142
1741116621126,1023.3147
1741116621145,1023.3118
1741116621186,1023.3068
1741116621228,1023.32214
1741116621246,1023.3225
1741116621290,1023.32874
1741116621338,1023.3344
1741116621345,1023.34375
1741116621386,1023.319
1741116621444,1023.31177
1741116621445,1023.3086
1741116621490,1023.29865
1741116621530,1023.23724
1741116621546,1023.3169
1741116621588,1023.32117
1741116621625,1023.3313
1741116621646,1023.33203
1741116621685,1023.32
1741116621726,1023.3195
1741116621745,1023.3117
1741116621785,1023.3141
1741116621827,1023.31995
1741116621849,1023.3219
1741116621885,1023.34094
1741116621929,1023.3494
1741116621945,1023.3391
1741116621991,1023.35376
1741116622033,1023.3573
1741116622049,1023.3495
1741116622088,1023.3293
1741116622134,1023.32153
1741116622147,1023.3193
1741116622187,1023.2908
1741116622226,1023.2997
1741116622257,1023.322
1741116622286,1023.3198
1741116622325,1023.3414
1741116622346,1023.3457
1741116622389,1023.34485
1741116622427,1023.3272
1741116622448,1023.3124
1741116622486,1023.3093
1741116622526,1023.306
1741116622549,1023.3125
1741116622585,1023.3299
1741116622626,1023.3227
1741116622646,1023.3313
1741116622687,1023.3386
1741116622726,1023.3361
1741116622746,1023.31726
1741116622792,1023.2904
1741116622826,1023.2988
1741116622850,1023.3003
1741116622886,1023.27734
1741116622926,1023.3032
1741116622944,1023.3042
1741116622985,1023.3119
1741116623026,1023.3329
1741116623048,1023.3339
1741116623094,1023.3378
1741116623125,1023.3325
1741116623149,1023.31976
1741116623185,1023.31006
1741116623224,1023.3097
1741116623246,1023.29834
1741116623287,1023.4024
1741116623326,1023.36
1741116623346,1023.3543
1741116623386,1023.346
1741116623426,1023.32874
1741116623447,1023.3147
1741116623486,1023.31165
1741116623526,1023.31573
1741116623545,1023.31775
1741116623584,1023.298
1741116623626,1023.3249
1741116623653,1023.3211
1741116623683,1023.3269
1741116623725,1023.3318
1741116623744,1023.33875
1741116623790,1023.3347
1741116623824,1023.33093
1741116623847,1023.3145
1741116623888,1023.3135
1741116623926,1023.3132
1741116623950,1023.31464
1741116623985,1023.3377
1741116624024,1023.3203
1741116624045,1023.3288
1741116624086,1023.33093
1741116624125,1023.3157
1741116624150,1023.2893
1741116624190,1023.28314
1741116624223,1023.29584
1741116624245,1023.2694
1741116624285,1023.3219
1741116624326,1023.311
1741116624349,1023.31714
1741116624395,1023.3227
1741116624430,1023.32214
1741116624445,1023.32025
1741116624486,1023.3124
1741116624524,1023.3087
1741116624545,1023.3132
1741116624586,1023.3195
1741116624634,1023.3199
1741116624646,1023.37805
1741116624684,1023.349
1741116624726,1023.34625
1741116624748,1023.3486
1741116624785,1023.34204
1741116624828,1023.3236
1741116624847,1023.30774
1741116624886,1023.3108
1741116624926,1023.3061
1741116624946,1023.2829
1741116624988,1023.31683
1741116625024,1023.3163
1741116625044,1023.32324
1741116625085,1023.3302
1741116625125,1023.33624
1741116625147,1023.34155
1741116625185,1023.3364
1741116625225,1023.3328
1741116625245,1023.3248
1741116625285,1023.3271
1741116625324,1023.3313
1741116625347,1023.3331
1741116625383,1023.3338
1741116625426,1023.32983
1741116625445,1023.3465
1741116625488,1023.3476
1741116625524,1023.34125
1741116625544,1023.31665
1741116625585,1023.32465
1741116625623,1023.3234
1741116625648,1023.2636
1741116625690,1023.3215
1741116625734,1023.33356
1741116625744,1023.3269
1741116625784,1023.3387
1741116625823,1023.34045
1741116625845,1023.3418
1741116625884,1023.3428
1741116625925,1023.33746
1741116625947,1023.32715
1741116625985,1023.328
1741116626027,1023.3319
1741116626049,1023.3754
1741116626089,1023.3653
1741116626124,1023.3567
1741116626147,1023.36017
1741116626189,1023.355
1741116626224,1023.34424
1741116626247,1023.32623
1741116626284,1023.3212
1741116626328,1023.3083
1741116626345,1023.29846
1741116626384,1023.31665
1741116626426,1023.317
1741116626449,1023.3296
1741116626485,1023.343
1741116626523,1023.3452
1741116626546,1023.33984
1741116626586,1023.32666
1741116626623,1023.3186
1741116626645,1023.31305
1741116626685,1023.3172
1741116626727,1023.31354
1741116626763,1023.3578
1741116626785,1023.34686
1741116626826,1023.337
1741116626847,1023.3479
1741116626882,1023.3501
1741116626927,1023.32916
1741116626950,1023.3169
1741116626983,1023.31506
1741116627024,1023.30237
1741116627044,1023.2703
1741116627083,1023.3236
1741116627125,1023.32245
1741116627156,1023.32544
1741116627183,1023.3448
1741116627223,1023.35693
1741116627244,1023.35016
1741116627283,1023.3429
1741116627326,1023.3324
1741116627352,1023.32654
1741116627384,1023.3162
1741116627428,1023.32117
1741116627442,1023.3696
1741116627485,1023.3618
1741116627543,1023.3499
1741116627543,1023.3379
1741116627585,1023.34595
1741116627622,1023.3417
1741116627645,1023.3198
1741116627685,1023.31775
1741116627726,1023.3189
1741116627747,1023.3235
1741116627784,1023.2759
1741116627829,1023.3244
1741116627845,1023.3213
1741116627888,1023.3433
1741116627924,1023.3512
1741116627946,1023.34735
1741116627985,1023.33386
1741116628023,1023.32874
1741116628043,1023.32306
1741116628081,1023.3182
1741116628122,1023.31604
1741116628143,1023.30597
1741116628181,1023.3507
1741116628229,1023.33997
1741116628246,1023.3555
1741116628286,1023.3574
1741116628321,1023.3457
1741116628347,1023.3236
1741116628384,1023.3251
1741116628423,1023.32574
1741116628444,1023.3049
1741116628483,1023.3454
1741116628524,1023.3318
1741116628548,1023.3157
1741116628583,1023.3399
1741116628624,1023.3477
1741116628648,1023.3451
1741116628682,1023.3278
1741116628728,1023.3212
1741116628749,1023.31396
1741116628781,1023.30347
1741116628825,1023.28735
1741116628844,1023.30786
1741116628883,1023.3181
1741116628923,1023.31226
1741116628943,1023.3151
1741116628981,1023.3225
1741116629027,1023.308
1741116629059,1023.2931
1741116629081,1023.296
1741116629127,1023.3026
1741116629144,1023.2822
1741116629181,1023.2764
1741116629222,1023.30255
1741116629244,1023.30804
1741116629293,1023.3242
1741116629327,1023.329
1741116629343,1023.3307
1741116629395,1023.32336
1741116629422,1023.3213
1741116629444,1023.3125
1741116629483,1023.3108
1741116629534,1023.30206
1741116629546,1023.2859
1741116629583,1023.3373
1741116629620,1023.3273
1741116629640,1023.3245
1741116629684,1023.3425
1741116629727,1023.3459
1741116629743,1023.32733
1741116629784,1023.31384
1741116629834,1023.32153
1741116629853,1023.32196
1741116629880,1023.2717
1741116629922,1023.3205
1741116629943,1023.3237
1741116629981,1023.31287
1741116630030,1023.3285
1741116630045,1023.33887
1741116630084,1023.3297
1741116630121,1023.31964
1741116630143,1023.3207
1741116630183,1023.3091
1741116630222,1023.3067
1741116630240,1023.29584
1741116630303,1023.3672
1741116630321,1023.34454
1741116630341,1023.33105
1741116630382,1023.3616
1741116630426,1023.34906
1741116630444,1023.333
1741116630480,1023.32275
1741116630523,1023.30585
1741116630540,1023.2622
1741116630586,1023.2612
1741116630620,1023.3301
1741116630640,1023.31104
1741116630684,1023.3231
1741116630719,1023.40894
1741116630740,1023.3986
1741116630783,1023.3798
1741116630820,1023.364
1741116630856,1023.346
1741116630879,1023.33295
1741116630926,1023.32764
1741116630939,1023.3335
1741116630983,1023.33044
1741116631030,1023.3385
1741116631044,1023.3494
1741116631084,1023.35443
1741116631122,1023.34296
1741116631144,1023.31665
1741116631202,1023.3287
1741116631221,1023.34265
1741116631244,1023.32806
1741116631280,1023.3237
1741116631324,1023.32605
1741116631340,1023.3276
1741116631379,1023.31995
1741116631424,1023.31116
1741116631440,1023.30566
1741116631480,1023.30646
1741116631523,1023.3042
1741116631545,1023.3154
1741116631582,1023.30884
1741116631623,1023.30457
1741116631644,1023.3052
1741116631680,1023.2899
1741116631719,1023.2881
1741116631739,1023.289
1741116631779,1023.2838
1741116631819,1023.2894
1741116631839,1023.29877
1741116631879,1023.29803
1741116631919,1023.2923
1741116631939,1023.29004
1741116631979,1023.2865
1741116632018,1023.28766
1741116632038,1023.27356
1741116632078,1023.2758
1741116632119,1023.27155
1741116632138,1023.273
1741116632179,1023.2714
1741116632219,1023.2699
1741116632238,1023.2766
1741116632279,1023.27765
1741116632318,1023.27844
1741116632338,1023.27576
1741116632378,1023.27747
1741116632419,1023.27295
1741116632438,1023.27466
1741116632478,1023.2683
1741116632518,1023.27515
1741116632538,1023.27466
1741116632578,1023.27875
1741116632618,1023.2836
1741116632638,1023.2867
1741116632678,1023.2898
1741116632719,1023.29083
1741116632738,1023.29297
1741116632779,1023.28796
1741116632820,1023.29083
1741116632840,1023.2849
1741116632878,1023.26917
1741116632919,1023.2747
1741116632938,1023.26984
1741116632978,1023.28284
1741116633018,1023.28
1741116633038,1023.28235
1741116633077,1023.27563
1741116633118,1023.27356
1741116633138,1023.27167
1741116633178,1023.2786
1741116633218,1023.28235
1741116633239,1023.27954
1741116633278,1023.2799
1741116633318,1023.28284
1741116633337,1023.2865
1741116633378,1023.28595
1741116633418,1023.27985
1741116633437,1023.2909
1741116633477,1023.2866
1741116633517,1023.2881
1741116633538,1023.2729
1741116633577,1023.268
1741116633618,1023.2748
1741116633637,1023.2784
1741116633677,1023.2765
1741116633718,1023.2826
1741116633737,1023.282
1741116633777,1023.27783
1741116633831,1023.2789
1741116633847,1023.2816
1741116633894,1023.28064
1741116633929,1023.28516
1741116633937,1023.28326
1741116633977,1023.2797
1741116634018,1023.274
1741116634037,1023.2851
1741116634077,1023.2883
1741116634117,1023.2833
1741116634137,1023.27405
1741116634177,1023.27026
1741116634217,1023.2635
1741116634237,1023.26294
1741116634277,1023.26447
1741116634317,1023.2679
1741116634337,1023.2832
1741116634377,1023.2856
1741116634417,1023.2778
1741116634437,1023.278
1741116634477,1023.2898
1741116634517,1023.2765
1741116634537,1023.27106
1741116634577,1023.2652
1741116634617,1023.26355
1741116634637,1023.26917
1741116634678,1023.27014
1741116634717,1023.2615
1741116634737,1023.26575
1741116634777,1023.2667
1741116634817,1023.26495
1741116634837,1023.2671
