1741114117801,1022.4675
1741114117821,1022.48175
1741114117861,1022.47424
1741114117900,1022.478
1741114117920,1022.4873
1741114117961,1022.4906
1741114118000,1022.4817
1741114118022,1022.4723
1741114118060,1022.47144
1741114118101,1022.47705
1741114118121,1022.47723
1741114118164,1022.4794
1741114118201,1022.4829
1741114118222,1022.4931
1741114118260,1022.50226
1741114118305,1022.49927
1741114118322,1022.5022
1741114118360,1022.4966
1741114118401,1022.4905
1741114118420,1022.4936
1741114118460,1022.49426
1741114118501,1022.49097
1741114118520,1022.4907
1741114118561,1022.49445
1741114118600,1022.4911
1741114118621,1022.48456
1741114118661,1022.4805
1741114118701,1022.48047
1741114118720,1022.47644
1741114118762,1022.47034
1741114118803,1022.4837
1741114118820,1022.489
1741114118860,1022.4918
1741114118900,1022.4912
1741114118920,1022.48627
1741114118960,1022.4822
1741114119000,1022.47675
1741114119020,1022.489
1741114119060,1022.4986
1741114119100,1022.5041
1741114119120,1022.5104
1741114119161,1022.5108
1741114119199,1022.50555
1741114119220,1022.5075
1741114119260,1022.50995
1741114119299,1022.5079
1741114119320,1022.5034
1741114119361,1022.5061
1741114119400,1022.4978
1741114119419,1022.50275
1741114119460,1022.49976
1741114119499,1022.4877
1741114119519,1022.49475
1741114119559,1022.49567
1741114119581,1022.49347
1741114119619,1022.4979
1741114119659,1022.49835
1741114119700,1022.5029
1741114119719,1022.5035
1741114119759,1022.5001
1741114119799,1022.4889
1741114119820,1022.49005
1741114119863,1022.495
1741114119899,1022.50397
1741114119919,1022.5038
1741114119960,1022.4982
1741114119999,1022.4968
1741114120019,1022.4919
1741114120059,1022.4929
1741114120100,1022.4875
1741114120119,1022.4858
1741114120160,1022.49835
1741114120199,1022.50244
1741114120222,1022.50586
1741114120262,1022.5027
1741114120299,1022.49536
1741114120329,1022.48627
1741114120363,1022.4854
1741114120402,1022.48816
1741114120419,1022.489
1741114120461,1022.49243
1741114120499,1022.4909
1741114120519,1022.4891
1741114120559,1022.4934
1741114120599,1022.5012
1741114120619,1022.5056
1741114120658,1022.50494
1741114120698,1022.50775
1741114120719,1022.5095
1741114120765,1022.50134
1741114120799,1022.5071
1741114120819,1022.5188
1741114120859,1022.5207
1741114120900,1022.5167
1741114120919,1022.52167
1741114120963,1022.5241
1741114121080,1022.51587
1741114121098,1022.5121
1741114121150,1022.50964
1741114121180,1022.5066
1741114121201,1022.5072
1741114121243,1022.4978
1741114121288,1022.5032
1741114121302,1022.50446
1741114121341,1022.4976
1741114121382,1022.4983
1741114121401,1022.5001
1741114121442,1022.50366
1741114121481,1022.50635
1741114121506,1022.5044
1741114121540,1022.5114
1741114121580,1022.5161
1741114121601,1022.5169
1741114121641,1022.5172
1741114121690,1022.519
1741114121698,1022.51276
1741114121739,1022.50586
1741114121779,1022.4917
1741114121799,1022.48395
1741114121838,1022.4854
1741114121878,1022.4907
1741114121898,1022.497
1741114121938,1022.501
1741114121979,1022.5067
1741114121998,1022.5143
1741114122039,1022.51306
1741114122080,1022.51044
1741114122101,1022.51166
1741114122141,1022.51215
1741114122180,1022.51245
1741114122208,1022.5082
1741114122239,1022.50604
1741114122279,1022.50354
1741114122299,1022.5086
1741114122339,1022.5107
1741114122378,1022.5149
1741114122399,1022.51166
1741114122439,1022.5114
1741114122489,1022.5003
1741114122500,1022.50836
1741114122542,1022.51196
1741114122579,1022.5142
1741114122600,1022.5155
1741114122645,1022.52313
1741114122678,1022.53516
1741114122701,1022.5405
1741114122741,1022.5311
1741114122785,1022.5199
1741114122799,1022.5191
1741114122848,1022.5238
1741114122890,1022.52795
1741114122901,1022.5116
1741114122940,1022.4929
1741114122978,1022.4896
1741114123000,1022.49664
1741114123041,1022.5098
1741114123096,1022.5111
1741114123098,1022.50696
1741114123138,1022.501
1741114123183,1022.51166
1741114123202,1022.52844
1741114123239,1022.54504
1741114123278,1022.5416
1741114123301,1022.5375
1741114123339,1022.52875
1741114123378,1022.52124
1741114123398,1022.51825
1741114123439,1022.53143
1741114123480,1022.5238
1741114123501,1022.52673
1741114123541,1022.52655
1741114123579,1022.5245
1741114123607,1022.527
1741114123641,1022.5199
1741114123691,1022.5151
1741114123698,1022.5095
1741114123738,1022.50464
1741114123779,1022.503
1741114123798,1022.51105
1741114123845,1022.5236
1741114123878,1022.52893
1741114123900,1022.5396
1741114123939,1022.53876
1741114123978,1022.53235
1741114123997,1022.53284
1741114124039,1022.53436
1741114124079,1022.5279
1741114124098,1022.521
1741114124141,1022.51013
1741114124178,1022.51196
1741114124202,1022.5189
1741114124237,1022.5315
1741114124286,1022.5224
1741114124312,1022.5214
1741114124340,1022.5198
1741114124379,1022.50385
1741114124398,1022.5017
1741114124440,1022.5231
1741114124478,1022.5476
1741114124498,1022.564
1741114124541,1022.5741
1741114124578,1022.5753
1741114124597,1022.5581
1741114124642,1022.5391
1741114124680,1022.52765
1741114124702,1022.5277
1741114124747,1022.5311
1741114124777,1022.53107
1741114124798,1022.5374
1741114124837,1022.52203
1741114124877,1022.5033
1741114124897,1022.4909
1741114124939,1022.49677
1741114124978,1022.50006
1741114124997,1022.50024
1741114125052,1022.50836
1741114125082,1022.53174
1741114125098,1022.5348
1741114125137,1022.5396
1741114125179,1022.53784
1741114125202,1022.52106
1741114125245,1022.51086
1741114125277,1022.5133
1741114125296,1022.5118
1741114125337,1022.51636
1741114125377,1022.5345
1741114125397,1022.54254
1741114125439,1022.527
1741114125481,1022.51575
1741114125497,1022.50366
1741114125538,1022.48834
1741114125577,1022.5036
1741114125597,1022.5254
1741114125636,1022.5363
1741114125676,1022.527
1741114125698,1022.5234
1741114125736,1022.51117
1741114125777,1022.5098
1741114125798,1022.504
1741114125837,1022.5044
1741114125878,1022.49744
1741114125899,1022.5065
1741114125944,1022.5154
1741114125977,1022.5243
1741114126002,1022.50964
1741114126038,1022.48193
1741114126081,1022.4835
1741114126096,1022.47723
1741114126140,1022.48883
1741114126179,1022.48834
1741114126200,1022.4952
1741114126239,1022.5073
1741114126277,1022.5222
1741114126302,1022.5309
1741114126336,1022.52954
1741114126378,1022.5299
1741114126402,1022.5133
1741114126442,1022.5064
1741114126477,1022.51074
1741114126503,1022.5096
1741114126537,1022.5277
1741114126579,1022.5134
1741114126606,1022.4941
1741114126638,1022.4806
1741114126678,1022.4665
1741114126711,1022.4726
1741114126736,1022.50543
1741114126785,1022.52594
1741114126797,1022.5283
1741114126837,1022.50366
1741114126877,1022.4953
1741114126898,1022.5027
1741114126949,1022.516
1741114126976,1022.5207
1741114126997,1022.515
1741114127036,1022.51324
1741114127078,1022.516
1741114127099,1022.4795
1741114127138,1022.4832
1741114127179,1022.46826
1741114127200,1022.47144
1741114127237,1022.4886
1741114127275,1022.4835
1741114127295,1022.49097
1741114127337,1022.49945
1741114127385,1022.503
1741114127397,1022.5228
1741114127437,1022.52924
1741114127483,1022.5203
1741114127502,1022.5072
1741114127536,1022.49927
1741114127580,1022.50775
1741114127602,1022.5248
1741114127642,1022.52
1741114127680,1022.4907
1741114127697,1022.47705
1741114127740,1022.44745
1741114127779,1022.45087
1741114127800,1022.49506
1741114127836,1022.5262
1741114127876,1022.51807
1741114127895,1022.49524
1741114127935,1022.49023
1741114127977,1022.4979
1741114127999,1022.5119
1741114128037,1022.5266
1741114128078,1022.52167
1741114128101,1022.505
1741114128139,1022.49365
1741114128208,1022.47217
1741114128208,1022.46
1741114128234,1022.46674
1741114128275,1022.4555
1741114128294,1022.45715
1741114128336,1022.46423
1741114128375,1022.47034
1741114128396,1022.47363
1741114128435,1022.47046
1741114128474,1022.4828
1741114128496,1022.5029
1741114128534,1022.5021
1741114128576,1022.4846
1741114128594,1022.4707
1741114128635,1022.4722
1741114128677,1022.46643
1741114128695,1022.484
1741114128735,1022.486
1741114128774,1022.45074
1741114128794,1022.43445
1741114128836,1022.4091
1741114128876,1022.4076
1741114128897,1022.4282
1741114128945,1022.4651
1741114128976,1022.4661
1741114128995,1022.44763
1741114129044,1022.4505
1741114129076,1022.4603
1741114129095,1022.4706
1741114129137,1022.4695
1741114129178,1022.47125
1741114129198,1022.46497
1741114129239,1022.4695
1741114129275,1022.45154
1741114129297,1022.4353
1741114129341,1022.42566
1741114129376,1022.41473
1741114129408,1022.4146
1741114129436,1022.4395
1741114129476,1022.44885
1741114129495,1022.42224
1741114129537,1022.4137
1741114129581,1022.4203
1741114129596,1022.4416
1741114129637,1022.4535
1741114129681,1022.44775
1741114129694,1022.43854
1741114129735,1022.4417
1741114129776,1022.44257
1741114129808,1022.47034
1741114129838,1022.48267
1741114129883,1022.45795
1741114129897,1022.4241
1741114129936,1022.40826
1741114129976,1022.37756
1741114129995,1022.3827
1741114130036,1022.4173
1741114130076,1022.4449
1741114130095,1022.4381
1741114130137,1022.42334
1741114130178,1022.4028
1741114130201,1022.4092
1741114130237,1022.4209
1741114130278,1022.42706
1741114130301,1022.4327
1741114130335,1022.4343
1741114130379,1022.43115
1741114130408,1022.41345
1741114130436,1022.3913
1741114130475,1022.3923
1741114130499,1022.38245
1741114130535,1022.38525
1741114130574,1022.391
1741114130595,1022.3792
1741114130634,1022.37335
1741114130675,1022.38104
1741114130694,1022.40546
1741114130737,1022.4291
1741114130776,1022.43994
1741114130796,1022.4359
1741114130835,1022.4149
1741114130873,1022.41003
1741114130899,1022.3949
1741114130936,1022.42004
1741114130977,1022.42883
1741114130995,1022.40045
1741114131035,1022.3854
1741114131077,1022.35864
1741114131106,1022.34186
1741114131134,1022.3473
1741114131178,1022.3875
1741114131195,1022.4152
1741114131236,1022.41187
1741114131277,1022.3855
1741114131295,1022.383
1741114131334,1022.3955
1741114131375,1022.41486
1741114131399,1022.4272
1741114131436,1022.4145
1741114131480,1022.41254
1741114131494,1022.42
1741114131535,1022.4017
1741114131575,1022.3839
1741114131595,1022.3736
1741114131635,1022.37604
1741114131675,1022.3968
1741114131698,1022.39734
1741114131733,1022.38806
1741114131781,1022.38684
1741114131793,1022.3972
1741114131836,1022.41144
1741114131885,1022.4341
1741114131894,1022.4414
1741114131945,1022.43445
1741114131975,1022.4234
1741114131992,1022.4167
1741114132034,1022.42615
1741114132074,1022.4372
1741114132093,1022.3918
1741114132142,1022.36975
1741114132178,1022.35815
1741114132194,1022.3447
1741114132238,1022.3497
1741114132274,1022.3787
1741114132294,1022.40985
1741114132334,1022.4068
1741114132378,1022.392
1741114132406,1022.3905
1741114132435,1022.39386
1741114132478,1022.41974
1741114132498,1022.42786
1741114132552,1022.42126
1741114132574,1022.39996
1741114132593,1022.3788
1741114132633,1022.37476
1741114132678,1022.371
1741114132694,1022.37494
1741114132733,1022.37646
1741114132776,1022.3839
1741114132794,1022.3699
1741114132837,1022.3689
1741114132873,1022.3742
1741114132894,1022.3853
1741114132936,1022.4104
1741114132976,1022.4241
1741114132992,1022.42755
1741114133034,1022.4141
1741114133074,1022.397
1741114133096,1022.39795
1741114133139,1022.418
1741114133173,1022.3985
1741114133194,1022.38257
1741114133236,1022.3716
1741114133275,1022.3338
1741114133296,1022.3458
1741114133333,1022.37805
1741114133373,1022.42426
1741114133393,1022.42694
1741114133435,1022.40955
1741114133473,1022.3929
1741114133500,1022.4007
1741114133534,1022.4219
1741114133576,1022.438
1741114133593,1022.4406
1741114133634,1022.42224
1741114133677,1022.42035
1741114133692,1022.4042
1741114133733,1022.39276
1741114133773,1022.3938
1741114133802,1022.39966
1741114133835,1022.4136
1741114133875,1022.42126
1741114133896,1022.4094
1741114133933,1022.4094
1741114133980,1022.42773
1741114133994,1022.45074
1741114134035,1022.47095
1741114134074,1022.4885
1741114134096,1022.4862
1741114134132,1022.47424
1741114134176,1022.47205
1741114134195,1022.4769
1741114134233,1022.50104
1741114134273,1022.49097
1741114134297,1022.4593
1741114134342,1022.4528
1741114134372,1022.43256
1741114134401,1022.4335
1741114134432,1022.45905
1741114134473,1022.50275
1741114134496,1022.51337
1741114134532,1022.4912
1741114134580,1022.4867
1741114134592,1022.5012
1741114134633,1022.51575
1741114134675,1022.5181
1741114134692,1022.5044
1741114134733,1022.5001
1741114134779,1022.49194
1741114134795,1022.4781
1741114134833,1022.46625
1741114134872,1022.47046
1741114134896,1022.4866
1741114134937,1022.4955
1741114134974,1022.4746
1741114134997,1022.47174
1741114135037,1022.4719
1741114135072,1022.4917
1741114135093,1022.5133
1741114135136,1022.5305
1741114135174,1022.53204
1741114135192,1022.516
1741114135235,1022.5113
1741114135274,1022.51587
1741114135292,1022.535
1741114135332,1022.5471
1741114135375,1022.516
1741114135403,1022.5094
1741114135432,1022.4745
1741114135471,1022.4493
1741114135491,1022.45856
1741114135531,1022.50476
1741114135572,1022.52966
1741114135594,1022.5197
1741114135638,1022.4987
1741114135674,1022.49805
1741114135704,1022.5156
1741114135734,1022.52496
1741114135782,1022.5292
1741114135793,1022.5357
1741114135835,1022.5396
1741114135872,1022.53467
1741114135898,1022.52625
1741114135931,1022.4978
1741114135972,1022.484
1741114135992,1022.4739
1741114136034,1022.47546
1741114136072,1022.49243
1741114136092,1022.4931
1741114136137,1022.48315
1741114136177,1022.4925
1741114136199,1022.51074
1741114136234,1022.5284
1741114136273,1022.5474
1741114136292,1022.5343
1741114136336,1022.5217
1741114136376,1022.5046
1741114136393,1022.5083
1741114136434,1022.54706
1741114136472,1022.5185
1741114136494,1022.5056
1741114136546,1022.4895
1741114136573,1022.4596
1741114136599,1022.4776
1741114136633,1022.52576
1741114136673,1022.5467
1741114136697,1022.52844
1741114136733,1022.5204
1741114136771,1022.51575
1741114136791,1022.5246
1741114136833,1022.53467
1741114136871,1022.54407
1741114136894,1022.54114
1741114136931,1022.5135
1741114136974,1022.501
1741114136993,1022.4972
1741114137036,1022.49316
1741114137072,1022.4907
1741114137092,1022.5016
1741114137131,1022.5075
1741114137174,1022.50714
1741114137190,1022.50305
1741114137231,1022.4932
1741114137273,1022.5012
1741114137290,1022.52295
1741114137334,1022.54865
1741114137377,1022.55865
1741114137389,1022.54266
1741114137433,1022.5371
1741114137474,1022.53174
1741114137492,1022.5397
1741114137536,1022.5556
1741114137595,1022.52563
1741114137595,1022.50885
1741114137630,1022.4985
1741114137674,1022.4641
1741114137693,1022.46814
1741114137735,1022.5015
1741114137791,1022.53345
1741114137791,1022.5242
1741114137842,1022.50165
1741114137877,1022.49817
1741114137892,1022.50885
1741114137937,1022.5253
1741114137979,1022.52576
1741114137992,1022.5271
1741114138030,1022.5243
1741114138074,1022.5222
1741114138103,1022.5112
1741114138131,1022.495
1741114138191,1022.48254
1741114138191,1022.4819
1741114138231,1022.4791
1741114138282,1022.5
1741114138293,1022.48486
1741114138335,1022.4854
1741114138370,1022.4999
1741114138391,1022.52783
1741114138431,1022.5495
1741114138472,1022.5586
1741114138494,1022.5479
1741114138532,1022.5297
1741114138570,1022.52234
1741114138600,1022.5345
1741114138632,1022.5538
1741114138671,1022.52893
1741114138698,1022.49
1741114138731,1022.48035
1741114138773,1022.48193
1741114138793,1022.4784
1741114138832,1022.4972
1741114138870,1022.53046
1741114138893,1022.54333
1741114138930,1022.52734
1741114138973,1022.51746
1741114138990,1022.5161
1741114139035,1022.52246
1741114139073,1022.5409
1741114139092,1022.55536
1741114139131,1022.54205
1741114139174,1022.52875
1741114139200,1022.52106
1741114139229,1022.50134
1741114139273,1022.4874
1741114139289,1022.46814
1741114139333,1022.46893
1741114139374,1022.49475
1741114139391,1022.5206
1741114139434,1022.5058
1741114139473,1022.4905
1741114139491,1022.4934
1741114139533,1022.5239
1741114139572,1022.54584
1741114139589,1022.57324
1741114139641,1022.5703
1741114139672,1022.5465
1741114139694,1022.5312
1741114139731,1022.5522
1741114139770,1022.5487
1741114139793,1022.5138
1741114139840,1022.4946
1741114139869,1022.4783
1741114139889,1022.4796
1741114139931,1022.5086
1741114139974,1022.5474
1741114139992,1022.5573
1741114140032,1022.5423
1741114140069,1022.51587
1741114140091,1022.51935
1741114140133,1022.53174
1741114140172,1022.55023
1741114140190,1022.5476
1741114140229,1022.5467
1741114140271,1022.5341
1741114140295,1022.5061
1741114140334,1022.50433
1741114140372,1022.5098
1741114140389,1022.5043
1741114140436,1022.5223
1741114140472,1022.5271
1741114140492,1022.5228
1741114140533,1022.5023
1741114140570,1022.51306
1741114140590,1022.53973
1741114140632,1022.55145
1741114140668,1022.5657
1741114140690,1022.5712
1741114140728,1022.5517
1741114140769,1022.5328
1741114140791,1022.5481
1741114140831,1022.5639
1741114140868,1022.5295
1741114140889,1022.5054
1741114140940,1022.4984
1741114140972,1022.4756
1741114140989,1022.48645
1741114141032,1022.51935
1741114141074,1022.5431
1741114141089,1022.53174
1741114141132,1022.5199
1741114141173,1022.5171
1741114141202,1022.52924
1741114141229,1022.5466
1741114141274,1022.557
1741114141296,1022.53296
1741114141328,1022.5133
1741114141380,1022.51587
1741114141392,1022.5032
1741114141433,1022.5051
1741114141472,1022.50653
1741114141491,1022.49854
1741114141531,1022.5145
1741114141572,1022.52527
1741114141589,1022.5133
1741114141632,1022.5083
1741114141682,1022.5117
1741114141692,1022.52844
1741114141739,1022.55176
1741114141768,1022.56635
1741114141791,1022.5528
1741114141828,1022.5282
1741114141869,1022.5339
1741114141900,1022.5265
1741114141928,1022.5558
1741114141973,1022.53406
1741114141988,1022.507
1741114142033,1022.48566
1741114142069,1022.46545
1741114142094,1022.4825
1741114142143,1022.52325
1741114142168,1022.54474
1741114142189,1022.52844
1741114142228,1022.5084
1741114142284,1022.5185
1741114142294,1022.5343
1741114142337,1022.5497
1741114142368,1022.5436
1741114142390,1022.5313
1741114142428,1022.5187
1741114142476,1022.5201
1741114142492,1022.51245
1741114142528,1022.51404
1741114142572,1022.501
1741114142590,1022.4946
1741114142644,1022.50476
1741114142668,1022.50354
1741114142689,1022.4878
1741114142740,1022.49414
1741114142768,1022.52185
1741114142790,1022.5432
1741114142831,1022.5677
1741114142871,1022.5756
1741114142890,1022.5552
1741114142927,1022.5404
1741114142972,1022.53143
1741114142992,1022.55835
1741114143030,1022.55707
1741114143070,1022.5204
1741114143110,1022.5095
1741114143128,1022.49896
1741114143169,1022.48016
1741114143210,1022.5057
1741114143231,1022.5357
1741114143271,1022.55396
1741114143314,1022.5395
1741114143337,1022.52484
1741114143374,1022.522
1741114143412,1022.54425
1741114143434,1022.5622
1741114143468,1022.57324
1741114143507,1022.5585
1741114143531,1022.54755
1741114143575,1022.551
1741114143611,1022.52905
1741114143633,1022.52716
1741114143667,1022.5177
1741114143708,1022.5122
1741114143732,1022.5157
1741114143767,1022.5148
1741114143815,1022.51404
1741114143830,1022.51373
1741114143869,1022.53955
1741114143908,1022.5564
1741114143928,1022.57605
1741114143968,1022.5696
1741114144010,1022.5488
1741114144038,1022.5443
1741114144067,1022.54126
1741114144116,1022.5657
1741114144133,1022.5549
1741114144168,1022.5299
1741114144213,1022.5167
1741114144229,1022.4994
1741114144267,1022.47705
1741114144310,1022.4956
1741114144328,1022.52295
1741114144367,1022.53845
1741114144411,1022.5193
1741114144428,1022.5059
1741114144472,1022.5117
1741114144507,1022.5221
1741114144548,1022.5531
1741114144567,1022.56226
1741114144609,1022.5498
1741114144628,1022.54517
1741114144670,1022.5337
1741114144708,1022.51733
1741114144729,1022.5008
1741114144771,1022.4945
1741114144806,1022.49243
1741114144830,1022.50104
1741114144875,1022.5172
1741114144907,1022.5029
1741114144930,1022.50793
1741114144966,1022.51544
1741114145007,1022.53156
1741114145028,1022.551
1741114145073,1022.5662
1741114145111,1022.5602
1741114145128,1022.53827
1741114145167,1022.5117
1741114145215,1022.5458
1741114145228,1022.55096
1741114145268,1022.51166
1741114145308,1022.48364
1741114145338,1022.4846
1741114145369,1022.4763
1741114145406,1022.48785
1741114145431,1022.5184
1741114145468,1022.5286
1741114145509,1022.5198
1741114145528,1022.51086
1741114145575,1022.511
1741114145606,1022.5191
1741114145631,1022.5281
1741114145666,1022.5355
1741114145711,1022.5452
1741114145729,1022.54486
1741114145766,1022.52814
1741114145822,1022.5192
1741114145825,1022.5075
1741114145867,1022.50433
1741114145911,1022.50867
1741114145926,1022.5212
1741114145966,1022.5214
1741114146010,1022.51526
1741114146028,1022.5022
1741114146066,1022.5165
1741114146108,1022.53595
1741114146126,1022.552
1741114146166,1022.5613
1741114146208,1022.54785
1741114146232,1022.5387
1741114146265,1022.5304
1741114146313,1022.54504
1741114146329,1022.55975
1741114146366,1022.5246
1741114146408,1022.5078
1741114146427,1022.49646
1741114146467,1022.4738
1741114146506,1022.49084
1741114146528,1022.5203
1741114146565,1022.548
1741114146606,1022.5415
1741114146626,1022.5111
1741114146666,1022.515
1741114146710,1022.5301
1741114146734,1022.5454
1741114146765,1022.5592
1741114146806,1022.56067
1741114146829,1022.5572
1741114146867,1022.5544
1741114146906,1022.52826
1741114146928,1022.5236
1741114146965,1022.51953
1741114147007,1022.5072
1741114147025,1022.527
1741114147065,1022.5346
1741114147108,1022.52277
1741114147128,1022.5127
1741114147165,1022.5192
1741114147206,1022.5331
1741114147228,1022.56793
1741114147268,1022.5719
1741114147309,1022.5687
1741114147327,1022.5563
1741114147371,1022.5474
1741114147406,1022.5514
1741114147426,1022.58057
1741114147466,1022.55493
1741114147505,1022.5243
1741114147527,1022.50757
1741114147565,1022.4946
1741114147606,1022.5037
1741114147625,1022.54706
1741114147670,1022.56323
1741114147707,1022.5467
1741114147727,1022.529
1741114147786,1022.535
1741114147804,1022.5528
1741114147825,1022.56323
1741114147868,1022.5687
1741114147906,1022.5594
1741114147928,1022.5519
1741114147967,1022.5431
1741114148009,1022.52216
1741114148029,1022.5155
1741114148069,1022.5071
1741114148105,1022.4855
1741114148126,1022.4956
1741114148165,1022.5203
1741114148211,1022.5234
1741114148224,1022.518
1741114148267,1022.51935
1741114148307,1022.5387
1741114148331,1022.5515
1741114148364,1022.56506
1741114148406,1022.5857
1741114148424,1022.5742
1741114148465,1022.5684
1741114148507,1022.5687
1741114148532,1022.59784
1741114148566,1022.57574
1741114148612,1022.5387
1741114148627,1022.52563
1741114148665,1022.5067
1741114148710,1022.4887
1741114148724,1022.50336
1741114148765,1022.54724
1741114148805,1022.5738
1741114148824,1022.562
1741114148866,1022.54236
1741114148903,1022.54755
1741114148925,1022.5673
1741114148964,1022.5757
1741114149006,1022.5781
1741114149024,1022.56714
1741114149065,1022.5666
1741114149107,1022.56354
1741114149125,1022.55145
1741114149174,1022.5403
1741114149209,1022.5271
1741114149224,1022.5236
1741114149264,1022.53534
1741114149304,1022.53485
1741114149323,1022.51794
1741114149364,1022.5104
1741114149405,1022.53455
1741114149424,1022.568
1741114149466,1022.5886
1741114149505,1022.5808
1741114149524,1022.5648
1741114149564,1022.5576
1741114149609,1022.551
1741114149623,1022.58484
1741114149667,1022.56036
1741114149704,1022.5244
1741114149724,1022.5205
1741114149768,1022.50146
1741114149806,1022.5065
1741114149824,1022.53534
1741114149865,1022.5639
1741114149907,1022.5591
1741114149925,1022.54626
1741114149965,1022.5371
1741114150005,1022.5454
1741114150024,1022.56305
1741114150068,1022.57025
1741114150105,1022.5656
1741114150125,1022.55554
1741114150163,1022.552
1741114150207,1022.5521
1741114150226,1022.544
1741114150265,1022.53735
1741114150304,1022.5442
1741114150324,1022.5487
1741114150364,1022.5508
1741114150404,1022.5589
1741114150425,1022.55225
1741114150474,1022.54926
1741114150505,1022.55865
1741114150523,1022.57275
1741114150571,1022.5751
1741114150605,1022.57227
1741114150627,1022.5541
1741114150664,1022.55347
1741114150706,1022.5579
1741114150730,1022.5578
1741114150764,1022.5896
1741114150815,1022.56714
1741114150824,1022.53033
1741114150864,1022.526
1741114150906,1022.51843
1741114150923,1022.4892
1741114150966,1022.496
1741114151007,1022.54224
1741114151023,1022.55914
1741114151063,1022.5506
1741114151103,1022.5374
1741114151123,1022.5287
1741114151164,1022.56104
1741114151206,1022.56287
1741114151224,1022.5476
1741114151264,1022.54175
1741114151303,1022.5483
1741114151325,1022.5386
1741114151363,1022.5269
1741114151404,1022.5109
1741114151422,1022.50775
1741114151465,1022.49786
1741114151504,1022.50793
1741114151524,1022.51685
1741114151563,1022.52203
1741114151602,1022.5211
1741114151624,1022.5346
1741114151662,1022.5524
1741114151703,1022.5695
1741114151722,1022.5649
1741114151762,1022.5567
1741114151803,1022.5443
1741114151823,1022.53436
1741114151864,1022.5445
1741114151902,1022.56586
1741114151924,1022.5398
1741114151963,1022.51074
1741114152002,1022.50104
1741114152023,1022.47546
1741114152064,1022.48944
1741114152105,1022.52045
1741114152122,1022.55457
1741114152162,1022.54614
1741114152202,1022.52783
1741114152224,1022.51105
1741114152263,1022.5178
1741114152302,1022.53705
1741114152322,1022.53723
1741114152363,1022.52686
1741114152404,1022.5197
1741114152422,1022.5308
1741114152464,1022.5134
1741114152503,1022.49744
1741114152525,1022.49426
1741114152564,1022.4802
1741114152603,1022.4741
1741114152622,1022.4913
1741114152662,1022.50854
1741114152702,1022.5005
1741114152722,1022.50525
1741114152762,1022.5232
1741114152804,1022.54254
1741114152826,1022.5554
1741114152863,1022.54834
1741114152902,1022.53345
1741114152923,1022.529
1741114152962,1022.5211
1741114153003,1022.5448
1741114153023,1022.54193
1741114153064,1022.5018
1741114153104,1022.4684
1741114153131,1022.46234
1741114153165,1022.4734
1741114153203,1022.51263
1741114153227,1022.54114
1741114153262,1022.52954
1741114153304,1022.50415
1741114153322,1022.50757
1741114153365,1022.5227
1741114153401,1022.5329
1741114153424,1022.54626
1741114153462,1022.52606
1741114153505,1022.5144
1741114153525,1022.50305
1741114153562,1022.4934
1741114153603,1022.49493
1741114153621,1022.50494
1741114153663,1022.5008
1741114153705,1022.49786
1741114153722,1022.5
1741114153761,1022.4888
1741114153803,1022.47754
1741114153822,1022.48486
1741114153867,1022.5095
1741114153905,1022.5239
1741114153922,1022.5458
1741114153963,1022.52844
1741114154001,1022.5105
1741114154028,1022.5119
1741114154063,1022.50366
1741114154103,1022.52435
1741114154124,1022.5366
1741114154164,1022.4966
1741114154203,1022.47974
1741114154226,1022.4653
1741114154263,1022.4469
1741114154304,1022.4547
1741114154322,1022.49817
1741114154361,1022.5286
1741114154402,1022.5309
1741114154422,1022.5144
1741114154465,1022.50037
1741114154503,1022.49695
1741114154522,1022.4949
1741114154562,1022.50415
1741114154601,1022.50964
1741114154623,1022.51544
1741114154661,1022.52094
1741114154707,1022.5166
1741114154722,1022.50885
1741114154762,1022.50024
1741114154801,1022.49304
1741114154821,1022.4805
1741114154863,1022.48987
1741114154903,1022.48914
1741114154922,1022.48975
1741114154961,1022.4869
1741114155002,1022.5059
1741114155021,1022.52856
1741114155062,1022.53784
1741114155104,1022.52966
1741114155120,1022.51324
1741114155166,1022.4983
1741114155203,1022.4984
1741114155221,1022.521
1741114155261,1022.52655
1741114155301,1022.53107
1741114155324,1022.5206
1741114155362,1022.5206
1741114155405,1022.49536
1741114155420,1022.4671
1741114155461,1022.49695
1741114155500,1022.5581
1741114155524,1022.58496
1741114155559,1022.5647
1741114155601,1022.5249
1741114155620,1022.50757
1741114155663,1022.5127
1741114155702,1022.5072
1741114155721,1022.5083
1741114155762,1022.5054
1741114155804,1022.51117
1741114155820,1022.5161
1741114155860,1022.5198
1741114155902,1022.5336
1741114155923,1022.53406
1741114155964,1022.5426
1741114156005,1022.5327
1741114156021,1022.5165
1741114156063,1022.5154
1741114156100,1022.52893
1741114156120,1022.5286
1741114156166,1022.52716
1741114156201,1022.5344
1741114156228,1022.5321
1741114156263,1022.52155
1741114156301,1022.51855
1741114156323,1022.53143
1741114156360,1022.5232
1741114156401,1022.5193
1741114156423,1022.52136
1741114156461,1022.5266
1741114156502,1022.52795
1741114156522,1022.52454
1741114156563,1022.5281
1741114156602,1022.51965
1741114156622,1022.52826
1741114156662,1022.524
1741114156699,1022.51666
1741114156721,1022.5192
1741114156759,1022.53516
1741114156805,1022.5459
1741114156823,1022.5431
1741114156862,1022.55865
1741114156902,1022.5892
1741114156921,1022.58386
1741114156961,1022.57007
1741114157000,1022.5637
1741114157022,1022.54425
1741114157061,1022.5394
1741114157101,1022.54407
1741114157121,1022.54834
1741114157160,1022.54584
1741114157201,1022.53033
1741114157220,1022.49615
1741114157262,1022.48737
1741114157302,1022.4853
1741114157324,1022.50977
1741114157359,1022.52344
1741114157403,1022.5267
1741114157419,1022.52814
1741114157463,1022.53424
1741114157507,1022.5417
1741114157520,1022.5711
1741114157559,1022.57275
1741114157599,1022.5681
1741114157622,1022.5574
1741114157664,1022.5396
1741114157700,1022.53784
1741114157720,1022.54224
1741114157770,1022.5217
1741114157801,1022.49817
1741114157820,1022.4946
1741114157861,1022.49207
1741114157901,1022.49603
1741114157924,1022.51904
1741114157959,1022.5626
1741114158000,1022.56555
1741114158022,1022.5458
1741114158061,1022.5398
1741114158103,1022.54315
1741114158119,1022.5557
1741114158160,1022.5534
1741114158199,1022.55005
1741114158222,1022.54254
1741114158260,1022.54266
1741114158299,1022.5265
1741114158319,1022.5156
1741114158363,1022.515
1741114158400,1022.51605
1741114158420,1022.5278
1741114158461,1022.54236
1741114158501,1022.5394
1741114158521,1022.5382
1741114158558,1022.5393
1741114158601,1022.5477
1741114158625,1022.55054
1741114158659,1022.55
1741114158699,1022.5435
1741114158722,1022.5282
1741114158763,1022.5281
1741114158798,1022.54065
1741114158818,1022.58105
1741114158858,1022.56287
1741114158900,1022.51935
1741114158924,1022.5102
1741114158959,1022.48926
1741114159001,1022.47974
1741114159020,1022.50073
1741114159063,1022.5394
1741114159100,1022.5565
1741114159118,1022.5423
1741114159159,1022.5382
1741114159200,1022.5393
1741114159224,1022.55615
1741114159260,1022.5511
1741114159300,1022.54144
1741114159324,1022.5427
1741114159360,1022.5459
1741114159401,1022.54333
1741114159419,1022.52234
1741114159467,1022.5177
1741114159499,1022.52386
1741114159518,1022.5122
1741114159561,1022.504
1741114159599,1022.5053
1741114159620,1022.519
1741114159659,1022.51666
1741114159699,1022.53577
1741114159723,1022.5539
1741114159760,1022.5621
1741114159798,1022.5549
1741114159818,1022.55365
1741114159860,1022.5454
1741114159900,1022.53674
1741114159920,1022.53406
1741114159959,1022.5602
1741114160001,1022.5496
1741114160018,1022.51404
1741114160062,1022.5033
1741114160100,1022.4948
1741114160118,1022.49866
1741114160166,1022.52875
1741114160199,1022.5509
1741114160220,1022.56226
1741114160261,1022.54675
1741114160300,1022.537
1741114160320,1022.536
1741114160358,1022.5495
1741114160398,1022.55554
1741114160418,1022.5572
1741114160460,1022.5444
1741114160505,1022.5441
1741114160523,1022.53674
1741114160560,1022.5092
1741114160602,1022.50336
1741114160618,1022.50085
1741114160661,1022.5084
1741114160698,1022.51587
1741114160718,1022.5145
1741114160758,1022.5002
1741114160798,1022.50195
1741114160831,1022.5273
1741114160862,1022.55457
1741114160901,1022.57385
1741114160918,1022.5731
1741114160957,1022.5602
1741114160999,1022.55237
1741114161021,1022.5376
1741114161060,1022.55426
1741114161101,1022.5723
1741114161120,1022.5421
1741114161158,1022.50946
1741114161198,1022.5075
1741114161219,1022.4762
1741114161267,1022.4862
1741114161298,1022.5053
1741114161327,1022.5449
1741114161358,1022.54626
1741114161403,1022.5291
1741114161420,1022.51776
1741114161458,1022.52844
1741114161502,1022.54504
1741114161519,1022.5453
1741114161562,1022.5496
1741114161597,1022.54736
1741114161617,1022.5626
1741114161660,1022.54083
1741114161698,1022.51495
1741114161718,1022.4999
1741114161757,1022.5058
1741114161805,1022.5095
1741114161820,1022.517
1741114161860,1022.5293
1741114161899,1022.51605
1741114161920,1022.4946
1741114161958,1022.5025
1741114162001,1022.5215
1741114162019,1022.53986
1741114162057,1022.5303
1741114162098,1022.5268
1741114162118,1022.53314
1741114162157,1022.5321
1741114162203,1022.5592
1741114162216,1022.5641
1741114162258,1022.5197
1741114162297,1022.4882
1741114162316,1022.49097
1741114162361,1022.4746
1741114162402,1022.4671
1741114162417,1022.4817
1741114162458,1022.52374
1741114162498,1022.52826
1741114162519,1022.5198
1741114162558,1022.53094
1741114162599,1022.5322
1741114162623,1022.52185
1741114162657,1022.52734
1741114162700,1022.5188
1741114162722,1022.522
1741114162756,1022.5169
1741114162798,1022.4929
1741114162822,1022.4889
1741114162857,1022.48346
1741114162898,1022.4769
1741114162919,1022.4677
1741114162956,1022.49023
1741114163000,1022.49304
1741114163016,1022.4845
1741114163057,1022.4913
1741114163101,1022.5052
1741114163116,1022.52747
1741114163157,1022.52795
1741114163198,1022.5114
1741114163217,1022.497
1741114163258,1022.5091
1741114163302,1022.51636
1741114163317,1022.5501
1741114163358,1022.5329
1741114163396,1022.4843
1741114163419,1022.48474
1741114163460,1022.4638
1741114163498,1022.4536
1741114163518,1022.47455
1741114163558,1022.5248
1741114163598,1022.5307
1741114163619,1022.506
1741114163656,1022.4927
1741114163697,1022.4958
1741114163718,1022.5132
1741114163760,1022.5294
1741114163796,1022.5404
1741114163817,1022.5367
1741114163864,1022.52484
1741114163896,1022.5104
1741114163916,1022.47217
1741114163961,1022.4671
1741114163998,1022.4596
1741114164017,1022.4505
1741114164057,1022.46344
1741114164098,1022.4746
1741114164117,1022.4724
1741114164158,1022.4773
1741114164199,1022.4862
1741114164218,1022.4936
1741114164262,1022.5151
1741114164297,1022.52686
1741114164316,1022.5254
1741114164357,1022.5092
1741114164395,1022.4917
1741114164416,1022.5068
1741114164460,1022.50415
1741114164495,1022.4698
1741114164516,1022.45435
1741114164555,1022.4396
1741114164596,1022.427
1741114164615,1022.4402
1741114164655,1022.4806
1741114164698,1022.50525
1741114164716,1022.4934
1741114164756,1022.48035
1741114164796,1022.47906
1741114164838,1022.4995
1741114164857,1022.5084
1741114164898,1022.5106
1741114164935,1022.5
1741114164958,1022.49756
1741114164996,1022.49506
1741114165035,1022.48376
1741114165059,1022.44904
1741114165096,1022.4464
1741114165136,1022.4441
1741114165155,1022.45197
1741114165197,1022.45654
1741114165237,1022.4516
1741114165255,1022.44684
1741114165297,1022.4659
1741114165336,1022.5001
1741114165358,1022.51733
1741114165396,1022.5157
1741114165436,1022.4833
1741114165455,1022.47144
1741114165499,1022.45856
1741114165537,1022.47754
1741114165561,1022.49963
1741114165596,1022.4702
1741114165635,1022.43085
1741114165657,1022.41815
1741114165696,1022.40454
1741114165735,1022.4168
1741114165755,1022.4486
1741114165799,1022.47266
1741114165835,1022.4649
1741114165855,1022.44794
1741114165902,1022.44696
1741114165936,1022.45734
1741114165956,1022.4708
1741114165997,1022.4667
1741114166035,1022.45483
1741114166055,1022.4435
1741114166095,1022.4352
1741114166138,1022.41003
1741114166159,1022.4055
1741114166196,1022.4096
1741114166236,1022.39044
1741114166256,1022.4146
1741114166294,1022.41785
1741114166335,1022.4053
1741114166355,1022.4029
1741114166396,1022.42584
1741114166435,1022.44824
1741114166456,1022.46484
1741114166496,1022.45605
1741114166535,1022.4418
1741114166555,1022.4343
1741114166596,1022.4264
1741114166636,1022.4413
1741114166658,1022.4408
1741114166696,1022.4037
1741114166737,1022.3814
1741114166755,1022.3676
1741114166795,1022.35657
1741114166836,1022.3702
1741114166856,1022.4125
1741114166894,1022.43506
1741114166935,1022.42303
1741114166954,1022.4081
1741114166998,1022.4154
1741114167036,1022.431
1741114167055,1022.4481
1741114167100,1022.43744
1741114167134,1022.4347
1741114167156,1022.4334
1741114167197,1022.43164
1741114167236,1022.41486
1741114167256,1022.39325
1741114167294,1022.3922
1741114167335,1022.39026
1741114167357,1022.4136
1741114167394,1022.4213
1741114167433,1022.4117
1741114167455,1022.3995
1741114167495,1022.41724
1741114167533,1022.4445
1741114167554,1022.472
1741114167594,1022.4719
1741114167635,1022.4619
1741114167654,1022.4496
1741114167693,1022.4271
1741114167733,1022.45984
1741114167754,1022.4767
1741114167793,1022.44135
1741114167844,1022.40375
1741114167859,1022.4017
1741114167895,1022.40674
1741114167934,1022.4074
1741114167955,1022.4387
1741114168003,1022.4759
1741114168037,1022.47406
1741114168056,1022.4486
1741114168106,1022.44415
1741114168134,1022.46454
1741114168153,1022.47876
1741114168194,1022.48413
1741114168236,1022.47705
1741114168257,1022.47076
1741114168296,1022.4714
1741114168335,1022.4445
1741114168355,1022.44104
1741114168395,1022.4412
1741114168434,1022.4253
1741114168453,1022.42285
1741114168495,1022.4394
1741114168534,1022.4391
1741114168554,1022.4408
1741114168596,1022.4623
1741114168638,1022.48444
1741114168660,1022.49725
1741114168695,1022.50476
1741114168739,1022.49347
1741114168753,1022.4852
1741114168794,1022.4807
1741114168834,1022.4758
1741114168854,1022.5012
1741114168897,1022.4902
1741114168933,1022.4462
1741114168957,1022.4306
1741114168994,1022.43097
1741114169033,1022.43097
1741114169053,1022.4459
1741114169097,1022.4813
1741114169135,1022.50586
1741114169154,1022.4852
1741114169202,1022.47577
1741114169234,1022.4739
1741114169253,1022.4905
1741114169295,1022.5063
1741114169334,1022.5032
1741114169356,1022.495
1741114169394,1022.47925
1741114169435,1022.4778
1741114169465,1022.4727
1741114169494,1022.4629
1741114169536,1022.4578
1741114169554,1022.4607
1741114169593,1022.48114
1741114169639,1022.48267
1741114169652,1022.4684
1741114169695,1022.4666
1741114169733,1022.4675
1741114169755,1022.489
1741114169793,1022.5112
1741114169833,1022.5214
1741114169857,1022.5094
1741114169894,1022.4964
1741114169934,1022.4808
1741114169953,1022.5031
1741114169995,1022.5128
1741114170033,1022.4597
1741114170053,1022.4431
1741114170094,1022.4314
1741114170133,1022.43
1741114170154,1022.4631
1741114170193,1022.5001
1741114170243,1022.5047
1741114170253,1022.4915
1741114170295,1022.4722
1741114170333,1022.4756
1741114170352,1022.4907
1741114170394,1022.51184
1741114170452,1022.5056
1741114170452,1022.4851
1741114170493,1022.48364
1741114170535,1022.47845
1741114170558,1022.4671
1741114170592,1022.4683
1741114170635,1022.4806
1741114170652,1022.4758
1741114170694,1022.4775
1741114170735,1022.4795
1741114170755,1022.4574
1741114170796,1022.44434
1741114170833,1022.46606
1741114170853,1022.4965
1741114170892,1022.51685
1741114170933,1022.5194
1741114170955,1022.5009
1741114170992,1022.4928
1741114171033,1022.48706
1741114171057,1022.5037
1741114171094,1022.5167
1741114171132,1022.4845
1741114171157,1022.45984
1741114171193,1022.444
1741114171233,1022.4145
1741114171254,1022.41376
1741114171293,1022.44604
1741114171332,1022.49677
1741114171353,1022.50037
1741114171394,1022.4778
1741114171434,1022.4704
1741114171452,1022.48944
1741114171493,1022.5041
1741114171532,1022.51056
1741114171552,1022.5059
1741114171594,1022.4946
1741114171632,1022.4827
1741114171654,1022.46484
1741114171693,1022.45776
1741114171734,1022.45544
1741114171751,1022.449
1741114171793,1022.43884
1741114171834,1022.45746
1741114171855,1022.4534
1741114171894,1022.4392
1741114171932,1022.45276
1741114171951,1022.46783
1741114171993,1022.4955
1741114172033,1022.5104
1741114172054,1022.4961
1741114172092,1022.4942
1741114172132,1022.4966
1741114172152,1022.5048
1741114172194,1022.52014
1741114172235,1022.4829
1741114172251,1022.44763
1741114172293,1022.4336
1741114172336,1022.41785
1741114172360,1022.4418
1741114172392,1022.4783
1741114172434,1022.5128
1741114172453,1022.50366
1741114172496,1022.48755
1741114172532,1022.4729
1741114172552,1022.47644
1741114172594,1022.4957
1741114172635,1022.49817
1741114172652,1022.5035
1741114172692,1022.48816
1741114172735,1022.48584
1741114172755,1022.46765
1741114172791,1022.4631
1741114172835,1022.4773
1741114172851,1022.46356
1741114172892,1022.47217
1741114172936,1022.47723
1741114172953,1022.4831
1741114172992,1022.4672
1741114173034,1022.46686
1741114173056,1022.4758
1741114173098,1022.4947
1741114173133,1022.5143
1741114173151,1022.5205
1741114173191,1022.5299
1741114173233,1022.531
1741114173251,1022.5253
1741114173294,1022.5331
1741114173331,1022.53235
1741114173354,1022.4956
1741114173391,1022.4703
1741114173431,1022.45844
1741114173451,1022.4347
1741114173492,1022.43536
1741114173532,1022.4718
1741114173551,1022.51294
1741114173591,1022.5051
1741114173634,1022.48047
1741114173655,1022.4701
1741114173694,1022.48004
1741114173732,1022.51324
1741114173752,1022.528
1741114173791,1022.50775
1741114173836,1022.50793
1741114173855,1022.50604
1741114173892,1022.48126
1741114173935,1022.47424
1741114173954,1022.47
1741114173993,1022.47327
1741114174032,1022.47437
1741114174053,1022.47186
1741114174090,1022.4685
1741114174137,1022.46857
1741114174151,1022.48444
1741114174193,1022.49506
1741114174234,1022.509
1741114174254,1022.509
1741114174293,1022.4987
1741114174332,1022.50244
1741114174351,1022.4933
1741114174390,1022.53186
1741114174437,1022.53033
1741114174451,1022.4829
1741114174495,1022.46075
1741114174531,1022.4562
1741114174552,1022.44476
1741114174590,1022.4642
1741114174632,1022.4971
1741114174653,1022.51483
1741114174693,1022.49677
1741114174732,1022.4791
1741114174749,1022.4827
1741114174791,1022.4972
1741114174830,1022.5168
1741114174851,1022.52295
1741114174893,1022.5159
1741114174931,1022.51306
1741114174950,1022.511
1741114174991,1022.47925
1741114175034,1022.4708
1741114175051,1022.4751
1741114175092,1022.4697
1741114175132,1022.4641
1741114175150,1022.4643
1741114175190,1022.4736
1741114175232,1022.4758
1741114175255,1022.47314
1741114175298,1022.488
1741114175331,1022.5001
1741114175358,1022.51154
1741114175394,1022.5189
1741114175430,1022.5182
1741114175451,1022.51794
1741114175492,1022.50635
1741114175536,1022.51
1741114175552,1022.5302
1741114175590,1022.50525
1741114175632,1022.46655
1741114175649,1022.4439
1741114175691,1022.42566
1741114175730,1022.43097
1741114175757,1022.4642
1741114175789,1022.50757
1741114175832,1022.5033
1741114175852,1022.48834
1741114175891,1022.4772
1741114175931,1022.483
1741114175950,1022.51086
1741114175991,1022.51685
1741114176032,1022.50964
1741114176051,1022.5106
1741114176091,1022.51074
1741114176135,1022.4962
1741114176151,1022.4789
1741114176190,1022.466
1741114176236,1022.45526
1741114176250,1022.4564
1741114176292,1022.47034
1741114176329,1022.4739
1741114176353,1022.4718
1741114176390,1022.4644
1741114176430,1022.47296
1741114176449,1022.5026
1741114176492,1022.5253
1741114176532,1022.53345
1741114176549,1022.51697
1741114176596,1022.4951
1741114176629,1022.4969
1741114176650,1022.5357
1741114176689,1022.50244
1741114176730,1022.4498
1741114176751,1022.4452
1741114176794,1022.43805
1741114176830,1022.4497
1741114176850,1022.4788
1741114176895,1022.5092
1741114176931,1022.50385
1741114176951,1022.4768
1741114176990,1022.4663
1741114177032,1022.49084
1741114177048,1022.50745
1741114177096,1022.5014
1741114177131,1022.4966
1741114177148,1022.4838
1741114177191,1022.47974
1741114177231,1022.4653
1741114177251,1022.4653
1741114177289,1022.4577
1741114177332,1022.46
1741114177348,1022.4587
1741114177390,1022.4563
1741114177430,1022.444
1741114177451,1022.43396
1741114177492,1022.4468
1741114177528,1022.4682
1741114177550,1022.4839
1741114177593,1022.49756
1741114177632,1022.49054
1741114177651,1022.4822
1741114177688,1022.4624
1741114177731,1022.4706
1741114177749,1022.4917
1741114177793,1022.4535
1741114177828,1022.4147
1741114177850,1022.4101
1741114177888,1022.4004
1741114177928,1022.4065
1741114177953,1022.4254
1741114177994,1022.4703
1741114178040,1022.4673
1741114178051,1022.43994
1741114178089,1022.42554
1741114178130,1022.4304
1741114178148,1022.4486
1741114178191,1022.4562
1741114178229,1022.44745
1741114178255,1022.4319
1741114178291,1022.4391
1741114178335,1022.4302
1741114178352,1022.40717
1741114178389,1022.40173
1741114178433,1022.3911
1741114178451,1022.38763
1741114178488,1022.40686
1741114178528,1022.4186
1741114178547,1022.4069
1741114178588,1022.3941
1741114178630,1022.4031
1741114178650,1022.4189
1741114178688,1022.441
1741114178729,1022.44836
1741114178749,1022.4402
1741114178790,1022.4358
1741114178828,1022.4247
1741114178848,1022.4419
1741114178888,1022.4568
1741114178930,1022.4295
1741114178949,1022.3872
1741114178991,1022.38446
1741114179028,1022.3674
1741114179057,1022.36865
1741114179087,1022.386
1741114179131,1022.4175
1741114179147,1022.4297
1741114179188,1022.4104
1741114179230,1022.3932
1741114179248,1022.40497
1741114179288,1022.42474
1741114179333,1022.4227
1741114179348,1022.4243
1741114179388,1022.40564
1741114179429,1022.3934
1741114179451,1022.37604
1741114179488,1022.3789
1741114179528,1022.386
1741114179547,1022.37634
1741114179595,1022.3671
1741114179627,1022.3805
1741114179649,1022.3835
1741114179688,1022.3728
1741114179731,1022.3773
1741114179750,1022.39075
1741114179787,1022.4044
1741114179828,1022.4201
1741114179849,1022.42645
1741114179887,1022.42645
1741114179931,1022.4173
1741114179948,1022.395
1741114179990,1022.4016
1741114180028,1022.3868
1741114180047,1022.3573
1741114180094,1022.3487
1741114180129,1022.3198
1741114180148,1022.31104
1741114180187,1022.34204
1741114180228,1022.3904
1741114180249,1022.40356
1741114180291,1022.37506
1741114180328,1022.3706
1741114180347,1022.37317
1741114180393,1022.38715
1741114180433,1022.40594
1741114180448,1022.4069
1741114180493,1022.3791
1741114180531,1022.375
1741114180549,1022.37646
1741114180586,1022.35876
1741114180628,1022.348
1741114180647,1022.34656
1741114180690,1022.3491
1741114180728,1022.3649
1741114180747,1022.3621
1741114180788,1022.3462
1741114180827,1022.3344
1741114180847,1022.3467
1741114180892,1022.36914
1741114180926,1022.3913
1741114180948,1022.4034
1741114180991,1022.3949
1741114181027,1022.37354
1741114181047,1022.35785
1741114181089,1022.3785
1741114181127,1022.39026
1741114181147,1022.3544
1741114181187,1022.3308
1741114181227,1022.30707
1741114181246,1022.29834
1741114181288,1022.3192
1741114181327,1022.3644
1741114181347,1022.38214
1741114181387,1022.3664
1741114181426,1022.35266
1741114181448,1022.35925
1741114181486,1022.3662
1741114181527,1022.37384
1741114181546,1022.3646
1741114181587,1022.3676
1741114181627,1022.3754
1741114181646,1022.3561
1741114181688,1022.31964
1741114181734,1022.30927
1741114181748,1022.3136
1741114181787,1022.3207
1741114181827,1022.33704
1741114181859,1022.3381
1741114181888,1022.3263
1741114181929,1022.3235
1741114181957,1022.33997
1741114181987,1022.3607
1741114182027,1022.3777
1741114182046,1022.37976
1741114182091,1022.3622
1741114182127,1022.36597
1741114182147,1022.35675
1741114182187,1022.3807
1741114182228,1022.3797
1741114182250,1022.33765
1741114182288,1022.3125
1741114182329,1022.3096
1741114182347,1022.2983
1741114182385,1022.3019
1741114182427,1022.33606
1741114182446,1022.36444
1741114182488,1022.35376
1741114182527,1022.3404
1741114182554,1022.3265
1741114182586,1022.3392
1741114182625,1022.35925
1741114182646,1022.3675
1741114182686,1022.3651
1741114182725,1022.34576
1741114182746,1022.3521
1741114182787,1022.3392
1741114182827,1022.3256
1741114182847,1022.31805
1741114182887,1022.3176
1741114182926,1022.3165
1741114182948,1022.3358
1741114182989,1022.3391
1741114183032,1022.32245
1741114183048,1022.31555
1741114183086,1022.33875
1741114183130,1022.3594
1741114183151,1022.3885
1741114183186,1022.3819
1741114183227,1022.3714
1741114183250,1022.3584
1741114183285,1022.3729
1741114183325,1022.3811
1741114183346,1022.33234
1741114183391,1022.3048
1741114183427,1022.28723
1741114183447,1022.2791
1741114183491,1022.30725
1741114183525,1022.3372
1741114183546,1022.3603
1741114183586,1022.3457
1741114183625,1022.3251
1741114183646,1022.3331
1741114183684,1022.3461
1741114183727,1022.3603
1741114183746,1022.36395
1741114183787,1022.3491
1741114183824,1022.33575
1741114183846,1022.31946
1741114183885,1022.3185
1741114183926,1022.31537
1741114183946,1022.32306
1741114183985,1022.32623
1741114184026,1022.3336
1741114184046,1022.3262
1741114184086,1022.3272
1741114184125,1022.32764
1741114184147,1022.3344
1741114184185,1022.3513
1741114184227,1022.3607
1741114184244,1022.35095
1741114184286,1022.35535
1741114184324,1022.3598
1741114184345,1022.3643
1741114184386,1022.37305
1741114184428,1022.36194
1741114184447,1022.3153
1741114184484,1022.3014
1741114184526,1022.2787
1741114184547,1022.2694
1741114184585,1022.2831
1741114184626,1022.3282
1741114184644,1022.3602
1741114184684,1022.3392
1741114184726,1022.30676
1741114184746,1022.3032
1741114184784,1022.32654
1741114184826,1022.3447
1741114184844,1022.35474
1741114184884,1022.34705
1741114184925,1022.34973
1741114184948,1022.36096
1741114184986,1022.3253
1741114185024,1022.30725
1741114185045,1022.29974
1741114185086,1022.3002
1741114185128,1022.29675
1741114185154,1022.30835
1741114185184,1022.3064
1741114185224,1022.3116
1741114185245,1022.3257
1741114185285,1022.3278
1741114185325,1022.348
1741114185346,1022.3552
1741114185385,1022.3474
1741114185424,1022.3467
1741114185444,1022.33844
1741114185486,1022.3473
1741114185526,1022.35864
1741114185545,1022.3179
1741114185592,1022.30005
1741114185624,1022.2848
1741114185644,1022.2853
1741114185687,1022.2949
1741114185726,1022.33923
1741114185751,1022.3746
1741114185783,1022.3567
1741114185825,1022.33734
1741114185846,1022.34045
1741114185885,1022.3518
1741114185924,1022.36035
1741114185945,1022.3654
1741114185985,1022.3567
1741114186025,1022.35675
1741114186043,1022.36926
1741114186084,1022.3581
1741114186126,1022.33307
1741114186144,1022.323
1741114186183,1022.3242
1741114186224,1022.33093
1741114186244,1022.34515
1741114186285,1022.3638
1741114186325,1022.35785
1741114186343,1022.35254
1741114186384,1022.3751
1741114186430,1022.38794
1741114186444,1022.405
1741114186486,1022.40875
1741114186523,1022.3982
1741114186546,1022.3967
1741114186583,1022.3959
1741114186624,1022.42017
1741114186666,1022.4301
1741114186684,1022.3953
1741114186726,1022.3604
1741114186768,1022.3699
1741114186784,1022.36035
1741114186824,1022.36597
1741114186865,1022.4165
1741114186883,1022.42285
1741114186924,1022.4072
1741114186965,1022.38403
1741114186985,1022.39825
1741114187027,1022.4275
1741114187068,1022.44336
1741114187083,1022.44684
1741114187122,1022.44666
1741114187164,1022.4501
1741114187194,1022.43823
1741114187224,1022.437
1741114187264,1022.4331
1741114187285,1022.4258
1741114187325,1022.41394
1741114187363,1022.41
1741114187384,1022.4402
1741114187423,1022.4375
1741114187463,1022.4262
1741114187485,1022.44666
1741114187523,1022.468
1741114187565,1022.4891
1741114187583,1022.512
1741114187627,1022.4951
1741114187663,1022.4801
1741114187685,1022.4729
1741114187726,1022.482
1741114187763,1022.5108
1741114187783,1022.4818
1741114187824,1022.435
1741114187867,1022.4062
1741114187883,1022.4134
1741114187925,1022.4093
1741114187963,1022.4389
1741114187984,1022.4799
1741114188023,1022.49347
1741114188066,1022.4826
1741114188083,1022.4617
1741114188125,1022.4514
1741114188166,1022.4772
1741114188184,1022.4748
1741114188223,1022.46924
1741114188264,1022.47144
1741114188285,1022.4828
1741114188325,1022.4715
1741114188364,1022.4503
1741114188384,1022.4485
1741114188426,1022.4467
1741114188463,1022.4442
1741114188483,1022.45245
1741114188524,1022.4569
1741114188562,1022.45447
1741114188583,1022.4635
1741114188622,1022.4907
1741114188665,1022.51086
1741114188683,1022.5192
1741114188723,1022.5067
1741114188762,1022.50104
1741114188782,1022.4941
1741114188825,1022.49725
1741114188865,1022.5189
1741114188883,1022.4894
1741114188925,1022.44995
1741114188963,1022.4452
1741114188985,1022.4336
1741114189023,1022.431
1741114189065,1022.4547
1741114189086,1022.4951
1741114189127,1022.4998
1741114189164,1022.4805
1741114189186,1022.46564
1741114189222,1022.47736
1741114189263,1022.5
1741114189281,1022.51575
1741114189326,1022.505
1741114189363,1022.4956
1741114189382,1022.4939
1741114189424,1022.48047
1741114189464,1022.47144
1741114189482,1022.46796
1741114189523,1022.47015
1741114189562,1022.48083
1741114189582,1022.4944
1741114189623,1022.48694
1741114189665,1022.47107
1741114189682,1022.47516
1741114189724,1022.4989
1741114189765,1022.525
1741114189783,1022.5215
1741114189825,1022.51355
1741114189862,1022.4994
1741114189884,1022.4863
1741114189922,1022.4831
1741114189966,1022.5116
1741114189983,1022.49536
1741114190021,1022.4507
1741114190063,1022.45264
1741114190084,1022.4277
1741114190125,1022.43677
1741114190164,1022.4681
1741114190181,1022.51184
1741114190228,1022.5219
1741114190262,1022.4957
1741114190283,1022.47437
1741114190323,1022.4741
1741114190361,1022.4979
1741114190384,1022.5084
1741114190424,1022.49835
1741114190462,1022.49396
1741114190482,1022.48926
1741114190527,1022.4769
1741114190591,1022.4613
1741114190591,1022.4662
1741114190622,1022.4579
1741114190667,1022.45636
1741114190683,1022.4717
1741114190724,1022.4808
1741114190762,1022.4709
1741114190787,1022.4737
1741114190822,1022.494
1741114190863,1022.5093
1741114190883,1022.52386
1741114190921,1022.51666
1741114190961,1022.5095
1741114190985,1022.50916
1741114191021,1022.5004
1741114191063,1022.5283
1741114191082,1022.51917
1741114191126,1022.48065
1741114191166,1022.4611
1741114191182,1022.44257
1741114191229,1022.42487
1741114191269,1022.4371
1741114191282,1022.49854
1741114191322,1022.52625
1741114191368,1022.5095
1741114191385,1022.48376
1741114191421,1022.46405
1741114191462,1022.4921
1741114191484,1022.5027
1741114191522,1022.5038
1741114191563,1022.48987
1741114191585,1022.477
1741114191622,1022.4817
1741114191662,1022.47363
1741114191681,1022.47107
1741114191722,1022.4665
1741114191763,1022.4503
1741114191783,1022.4491
1741114191822,1022.45575
1741114191861,1022.4607
1741114191882,1022.4674
1741114191924,1022.4951
1741114191965,1022.5214
1741114191982,1022.52496
1741114192022,1022.52313
1741114192066,1022.5058
1741114192083,1022.4899
1741114192124,1022.4851
1741114192162,1022.4773
1741114192183,1022.49915
1741114192222,1022.4979
1741114192264,1022.4611
1741114192285,1022.45886
1741114192323,1022.4278
1741114192365,1022.4185
1741114192383,1022.43384
1741114192422,1022.4886
1741114192464,1022.4948
1741114192484,1022.4765
1741114192521,1022.47345
1741114192561,1022.47986
1741114192582,1022.4903
1741114192621,1022.4772
1741114192662,1022.47205
1741114192681,1022.4719
1741114192724,1022.49115
1741114192764,1022.5062
1741114192782,1022.476
1741114192822,1022.45306
1741114192861,1022.45953
1741114192883,1022.47675
1741114192924,1022.471
1741114192970,1022.45654
1741114192980,1022.4562
1741114193023,1022.4474
1741114193065,1022.4498
1741114193084,1022.45557
1741114193132,1022.46277
1741114193164,1022.476
1741114193183,1022.48145
1741114193231,1022.4793
1741114193261,1022.47595
1741114193282,1022.4716
1741114193326,1022.48
1741114193363,1022.4846
1741114193381,1022.5024
1741114193433,1022.495
1741114193461,1022.47015
1741114193483,1022.4586
1741114193533,1022.46246
1741114193563,1022.4577
1741114193584,1022.4559
1741114193625,1022.4551
1741114193664,1022.4509
1741114193682,1022.4514
1741114193721,1022.4686
1741114193760,1022.4768
1741114193781,1022.474
1741114193824,1022.4557
1741114193871,1022.46234
1741114193882,1022.46313
1741114193930,1022.4641
1741114193971,1022.4649
1741114193980,1022.4622
1741114194020,1022.45184
1741114194071,1022.4598
1741114194080,1022.4762
1741114194122,1022.48486
1741114194162,1022.4883
1741114194181,1022.48706
1741114194225,1022.47
1741114194261,1022.4539
1741114194282,1022.45026
1741114194331,1022.4581
1741114194365,1022.4574
1741114194382,1022.47327
1741114194419,1022.46564
1741114194461,1022.45166
1741114194484,1022.4438
1741114194521,1022.4424
1741114194562,1022.4472
1741114194583,1022.469
1741114194619,1022.48346
1741114194661,1022.47687
1741114194683,1022.46027
1741114194721,1022.4488
1741114194761,1022.44543
1741114194785,1022.441
1741114194819,1022.4342
1741114194861,1022.42303
1741114194883,1022.4377
1741114194918,1022.43823
1741114194960,1022.43677
1741114194985,1022.44
1741114195019,1022.4346
1741114195062,1022.42444
1741114195083,1022.3987
1741114195120,1022.39233
1741114195161,1022.3915
1741114195181,1022.363
1741114195219,1022.3483
1741114195261,1022.3729
1741114195281,1022.41583
1741114195320,1022.42944
1741114195363,1022.4221
1741114195380,1022.41693
1741114195421,1022.41724
1741114195460,1022.4212
1741114195481,1022.43524
1741114195522,1022.42944
1741114195558,1022.42163
1741114195578,1022.4114
1741114195624,1022.4077
1741114195660,1022.3907
1741114195681,1022.38477
1741114195720,1022.39233
1741114195760,1022.3942
1741114195790,1022.391
1741114195820,1022.3689
1741114195861,1022.3602
1741114195879,1022.36664
1741114195933,1022.37494
1741114195961,1022.3835
1741114195980,1022.39636
1741114196034,1022.406
1741114196059,1022.4149
1741114196082,1022.40875
1741114196131,1022.3989
1741114196161,1022.3951
1741114196181,1022.39325
1741114196220,1022.4098
1741114196259,1022.3893
1741114196279,1022.3537
1741114196320,1022.3413
1741114196360,1022.33167
1741114196382,1022.31775
1741114196418,1022.31525
1741114196463,1022.3501
1741114196481,1022.4024
1741114196519,1022.3983
1741114196561,1022.3613
1741114196579,1022.364
1741114196626,1022.3814
1741114196666,1022.3813
1741114196679,1022.3917
1741114196718,1022.38464
1741114196760,1022.37756
1741114196788,1022.3801
1741114196820,1022.3609
1741114196860,1022.3469
1741114196877,1022.33093
1741114196930,1022.3321
1741114196958,1022.33545
1741114196979,1022.3379
1741114197020,1022.3428
1741114197058,1022.3278
1741114197078,1022.3262
1741114197120,1022.3474
1741114197172,1022.37537
1741114197178,1022.39417
1741114197222,1022.3823
1741114197269,1022.3748
1741114197281,1022.3646
1741114197318,1022.3481
1741114197359,1022.3514
1741114197383,1022.3746
1741114197418,1022.3467
1741114197468,1022.31616
1741114197479,1022.3013
1741114197521,1022.30005
1741114197559,1022.30115
1741114197580,1022.34125
1741114197618,1022.37634
1741114197670,1022.3709
1741114197677,1022.3365
1741114197721,1022.32056
1741114197761,1022.3216
1741114197778,1022.333
1741114197819,1022.33093
1741114197857,1022.32684
1741114197880,1022.3232
1741114197918,1022.3238
1741114197966,1022.3285
1741114197977,1022.3116
1741114198024,1022.31537
1741114198058,1022.3075
1741114198081,1022.31384
1741114198117,1022.3218
1741114198157,1022.3013
1741114198178,1022.29425
1741114198219,1022.3157
1741114198258,1022.3473
1741114198278,1022.3623
1741114198318,1022.35187
1741114198357,1022.3369
1741114198377,1022.32526
1741114198417,1022.32153
1741114198456,1022.3191
1741114198477,1022.3374
1741114198517,1022.3432
1741114198558,1022.31384
1741114198576,1022.2771
1741114198617,1022.27655
1741114198658,1022.28076
1741114198679,1022.2827
1741114198717,1022.3318
1741114198763,1022.3721
1741114198782,1022.3668
1741114198825,1022.3285
1741114198857,1022.3146
1741114198880,1022.3321
1741114198918,1022.34564
1741114198960,1022.34705
1741114198978,1022.3332
1741114199019,1022.3331
1741114199061,1022.332
1741114199077,1022.3159
1741114199119,1022.31036
1741114199158,1022.3175
1741114199178,1022.31714
1741114199219,1022.32153
1741114199256,1022.3255
1741114199279,1022.31836
1741114199327,1022.30566
1741114199357,1022.3157
1741114199378,1022.33545
1741114199418,1022.35547
1741114199461,1022.3645
1741114199486,1022.3487
1741114199520,1022.33167
1741114199559,1022.323
1741114199578,1022.3275
1741114199618,1022.3564
1741114199657,1022.35815
1741114199679,1022.3143
1741114199717,1022.2921
1741114199758,1022.2811
1741114199778,1022.27014
1741114199817,1022.28796
1741114199863,1022.3363
1741114199877,1022.35486
1741114199917,1022.3375
1741114199957,1022.3229
1741114199978,1022.32886
1741114200017,1022.34155
1741114200056,1022.3504
1741114200077,1022.33466
1741114200120,1022.32117
1741114200162,1022.32056
1741114200177,1022.3102
1741114200226,1022.2987
1741114200258,1022.30975
1741114200278,1022.3036
1741114200317,1022.3073
1741114200372,1022.3209
1741114200376,1022.3104
1741114200419,1022.29425
1741114200458,1022.2888
1741114200484,1022.3146
1741114200518,1022.332
1741114200562,1022.3439
1741114200577,1022.3533
1741114200616,1022.3418
1741114200659,1022.34644
1741114200679,1022.3392
1741114200716,1022.3646
1741114200758,1022.35486
1741114200777,1022.3058
1741114200816,1022.2892
1741114200857,1022.2736
1741114200877,1022.2643
1741114200917,1022.2735
1741114200957,1022.3087
1741114200976,1022.3372
1741114201020,1022.32385
1741114201056,1022.3109
1741114201076,1022.3104
1741114201122,1022.3286
1741114201162,1022.3473
1741114201176,1022.3489
1741114201220,1022.3401
1741114201257,1022.332
1741114201277,1022.32733
1741114201321,1022.312
1741114201368,1022.30963
1741114201377,1022.3094
1741114201418,1022.29834
1741114201457,1022.2882
1741114201479,1022.2857
1741114201516,1022.2936
1741114201557,1022.292
1741114201576,1022.3012
1741114201626,1022.3147
1741114201656,1022.3331
1741114201677,1022.34174
1741114201728,1022.3384
1741114201755,1022.3359
1741114201775,1022.33386
1741114201821,1022.34247
1741114201857,1022.3533
1741114201875,1022.33594
1741114201917,1022.3098
1741114201957,1022.3035
1741114201976,1022.276
1741114202015,1022.28125
1741114202056,1022.313
1741114202076,1022.3545
1741114202116,1022.367
1741114202166,1022.34204
1741114202179,1022.3262
1741114202220,1022.34045
1741114202265,1022.368
1741114202276,1022.37866
1741114202327,1022.38135
1741114202355,1022.3741
1741114202375,1022.3667
1741114202417,1022.36536
1741114202457,1022.3599
1741114202476,1022.36597
1741114202517,1022.35944
1741114202558,1022.3423
1741114202576,1022.3549
1741114202617,1022.36194
1741114202656,1022.3638
1741114202675,1022.3802
1741114202717,1022.40295
1741114202760,1022.42126
1741114202774,1022.4291
1741114202818,1022.43146
1741114202857,1022.4338
1741114202878,1022.4354
1741114202915,1022.431
1741114202962,1022.43713
1741114202980,1022.4463
1741114203016,1022.42175
1741114203057,1022.3971
1741114203083,1022.3782
1741114203116,1022.3605
1741114203157,1022.3645
1741114203183,1022.4129
1741114203216,1022.46204
1741114203257,1022.4548
1741114203275,1022.42535
1741114203316,1022.41656
1741114203363,1022.4253
1741114203375,1022.45074
1741114203417,1022.46375
1741114203461,1022.4472
1741114203478,1022.44635
1741114203514,1022.4526
1741114203554,1022.4376
1741114203576,1022.421
1741114203632,1022.40753
1741114203655,1022.39514
1741114203675,1022.39044
1741114203718,1022.4049
1741114203762,1022.41754
1741114203776,1022.4277
1741114203818,1022.4313
1741114203863,1022.4513
1741114203874,1022.47327
1741114203918,1022.48083
1741114203955,1022.4785
1741114203975,1022.47064
1741114204018,1022.46545
1741114204055,1022.4555
1741114204074,1022.4785
1741114204125,1022.4762
1741114204154,1022.4443
1741114204195,1022.4178
1741114204215,1022.4047
1741114204261,1022.39215
1741114204277,1022.3964
1741114204314,1022.43713
1741114204354,1022.47406
1741114204377,1022.4727
1741114204414,1022.4449
1741114204455,1022.44324
1741114204481,1022.4552
1741114204517,1022.4802
1741114204560,1022.4908
1741114204575,1022.48364
1741114204617,1022.47015
1741114204654,1022.4779
1741114204678,1022.46783
1741114204716,1022.44226
1741114204755,1022.43585
1741114204775,1022.43024
1741114204814,1022.4173
1741114204858,1022.4154
1741114204874,1022.43536
1741114204917,1022.4365
1741114204957,1022.4479
1741114204983,1022.4577
1741114205014,1022.4595
1741114205054,1022.46674
1741114205074,1022.4736
1741114205114,1022.4704
1741114205156,1022.4767
1741114205191,1022.48505
1741114205216,1022.485
1741114205254,1022.5011
1741114205275,1022.46985
1741114205316,1022.4297
1741114205355,1022.4274
1741114205383,1022.40564
1741114205415,1022.39014
1741114205455,1022.39087
1741114205478,1022.452
1741114205514,1022.4575
1741114205573,1022.4436
1741114205573,1022.4533
1741114205616,1022.47217
1741114205655,1022.47754
1741114205674,1022.47174
1741114205712,1022.4484
1741114205754,1022.4342
1741114205781,1022.43823
1741114205813,1022.422
1741114205861,1022.4175
1741114205875,1022.4034
1741114205951,1022.3808
1741114205951,1022.3882
1741114205975,1022.40405
1741114206015,1022.42664
1741114206053,1022.4281
1741114206073,1022.4364
1741114206116,1022.45074
1741114206155,1022.45087
1741114206175,1022.4587
1741114206213,1022.44806
1741114206255,1022.439
1741114206275,1022.4386
1741114206315,1022.45135
1741114206373,1022.4504
1741114206374,1022.47156
1741114206413,1022.4341
1741114206452,1022.40204
1741114206474,1022.38385
1741114206518,1022.36237
1741114206552,1022.3575
1741114206575,1022.3825
1741114206612,1022.43097
1741114206654,1022.4396
1741114206673,1022.421
1741114206715,1022.3943
1741114206755,1022.3911
1741114206775,1022.42334
1741114206813,1022.43024
1741114206856,1022.41003
1741114206874,1022.39417
1741114206918,1022.40125
1741114206970,1022.3955
1741114206974,1022.38
1741114207014,1022.3727
1741114207057,1022.37244
1741114207072,1022.35236
1741114207115,1022.36475
1741114207154,1022.36743
1741114207174,1022.3608
1741114207215,1022.36255
1741114207253,1022.3797
1741114207272,1022.3941
1741114207312,1022.40533
1741114207354,1022.39526
1741114207385,1022.39526
1741114207413,1022.398
1741114207453,1022.39764
1741114207473,1022.3967
1741114207516,1022.41223
1741114207566,1022.39667
1741114207573,1022.3594
1741114207629,1022.34406
1741114207654,1022.324
1741114207673,1022.31573
1741114207724,1022.3457
1741114207752,1022.38635
1741114207773,1022.3916
1741114207816,1022.3791
1741114207853,1022.36255
1741114207874,1022.3596
1741114207914,1022.37897
1741114207954,1022.38745
1741114207979,1022.3927
1741114208019,1022.37195
1741114208053,1022.374
1741114208072,1022.36334
1741114208113,1022.35223
1741114208153,1022.3568
1741114208172,1022.3443
1741114208216,1022.3188
1741114208254,1022.32153
1741114208272,1022.32495
1741114208317,1022.3358
1741114208352,1022.3355
1741114208372,1022.35693
1741114208413,1022.36536
1741114208458,1022.3773
1741114208492,1022.3833
1741114208512,1022.3995
1741114208551,1022.37964
1741114208573,1022.36456
1741114208612,1022.35986
1741114208653,1022.3849
1741114208692,1022.3778
1741114208713,1022.33374
1741114208752,1022.30725
1741114208792,1022.29956
1741114208811,1022.29675
1741114208853,1022.3071
1741114208873,1022.33905
1741114208913,1022.3536
1741114208953,1022.3404
1741114208993,1022.3218
1741114209012,1022.3352
1741114209053,1022.34235
1741114209091,1022.35406
1741114209114,1022.36194
1741114209151,1022.34717
1741114209172,1022.35815
1741114209211,1022.332
1741114209256,1022.3089
1741114209292,1022.29407
1741114209311,1022.2879
1741114209353,1022.2815
1741114209391,1022.2939
1741114209412,1022.3086
1741114209454,1022.3042
1741114209493,1022.31226
1741114209512,1022.3229
1741114209551,1022.3357
1741114209591,1022.35547
1741114209611,1022.363
1741114209652,1022.36194
1741114209693,1022.3533
1741114209714,1022.3515
1741114209753,1022.3525
1741114209793,1022.37054
1741114209815,1022.3263
1741114209851,1022.2965
1741114209892,1022.295
1741114209912,1022.269
1741114209953,1022.287
1741114209991,1022.31116
1741114210013,1022.3542
1741114210051,1022.37854
1741114210094,1022.3639
1741114210116,1022.32544
1741114210152,1022.34
1741114210192,1022.3633
1741114210211,1022.36743
1741114210252,1022.348
1741114210292,1022.33295
1741114210320,1022.3344
1741114210351,1022.3276
1741114210392,1022.3194
1741114210416,1022.31824
1741114210451,1022.31604
1741114210493,1022.3323
1741114210513,1022.3207
1741114210556,1022.3083
1741114210596,1022.29834
1741114210617,1022.3258
1741114210655,1022.35095
1741114210691,1022.36707
1741114210712,1022.36383
1741114210753,1022.35754
1741114210794,1022.34326
1741114210811,1022.338
1741114210853,1022.3556
1741114210890,1022.37
1741114210948,1022.3355
1741114210956,1022.30096
1741114210991,1022.2809
1741114211014,1022.2634
1741114211061,1022.2815
1741114211094,1022.3379
1741114211111,1022.36444
1741114211157,1022.34515
1741114211196,1022.32025
1741114211212,1022.30774
1741114211250,1022.31836
1741114211294,1022.3305
1741114211311,1022.3385
1741114211354,1022.3275
1741114211397,1022.3182
1741114211413,1022.32336
1741114211454,1022.31323
1741114211495,1022.29944
1741114211514,1022.29266
1741114211551,1022.272
1741114211590,1022.2818
1741114211610,1022.291
1741114211651,1022.28613
1741114211691,1022.2924
1741114211713,1022.31104
1741114211752,1022.33344
1741114211790,1022.3548
1741114211812,1022.36115
1741114211864,1022.3672
1741114211894,1022.3639
1741114211910,1022.35376
1741114211953,1022.3434
1741114211993,1022.35345
1741114212013,1022.3599
1741114212051,1022.3415
1741114212089,1022.3281
1741114212115,1022.3015
1741114212150,1022.2852
1741114212191,1022.297
1741114212212,1022.3521
1741114212251,1022.3812
1741114212293,1022.35504
1741114212312,1022.33484
1741114212356,1022.3356
1741114212389,1022.3422
1741114212412,1022.36346
1741114212449,1022.3662
1741114212492,1022.35754
1741114212526,1022.3448
1741114212549,1022.34607
1741114212594,1022.3283
1741114212613,1022.3184
1741114212651,1022.31506
1741114212689,1022.3079
1741114212712,1022.33435
1741114212754,1022.34717
1741114212791,1022.34827
1741114212810,1022.3347
1741114212852,1022.339
1741114212894,1022.3636
1741114212911,1022.3889
1741114212958,1022.3884
1741114213003,1022.3675
1741114213011,1022.3622
1741114213052,1022.3602
1741114213091,1022.39166
1741114213112,1022.3785
1741114213151,1022.353
1741114213193,1022.35754
1741114213214,1022.3408
1741114213261,1022.32605
1741114213301,1022.35425
1741114213310,1022.40137
1741114213349,1022.41895
1741114213391,1022.39624
1741114213408,1022.3732
1741114213449,1022.38763
1741114213491,1022.4163
1741114213523,1022.4399
1741114213549,1022.4396
1741114213597,1022.42474
1741114213613,1022.4218
1741114213651,1022.4112
1741114213692,1022.39636
1741114213708,1022.38214
1741114213751,1022.38153
1741114213793,1022.3817
1741114213810,1022.38403
1741114213854,1022.3942
1741114213888,1022.3869
1741114213926,1022.396
1741114213956,1022.41565
1741114213988,1022.42615
1741114214011,1022.44836
1741114214055,1022.45996
1741114214091,1022.45465
1741114214111,1022.451
1741114214151,1022.4452
1741114214188,1022.4529
1741114214212,1022.4611
1741114214249,1022.42896
1741114214290,1022.40466
1741114214310,1022.3927
1741114214351,1022.38824
1741114214391,1022.4042
1741114214415,1022.4408
1741114214451,1022.4558
1741114214508,1022.44727
1741114214510,1022.4288
1741114214554,1022.42914
1741114214587,1022.44495
1741114214608,1022.46655
1741114214652,1022.4753
1741114214694,1022.4618
1741114214710,1022.4503
1741114214752,1022.44586
1741114214788,1022.4285
1741114214812,1022.4297
1741114214848,1022.42334
1741114214891,1022.4104
1741114214918,1022.4221
1741114214948,1022.43317
1741114214992,1022.4305
1741114215010,1022.4419
1741114215050,1022.46094
1741114215091,1022.4745
1741114215120,1022.49646
1741114215148,1022.50183
1741114215189,1022.49475
1741114215211,1022.48267
1741114215248,1022.47687
1741114215295,1022.5168
1741114215309,1022.505
1741114215348,1022.4628
1741114215390,1022.4473
1741114215410,1022.42004
1741114215453,1022.4185
1741114215490,1022.43396
1741114215510,1022.47235
1741114215549,1022.4916
1741114215593,1022.4672
1741114215611,1022.4442
1741114215651,1022.4503
1741114215690,1022.479
1741114215708,1022.49426
1741114215748,1022.49866
1741114215795,1022.4866
1741114215810,1022.484
1741114215848,1022.4681
1741114215894,1022.45874
1741114215910,1022.45044
1741114215953,1022.4392
1741114215991,1022.4206
1741114216010,1022.4301
1741114216048,1022.438
1741114216088,1022.43726
1741114216108,1022.435
1741114216149,1022.45483
1741114216190,1022.4722
1741114216211,1022.498
1741114216251,1022.5051
1741114216289,1022.4942
1741114216312,1022.482
1741114216347,1022.4682
1741114216405,1022.49023
1741114216408,1022.5
1741114216451,1022.4672
1741114216491,1022.45154
1741114216507,1022.43036
1741114216552,1022.42773
1741114216587,1022.4443
1741114216608,1022.4824
1741114216647,1022.4961
1741114216691,1022.46924
1741114216707,1022.43866
1741114216749,1022.44257
1741114216794,1022.45264
1741114216809,1022.4752
1741114216852,1022.4839
1741114216890,1022.4717
1741114216913,1022.4741
1741114216947,1022.4534
1741114216988,1022.4474
1741114217008,1022.4487
1741114217052,1022.44293
1741114217095,1022.4259
1741114217110,1022.4371
1741114217151,1022.4443
1741114217190,1022.4387
1741114217210,1022.44257
1741114217262,1022.46155
1741114217288,1022.46875
1741114217306,1022.48267
1741114217350,1022.4888
1741114217387,1022.4858
1741114217411,1022.4906
1741114217448,1022.4822
1741114217492,1022.50836
1741114217507,1022.5055
1741114217552,1022.4597
1741114217586,1022.4471
1741114217608,1022.4217
1741114217657,1022.3994
1741114217687,1022.4022
1741114217707,1022.4577
1741114217750,1022.4934
1741114217787,1022.4846
1741114217812,1022.4461
1741114217846,1022.4467
1741114217888,1022.46313
1741114217910,1022.4847
1741114217949,1022.4792
1741114217988,1022.4701
1741114218013,1022.46704
1741114218059,1022.4776
1741114218086,1022.46313
1741114218108,1022.43066
1741114218151,1022.4239
1741114218190,1022.41986
1741114218209,1022.4502
1741114218247,1022.4592
1741114218293,1022.4513
1741114218307,1022.4329
1741114218348,1022.4342
1741114218392,1022.4446
1741114218408,1022.4568
1741114218446,1022.4765
1741114218490,1022.47485
1741114218509,1022.46985
1741114218545,1022.46045
1741114218588,1022.4778
1741114218605,1022.4627
1741114218646,1022.4272
1741114218685,1022.4045
1741114218707,1022.38086
1741114218746,1022.3819
1741114218792,1022.43445
1741114218806,1022.464
1741114218850,1022.4606
1741114218889,1022.4357
1741114218912,1022.41675
1741114218949,1022.4266
1741114218988,1022.43665
1741114219008,1022.4424
1741114219049,1022.44006
1741114219087,1022.4317
1741114219112,1022.43475
1741114219147,1022.4157
1741114219193,1022.3914
1741114219205,1022.39307
1741114219246,1022.3904
1741114219285,1022.3879
1741114219305,1022.3993
1741114219346,1022.4021
1741114219389,1022.39734
1741114219418,1022.3954
1741114219450,1022.41223
1741114219487,1022.4344
1741114219507,1022.44763
1741114219546,1022.447
1741114219588,1022.4308
1741114219609,1022.42633
1741114219651,1022.4084
1741114219685,1022.4115
1741114219707,1022.4314
1741114219752,1022.4053
1741114219785,1022.3745
1741114219809,1022.37024
1741114219847,1022.3563
1741114219890,1022.34436
1741114219907,1022.37366
1741114219945,1022.4231
1741114219987,1022.43024
1741114220004,1022.4088
1741114220049,1022.39
1741114220087,1022.40186
1741114220112,1022.4252
1741114220147,1022.42114
1741114220191,1022.4149
1741114220209,1022.4016
1741114220245,1022.40607
1741114220287,1022.39624
1741114220308,1022.38635
1741114220353,1022.37885
1741114220385,1022.3577
1741114220406,1022.3471
1741114220445,1022.35693
1741114220485,1022.3548
1741114220506,1022.3513
1741114220550,1022.3676
1741114220592,1022.3818
1741114220604,1022.3837
1741114220646,1022.3924
1741114220690,1022.3911
1741114220705,1022.3873
1741114220748,1022.3844
1741114220796,1022.38403
1741114220808,1022.3975
1741114220844,1022.4021
1741114220885,1022.36694
1741114220906,1022.33545
1741114220944,1022.3273
1741114220987,1022.31836
1741114221007,1022.324
1741114221046,1022.3703
1741114221085,1022.4117
1741114221112,1022.4088
1741114221144,1022.3899
1741114221187,1022.3794
1741114221204,1022.38086
1741114221245,1022.3979
1741114221287,1022.40063
1741114221306,1022.3863
1741114221346,1022.3921
1741114221385,1022.394
1741114221406,1022.37317
1741114221447,1022.35596
1741114221486,1022.3722
1741114221507,1022.3533
1741114221544,1022.34814
1741114221588,1022.36
1741114221611,1022.36975
1741114221649,1022.3564
1741114221684,1022.3556
1741114221704,1022.3862
1741114221749,1022.40063
1741114221787,1022.41077
1741114221808,1022.40955
1741114221846,1022.40063
1741114221893,1022.40454
1741114221904,1022.39606
1741114221946,1022.41693
1741114221986,1022.4068
1741114222007,1022.36255
1741114222043,1022.335
1741114222086,1022.3281
1741114222110,1022.32587
1741114222143,1022.33453
1741114222186,1022.3672
1741114222212,1022.4128
1741114222245,1022.4095
1741114222287,1022.3801
1741114222304,1022.38324
1741114222345,1022.4019
1741114222393,1022.4105
1741114222403,1022.39685
1741114222448,1022.3824
1741114222487,1022.37354
1741114222504,1022.35535
1741114222550,1022.3325
1741114222586,1022.3422
1741114222606,1022.3475
1741114222645,1022.3517
1741114222685,1022.3572
1741114222705,1022.3544
1741114222743,1022.34644
1741114222791,1022.3587
1741114222803,1022.37476
1741114222847,1022.40027
1741114222887,1022.4175
1741114222906,1022.41516
1741114222944,1022.4019
1741114222985,1022.3926
1741114223003,1022.37274
1741114223047,1022.3932
1741114223088,1022.38257
1741114223106,1022.3356
1741114223144,1022.3236
1741114223189,1022.29504
1741114223203,1022.2987
1741114223243,1022.33734
1741114223286,1022.3853
1741114223304,1022.38934
1741114223344,1022.37256
1741114223386,1022.3541
1741114223404,1022.3555
1741114223447,1022.36957
1741114223483,1022.3737
1741114223504,1022.35767
1741114223545,1022.3422
1741114223584,1022.3485
1741114223603,1022.3405
1741114223644,1022.33563
1741114223687,1022.31934
1741114223703,1022.3136
1741114223744,1022.3133
1741114223791,1022.313
1741114223805,1022.305
1741114223845,1022.29614
1741114223886,1022.30975
1741114223903,1022.3421
1741114223946,1022.36975
1741114223984,1022.3815
1741114224004,1022.38184
1741114224047,1022.3729
1741114224083,1022.36005
1741114224102,1022.34644
1741114224142,1022.3621
1741114224184,1022.32874
1741114224204,1022.31836
1741114224251,1022.29724
1741114224285,1022.28125
1741114224304,1022.30493
1741114224343,1022.3627
1741114224383,1022.3844
1741114224406,1022.3692
1741114224442,1022.3549
1741114224483,1022.35785
1741114224505,1022.3729
1741114224544,1022.38574
1741114224585,1022.38434
1741114224605,1022.3759
1741114224642,1022.3711
1741114224686,1022.37164
1741114224703,1022.3546
1741114224743,1022.36523
1741114224783,1022.3742
1741114224802,1022.36755
1741114224843,1022.3894
1741114224884,1022.3887
1741114224903,1022.3728
1741114224942,1022.3743
1741114224983,1022.3813
1741114225005,1022.4044
1741114225042,1022.434
1741114225084,1022.4498
1741114225106,1022.4347
1741114225143,1022.4238
1741114225183,1022.41675
1741114225204,1022.40674
1741114225244,1022.4274
1741114225282,1022.41296
1741114225303,1022.38336
1741114225344,1022.3774
1741114225385,1022.36
1741114225403,1022.355
1741114225442,1022.39655
1741114225484,1022.4484
1741114225503,1022.4527
1741114225542,1022.4353
1741114225583,1022.4259
1741114225603,1022.4308
1741114225642,1022.4577
1741114225684,1022.46216
1741114225702,1022.46454
1741114225744,1022.45184
1741114225784,1022.4496
1741114225802,1022.42957
1741114225842,1022.3997
1741114225884,1022.39197
1741114225903,1022.4001
1741114225941,1022.3945
1741114225982,1022.3994
1741114226002,1022.4017
1741114226042,1022.4109
1741114226082,1022.4401
1741114226103,1022.46216
1741114226141,1022.47815
1741114226184,1022.4838
1741114226204,1022.4786
1741114226244,1022.4669
1741114226283,1022.46954
1741114226305,1022.4619
1741114226345,1022.4835
1741114226383,1022.47986
1741114226401,1022.43634
1741114226442,1022.4164
1741114226482,1022.411
1741114226501,1022.3871
1741114226542,1022.3883
1741114226586,1022.4222
1741114226605,1022.46045
1741114226643,1022.4618
1741114226681,1022.4527
1741114226702,1022.45355
1741114226741,1022.4643
1741114226782,1022.4742
1741114226801,1022.47504
1741114226842,1022.4773
1741114226883,1022.467
1741114226902,1022.46423
1741114226941,1022.4448
1741114226984,1022.42944
1741114227004,1022.4156
1741114227043,1022.4258
1741114227081,1022.4252
1741114227103,1022.44293
1741114227141,1022.4374
1741114227181,1022.4338
1741114227205,1022.4452
1741114227242,1022.45996
1741114227282,1022.48486
1741114227301,1022.4889
1741114227342,1022.48334
1741114227384,1022.4679
1741114227401,1022.47565
1741114227441,1022.4622
1741114227482,1022.48376
1741114227506,1022.46796
1741114227543,1022.4294
1741114227589,1022.415
1741114227602,1022.39355
1741114227644,1022.38214
1741114227683,1022.3955
1741114227703,1022.4348
1741114227744,1022.4691
1741114227782,1022.4593
1741114227801,1022.4447
1741114227845,1022.4418
1741114227885,1022.47314
1741114227901,1022.47906
1741114227944,1022.46906
1741114227981,1022.46405
1741114228002,1022.47186
1741114228045,1022.45435
1741114228082,1022.4297
1741114228106,1022.4309
1741114228140,1022.4326
1741114228183,1022.4332
1741114228201,1022.42645
1741114228245,1022.4393
1741114228282,1022.4435
1741114228303,1022.4531
1741114228342,1022.48065
1741114228384,1022.4959
1741114228404,1022.4983
1741114228444,1022.48444
1741114228483,1022.4813
1741114228502,1022.4932
1741114228543,1022.48004
1741114228583,1022.5048
1741114228602,1022.49
1741114228640,1022.4448
1741114228686,1022.433
1741114228700,1022.4214
1741114228740,1022.4005
1741114228781,1022.4055
1741114228801,1022.45526
1741114228841,1022.5004
1741114228880,1022.48596
1741114228902,1022.45667
1741114228944,1022.46387
1741114228981,1022.4813
1741114229001,1022.4909
1741114229040,1022.4923
1741114229081,1022.47705
1741114229100,1022.4707
1741114229141,1022.47284
1741114229180,1022.45905
1741114229210,1022.44806
1741114229239,1022.4525
1741114229280,1022.4452
1741114229300,1022.4444
1741114229342,1022.45435
1741114229380,1022.45233
1741114229402,1022.45404
1741114229443,1022.47034
1741114229482,1022.4871
1741114229503,1022.49365
1741114229545,1022.5073
1741114229582,1022.50134
1741114229600,1022.49854
1741114229646,1022.4979
1741114229680,1022.49725
1741114229701,1022.5
1741114229744,1022.49054
1741114229781,1022.46735
1741114229802,1022.4333
1741114229841,1022.4156
1741114229882,1022.42346
1741114229900,1022.48175
1741114229945,1022.5177
1741114229984,1022.50793
1741114230001,1022.47766
1741114230040,1022.4653
1741114230080,1022.4805
1741114230107,1022.4907
1741114230140,1022.48987
1741114230181,1022.4898
1741114230200,1022.4944
1741114230240,1022.5098
1741114230280,1022.4812
1741114230303,1022.45044
1741114230341,1022.44507
1741114230383,1022.44666
1741114230419,1022.43896
1741114230439,1022.4438
1741114230483,1022.466
1741114230521,1022.45703
1741114230546,1022.46387
1741114230581,1022.4747
1741114230623,1022.4893
1741114230639,1022.51074
1741114230682,1022.51044
1741114230721,1022.50116
1741114230745,1022.4959
1741114230780,1022.49
1741114230821,1022.48425
1741114230842,1022.5003
1741114230885,1022.4865
1741114230945,1022.4816
1741114230945,1022.46594
1741114230979,1022.4352
1741114231026,1022.4131
1741114231047,1022.4617
1741114231083,1022.5274
1741114231119,1022.5364
1741114231146,1022.507
1741114231181,1022.48206
1741114231219,1022.48364
1741114231241,1022.48474
1741114231280,1022.48865
1741114231323,1022.4965
1741114231341,1022.49194
1741114231380,1022.486
1741114231423,1022.49066
1741114231439,1022.4825
1741114231484,1022.45935
1741114231518,1022.45593
1741114231540,1022.4711
1741114231580,1022.4732
1741114231623,1022.4693
1741114231639,1022.46985
1741114231683,1022.47784
1741114231723,1022.48083
1741114231740,1022.48956
1741114231785,1022.49475
1741114231824,1022.49927
1741114231839,1022.4968
1741114231882,1022.4958
1741114231920,1022.4912
1741114231945,1022.4954
1741114231982,1022.4869
1741114232021,1022.4628
1741114232040,1022.4543
1741114232084,1022.4528
1741114232120,1022.426
1741114232141,1022.4175
1741114232180,1022.46075
1741114232222,1022.51154
1741114232241,1022.50586
1741114232285,1022.4979
1741114232323,1022.49493
1741114232342,1022.5
1741114232379,1022.4914
1741114232418,1022.4694
1741114232441,1022.46063
1741114232479,1022.4735
1741114232520,1022.4815
1741114232539,1022.4645
1741114232580,1022.4612
1741114232623,1022.45496
1741114232638,1022.4558
1741114232682,1022.4713
1741114232720,1022.484
1741114232739,1022.48755
1741114232782,1022.5074
1741114232819,1022.5311
1741114232843,1022.53516
1741114232878,1022.51355
1741114232928,1022.49176
1741114232938,1022.49
1741114232978,1022.48584
1741114233032,1022.4782
1741114233046,1022.48035
1741114233096,1022.4741
1741114233118,1022.4704
1741114233139,1022.4631
1741114233182,1022.45874
1741114233219,1022.45795
1741114233242,1022.45013
1741114233279,1022.4778
1741114233319,1022.4631
1741114233338,1022.4594
1741114233379,1022.4564
1741114233417,1022.4606
1741114233438,1022.4849
1741114233481,1022.4699
1741114233519,1022.4841
1741114233538,1022.5074
1741114233580,1022.5233
1741114233624,1022.52423
1741114233637,1022.5255
1741114233688,1022.51245
1741114233719,1022.4996
1741114233743,1022.49023
1741114233781,1022.4997
1741114233832,1022.4954
1741114233838,1022.4956
1741114233878,1022.4861
1741114233920,1022.47363
1741114233939,1022.47473
1741114233979,1022.4679
1741114234022,1022.44745
1741114234046,1022.43506
1741114234079,1022.44336
1741114234119,1022.461
1741114234140,1022.4735
1741114234184,1022.4895
1741114234218,1022.48645
1741114234240,1022.47974
1741114234278,1022.4931
1741114234321,1022.5007
1741114234339,1022.5008
1741114234378,1022.48627
1741114234419,1022.48376
1741114234442,1022.484
1741114234479,1022.48474
1741114234520,1022.49365
1741114234544,1022.49744
1741114234577,1022.48346
1741114234628,1022.4593
1741114234638,1022.4524
1741114234684,1022.44147
1741114234718,1022.4341
1741114234738,1022.4587
1741114234778,1022.50757
1741114234823,1022.52106
1741114234849,1022.4984
1741114234879,1022.4852
1741114234919,1022.49005
1741114234939,1022.50165
1741114234978,1022.50543
1741114235025,1022.504
1741114235037,1022.4943
1741114235079,1022.494
1741114235126,1022.4879
1741114235137,1022.4802
1741114235179,1022.46735
1741114235223,1022.454
1741114235238,1022.45636
1741114235279,1022.4712
1741114235326,1022.4798
1741114235338,1022.465
1741114235383,1022.47894
1741114235424,1022.49133
1741114235436,1022.51575
1741114235480,1022.5152
1741114235517,1022.5012
1741114235536,1022.4873
1741114235583,1022.4767
1741114235621,1022.4791
1741114235639,1022.49805
1741114235682,1022.481
1741114235716,1022.4394
1741114235738,1022.42944
1741114235778,1022.4286
1741114235818,1022.4533
1741114235838,1022.4877
1741114235878,1022.50903
1741114235930,1022.51245
1741114235935,1022.49457
1741114235976,1022.4889
1741114236020,1022.4964
1741114236038,1022.5116
1741114236085,1022.5171
1741114236120,1022.50494
1741114236137,1022.49493
1741114236179,1022.50757
1741114236218,1022.484
1741114236238,1022.46533
1741114236292,1022.4604
1741114236317,1022.4464
1741114236338,1022.45154
1741114236386,1022.4603
1741114236418,1022.4624
1741114236437,1022.4606
1741114236481,1022.46533
1741114236519,1022.4846
1741114236538,1022.4905
1741114236583,1022.501
1741114236615,1022.50214
1741114236636,1022.4877
1741114236676,1022.48804
1741114236725,1022.48083
1741114236737,1022.48804
1741114236778,1022.5064
1741114236816,1022.48376
1741114236838,1022.44293
1741114236885,1022.43994
1741114236916,1022.43225
1741114236937,1022.435
1741114236976,1022.46454
1741114237023,1022.5066
1741114237037,1022.5039
1741114237083,1022.49133
1741114237116,1022.4784
1741114237136,1022.49286
1741114237180,1022.51013
1741114237221,1022.5112
1741114237236,1022.4935
1741114237277,1022.4863
1741114237316,1022.4896
1741114237335,1022.46875
1741114237378,1022.4634
1741114237416,1022.46704
1741114237443,1022.469
1741114237483,1022.46246
1741114237516,1022.46265
1741114237545,1022.4577
1741114237577,1022.45844
1741114237617,1022.47003
1741114237636,1022.4951
1741114237683,1022.5009
1741114237718,1022.49194
1741114237739,1022.49255
1741114237777,1022.4846
1741114237819,1022.4805
1741114237835,1022.47296
1741114237876,1022.49884
1741114237919,1022.50226
1741114237934,1022.4633
1741114237989,1022.453
1741114238016,1022.4436
1741114238035,1022.4225
1741114238078,1022.4341
1741114238119,1022.4885
1741114238138,1022.51843
1741114238176,1022.4955
1741114238217,1022.48096
1741114238241,1022.4701
1741114238276,1022.47437
1741114238320,1022.4979
1741114238337,1022.5065
1741114238376,1022.5056
1741114238415,1022.5007
1741114238435,1022.4961
1741114238476,1022.47485
1741114238517,1022.46356
1741114238538,1022.4705
1741114238582,1022.45935
1741114238616,1022.4605
1741114238636,1022.4707
1741114238677,1022.4699
1741114238725,1022.46155
1741114238737,1022.4629
1741114238777,1022.4828
1741114238823,1022.5024
1741114238838,1022.50134
1741114238876,1022.50464
1741114238915,1022.4918
1741114238942,1022.4867
1741114238975,1022.46875
1741114239018,1022.4871
1741114239036,1022.5138
1741114239075,1022.4574
1741114239117,1022.4468
1741114239136,1022.42474
1741114239175,1022.41064
1741114239213,1022.4346
1741114239234,1022.4735
1741114239274,1022.4824
1741114239316,1022.46277
1741114239340,1022.45825
1741114239376,1022.46826
1741114239418,1022.4824
1741114239434,1022.47675
1741114239477,1022.47375
1741114239515,1022.4616
1741114239536,1022.46844
1741114239575,1022.4644
1741114239614,1022.459
1741114239635,1022.44104
1741114239675,1022.4352
1741114239716,1022.4309
1741114239735,1022.4234
1741114239775,1022.4242
1741114239819,1022.4273
1741114239837,1022.41266
1741114239878,1022.4179
1741114239915,1022.43866
1741114239935,1022.45166
1741114239975,1022.4662
1741114240015,1022.4675
1741114240034,1022.4471
1741114240076,1022.431
1741114240114,1022.4398
1741114240135,1022.446
1741114240175,1022.467
1741114240215,1022.4718
1741114240240,1022.4237
1741114240274,1022.40576
1741114240315,1022.3839
1741114240334,1022.36035
1741114240376,1022.38055
1741114240414,1022.41736
1741114240434,1022.44336
1741114240475,1022.43536
1741114240515,1022.4144
1741114240535,1022.4098
1741114240575,1022.4126
1741114240616,1022.4302
1741114240635,1022.44104
1741114240676,1022.4256
1741114240726,1022.42084
1741114240735,1022.41846
1741114240775,1022.4037
1741114240815,1022.3876
1741114240841,1022.39233
1741114240875,1022.38684
1741114240917,1022.38605
1741114240933,1022.37787
1741114240976,1022.3778
1741114241013,1022.37195
1741114241035,1022.3825
1741114241079,1022.39954
1741114241114,1022.4227
1741114241142,1022.42883
1741114241175,1022.412
1741114241215,1022.4076
1741114241234,1022.406
1741114241280,1022.4064
1741114241315,1022.42426
1741114241336,1022.4325
1741114241385,1022.4091
1741114241414,1022.3752
1741114241446,1022.35864
1741114241474,1022.33954
1741114241517,1022.33234
1741114241534,1022.36523
1741114241578,1022.4047
1741114241615,1022.4168
1741114241637,1022.404
1741114241675,1022.3841
1741114241714,1022.3836
1741114241734,1022.3969
1741114241781,1022.3988
1741114241814,1022.39435
1741114241833,1022.3963
1741114241875,1022.4013
1741114241916,1022.3922
1741114241934,1022.3697
1741114241976,1022.35815
1741114242014,1022.36084
1741114242051,1022.366
1741114242073,1022.3688
1741114242117,1022.37134
1741114242134,1022.364
1741114242174,1022.35864
1741114242215,1022.38
1741114242237,1022.41064
1741114242276,1022.4313
1741114242313,1022.4341
1741114242335,1022.4164
1741114242373,1022.40094
1741114242417,1022.38837
1741114242437,1022.3855
1741114242475,1022.4208
1741114242514,1022.4137
1741114242535,1022.3774
1741114242576,1022.3518
1741114242613,1022.3417
1741114242635,1022.33075
1741114242674,1022.34827
1741114242714,1022.39246
1741114242734,1022.40186
1741114242775,1022.3867
1741114242812,1022.3805
1741114242838,1022.38745
1741114242878,1022.40234
1741114242914,1022.4071
1741114242934,1022.39966
1741114242983,1022.3956
1741114243015,1022.39197
1741114243033,1022.3773
1741114243072,1022.3548
1741114243122,1022.3561
1741114243146,1022.3536
1741114243175,1022.3583
1741114243215,1022.36414
1741114243235,1022.3687
1741114243273,1022.35236
1741114243314,1022.3552
1741114243334,1022.37537
1741114243374,1022.3994
1741114243414,1022.4077
1741114243447,1022.4061
1741114243472,1022.40186
1741114243512,1022.3972
1741114243532,1022.38696
1741114243573,1022.41394
1741114243612,1022.41895
1741114243635,1022.3767
1741114243674,1022.3495
1741114243715,1022.33435
1741114243735,1022.3111
1741114243772,1022.3286
1741114243815,1022.375
1741114243847,1022.399
1741114243883,1022.3794
1741114243913,1022.3611
1741114243938,1022.3719
1741114243973,1022.3863
1741114244018,1022.3985
1741114244033,1022.40753
1741114244080,1022.4031
1741114244113,1022.40234
1741114244134,1022.3893
1741114244174,1022.3522
1741114244214,1022.35297
1741114244232,1022.37
1741114244273,1022.37305
1741114244312,1022.383
1741114244333,1022.3738
1741114244372,1022.3695
1741114244414,1022.35657
1741114244440,1022.3646
1741114244472,1022.3862
1741114244513,1022.4086
1741114244533,1022.4271
1741114244574,1022.4147
1741114244614,1022.4009
1741114244633,1022.4026
1741114244674,1022.4114
1741114244712,1022.43146
1741114244733,1022.385
1741114244773,1022.3683
1741114244813,1022.3648
1741114244835,1022.35425
1741114244872,1022.34485
1741114244912,1022.3606
1741114244935,1022.40454
1741114244971,1022.41095
1741114245012,1022.3895
1741114245034,1022.37537
1741114245073,1022.39197
1741114245114,1022.4085
1741114245132,1022.4062
1741114245173,1022.3994
1741114245212,1022.3959
1741114245236,1022.4015
1741114245274,1022.3869
1741114245311,1022.3694
1741114245335,1022.36
1741114245372,1022.36383
1741114245413,1022.36395
1741114245436,1022.3774
1741114245475,1022.3808
1741114245512,1022.38477
1741114245535,1022.37134
1741114245571,1022.3772
1741114245611,1022.3871
1741114245631,1022.4107
1741114245672,1022.42694
1741114245713,1022.4187
1741114245732,1022.41754
1741114245773,1022.4051
1741114245813,1022.4007
1741114245832,1022.4335
1741114245871,1022.4167
1741114245953,1022.36584
1741114245953,1022.3602
1741114245973,1022.34985
1741114246015,1022.3508
1741114246032,1022.37537
1741114246072,1022.41174
1741114246114,1022.4213
1741114246135,1022.396
1741114246171,1022.39246
1741114246211,1022.39996
1741114246233,1022.4164
1741114246273,1022.4219
1741114246313,1022.4156
1741114246332,1022.4179
1741114246373,1022.42554
1741114246413,1022.40906
1741114246435,1022.3673
1741114246472,1022.36035
1741114246511,1022.3484
1741114246538,1022.3554
1741114246571,1022.3747
1741114246612,1022.3853
1741114246632,1022.3722
1741114246671,1022.3717
1741114246716,1022.38794
1741114246732,1022.41046
1741114246772,1022.4161
1741114246812,1022.4035
1741114246830,1022.3933
1741114246871,1022.3937
1741114246912,1022.38184
1741114246931,1022.391
1741114246974,1022.4124
1741114247010,1022.3992
1741114247031,1022.37354
1741114247076,1022.36005
1741114247113,1022.3361
1741114247133,1022.3339
1741114247171,1022.3729
1741114247212,1022.412
1741114247230,1022.4221
1741114247273,1022.40063
1741114247314,1022.38947
1741114247331,1022.39575
1741114247370,1022.4052
1741114247422,1022.4145
1741114247430,1022.41205
1741114247469,1022.41394
1741114247513,1022.3966
1741114247535,1022.37585
1741114247571,1022.39233
1741114247612,1022.36896
1741114247631,1022.35095
1741114247670,1022.35004
1741114247714,1022.36053
1741114247730,1022.3723
1741114247772,1022.3776
1741114247813,1022.38245
1741114247831,1022.38574
1741114247871,1022.38617
1741114247911,1022.4009
1741114247935,1022.4056
1741114247970,1022.3943
1741114248010,1022.3795
1741114248032,1022.3745
1741114248070,1022.3684
1741114248111,1022.37213
1741114248133,1022.37177
1741114248170,1022.37256
1741114248209,1022.3906
1741114248231,1022.4008
1741114248270,1022.3977
1741114248314,1022.3877
1741114248331,1022.3809
1741114248371,1022.3802
1741114248410,1022.38214
1741114248430,1022.3717
1741114248471,1022.3594
1741114248509,1022.3493
1741114248532,1022.3426
1741114248569,1022.34576
1741114248611,1022.35114
1741114248632,1022.35
1741114248669,1022.34766
1741114248710,1022.3498
1741114248732,1022.3492
1741114248771,1022.35925
1741114248810,1022.3551
1741114248831,1022.35834
1741114248869,1022.3521
1741114248908,1022.3554
1741114248928,1022.3528
1741114248968,1022.3723
1741114249010,1022.3762
1741114249029,1022.36694
1741114249071,1022.36206
1741114249108,1022.3619
1741114249130,1022.3669
1741114249170,1022.36127
1741114249208,1022.36084
1741114249228,1022.36
1741114249270,1022.3683
1741114249309,1022.3647
1741114249328,1022.36365
1741114249369,1022.3596
1741114249408,1022.35724
1741114249431,1022.36035
1741114249468,1022.3684
1741114249522,1022.37305
1741114249535,1022.3764
1741114249567,1022.36774
1741114249619,1022.3733
1741114249628,1022.3691
1741114249668,1022.36707
1741114249715,1022.37305
1741114249728,1022.38306
1741114249768,1022.3926
1741114249817,1022.3822
1741114249828,1022.3762
1741114249868,1022.37946
1741114249915,1022.38116
1741114249928,1022.38104
1741114249990,1022.3863
1741114250014,1022.3939
1741114250028,1022.3962
1741114250068,1022.3898
1741114250131,1022.3919
1741114250132,1022.3764
1741114250167,1022.38416
1741114250219,1022.39343
1741114250228,1022.39154
1741114250268,1022.39014
1741114250315,1022.3978
1741114250328,1022.4009
1741114250368,1022.3995
1741114250420,1022.40906
1741114250428,1022.40564
1741114250467,1022.39233
1741114250516,1022.39386
1741114250527,1022.393
1741114250569,1022.38696
1741114250615,1022.3908
1741114250631,1022.3925
1741114250668,1022.4042
1741114250718,1022.3997
1741114250727,1022.40106
1741114250767,1022.407
1741114250813,1022.4101
1741114250827,1022.4205
1741114250874,1022.41565
1741114250916,1022.4165
1741114250929,1022.4136
1741114250970,1022.4161
1741114251016,1022.41016
1741114251027,1022.40936
1741114251067,1022.4027
1741114251119,1022.3958
1741114251127,1022.40015
1741114251167,1022.40576
1741114251213,1022.4064
1741114251228,1022.3988
1741114251268,1022.40454
1741114251316,1022.4205
1741114251327,1022.4272
1741114251367,1022.42694
1741114251415,1022.4218
1741114251427,1022.4165
1741114251468,1022.4104
1741114251512,1022.4145
1741114251528,1022.41406
1741114251567,1022.40857
1741114251608,1022.40564
1741114251663,1022.4055
1741114251669,1022.4062
1741114251709,1022.415
1741114251728,1022.42523
1741114251767,1022.4264
1741114251806,1022.42773
1741114251827,1022.42725
1741114251866,1022.4254
1741114251906,1022.4229
1741114251926,1022.427
1741114251966,1022.4269
1741114252008,1022.4249
1741114252026,1022.416
1741114252066,1022.41394
1741114252107,1022.41675
1741114252127,1022.4201
1741114252166,1022.4231
1741114252207,1022.4188
1741114252246,1022.4199
1741114252266,1022.4217
1741114252307,1022.426
1741114252346,1022.4265
1741114252366,1022.4229
1741114252406,1022.4315
1741114252427,1022.4287
1741114252466,1022.41785
1741114252508,1022.41125
1741114252546,1022.4079
1741114252566,1022.401
1741114252606,1022.4108
1741114252646,1022.41864
1741114252666,1022.4114
1741114252712,1022.4127
1741114252743,1022.40967
1741114252795,1022.4124
1741114252810,1022.4192
1741114252847,1022.42224
1741114252866,1022.41113
1741114252907,1022.4077
1741114252946,1022.4148
1741114252966,1022.4194
1741114253006,1022.4176
1741114253046,1022.4165
1741114253066,1022.42163
1741114253109,1022.4249
1741114253146,1022.428
1741114253166,1022.4267
1741114253206,1022.4238
1741114253245,1022.41895
1741114253266,1022.4169
1741114253306,1022.4124
1741114253346,1022.4221
1741114253365,1022.4171
1741114253406,1022.4183
1741114253447,1022.405
1741114253466,1022.41437
1741114253506,1022.4193
1741114253546,1022.4124
1741114253567,1022.40857
1741114253606,1022.4052
1741114253647,1022.41095
1741114253666,1022.4186
1741114253708,1022.4242
1741114253747,1022.41986
1741114253769,1022.4157
1741114253807,1022.4201
1741114253847,1022.4193
1741114253866,1022.4197
1741114253908,1022.4163
1741114253945,1022.42236
1741114253965,1022.4315
