1672855366332,1010.7285
1672855366510,1010.9519
1672855366694,1010.99
1672855366865,1010.8174
1672855367046,1010.8435
1672855367220,1010.8291
1672855367402,1010.80566
1672855367583,1011.0581
1672855367754,1010.91846
1672855367932,1010.86694
1672855368130,1010.78784
1672855368287,1010.7842
1672855368784,1011.125
1672855368982,1011.0476
1672855369137,1011.1116
1672855369316,1011.1841
1672855369494,1011.0576
1672855369680,1011.40576
1672855369849,1011.0054
1672855370027,1011.0864
1672855370224,1011.4348
1672855370383,1010.6931
1672855370568,1011.0
1672855370738,1011.0249
1672855370919,1011.0259
1672855371095,1011.09766
1672855371272,1011.0459
1672855371450,1010.9509
1672855371628,1011.03076
1672855371805,1011.1304
1672855371985,1010.9802
1672855372190,1011.062
1672855372339,1011.07764
1672855372519,1010.9348
1672855372697,1010.88916
1672855372880,1011.1831
1672855373051,1011.084
1672855373230,1011.0801
1672855373408,1011.0596
1672855373590,1011.22266
1672855373766,1010.96313
1672855373940,1011.0762
1672855374120,1011.11816
1672855374297,1011.04004
1672855374477,1010.8384
1672855374654,1011.3706
1672855374835,1010.88403
1672855375009,1010.98975
1672855375187,1011.0913
1672855375365,1011.0393
1672855375543,1011.2024
1672855375720,1011.4453
1672855375898,1010.95874
1672855376077,1011.0137
1672855376254,1011.0581
1672855376432,1011.103
1672855376610,1011.1516
1672855376789,1011.11035
1672855376966,1011.0576
1672855377151,1010.9658
1672855377322,1011.08057
1672855377500,1011.1216
1672855377678,1011.12305
1672855377855,1011.0508
1672855378034,1011.3718
1672855378211,1010.9856
1672855378389,1011.0149
1672855378567,1011.0547
1672855378745,1011.06006
1672855378923,1011.09375
1672855379101,1011.32227
1672855379285,1011.04785
1672855379459,1011.1399
1672855379634,1011.0134
1672855379813,1011.02783
1672855379991,1011.11816
1672855380168,1011.4536
1672855380346,1010.9866
1672855380524,1011.0383
1672855380702,1011.1074
1672855380880,1011.04565
1672855381058,1011.10205
1672855381236,1011.10474
1672855381414,1011.09546
1672855381592,1010.9988
1672855381770,1011.0886
1672855381948,1011.0957
1672855382157,1011.0559
1672855382303,1011.011
1672855382481,1011.50903
1672855382659,1010.9668
1672855382838,1011.06274
1672855383016,1011.15186
1672855383194,1011.031
1672855383371,1011.0923
1672855383548,1011.0635
1672855383727,1010.7488
1672855383905,1011.0547
1672855384082,1011.0344
1672855384260,1011.06494
1672855384439,1011.02344
1672855384617,1011.04443
1672855384795,1011.0437
1672855384973,1010.8989
1672855385151,1011.0657
1672855385329,1011.0574
1672855385507,1011.04126
1672855385685,1011.11743
1672855385862,1011.5061
1672855386040,1010.9729
1672855386218,1010.9597
1672855386396,1011.1184
1672855386574,1011.0012
1672855386752,1011.0708
1672855386931,1011.6216
1672855387107,1011.04614
1672855387285,1010.9099
1672855387463,1011.0974
1672855387641,1011.0471
1672855387819,1011.084
1672855387997,1011.0525
1672855388176,1011.0537
1672855388353,1010.85547
1672855388533,1011.0217
1672855388708,1011.0781
1672855388886,1011.031
1672855389064,1011.05493
1672855389242,1011.42896
1672855389420,1011.05786
1672855389599,1011.01465
1672855389778,1011.2197
1672855389956,1011.0586
1672855390135,1011.0779
1672855390311,1011.0791
1672855390490,1011.0349
1672855390666,1010.87036
1672855390845,1011.125
1672855391022,1011.1328
1672855391199,1010.94824
1672855391378,1011.0676
1672855391556,1011.01416
1672855391734,1010.82764
1672855391912,1010.9988
1672855392090,1011.0725
1672855392296,1010.9966
1672855392445,1011.1028
1672855392623,1011.3701
1672855392800,1010.9824
1672855392980,1010.9907
1672855393158,1010.95337
1672855393335,1011.022
1672855393513,1011.0735
1672855393691,1011.12573
1672855393869,1011.0471
1672855394047,1010.979
1672855394225,1011.05566
1672855394402,1011.1052
1672855394581,1011.0847
1672855394758,1011.06616
1672855394937,1011.4697
1672855395114,1010.89844
1672855395293,1011.1006
1672855395471,1011.05396
1672855395649,1010.9983
1672855395827,1011.10645
1672855396005,1011.3828
1672855396182,1011.14795
1672855396361,1010.99
1672855396537,1011.22217
1672855396715,1011.01904
1672855396894,1011.0381
1672855397071,1011.21533
1672855397249,1010.9597
1672855397426,1010.91406
1672855397604,1011.09424
1672855397783,1011.1067
1672855397961,1011.00684
1672855398138,1011.10205
1672855398317,1011.3496
1672855398495,1010.8762
1672855398672,1010.9944
1672855398850,1011.0095
1672855399028,1011.0137
1672855399206,1011.0791
1672855399384,1011.0415
1672855399562,1011.1089
1672855399740,1010.96436
1672855399918,1011.02637
1672855400096,1010.9739
1672855400273,1011.05566
1672855400451,1011.126
1672855400629,1011.4575
1672855400807,1010.89966
1672855400986,1010.98145
1672855401163,1011.40405
1672855401342,1011.0569
1672855401521,1011.14453
1672855401698,1011.3191
1672855401874,1011.11646
1672855402053,1010.99414
1672855402231,1011.14233
1672855402409,1010.9939
1672855402586,1011.0791
1672855402766,1010.97485
1672855402945,1010.9795
1672855403122,1010.8877
1672855403299,1011.1802
1672855403477,1011.0242
1672855403656,1010.9636
1672855403832,1011.2842
1672855404010,1011.0742
1672855404189,1010.8013
1672855404367,1010.9756
1672855404544,1010.9802
1672855404722,1011.0039
1672855404902,1011.10205
1672855405078,1011.03784
1672855405255,1010.8086
1672855405434,1010.95776
1672855405613,1011.02344
1672855405789,1010.9607
1672855405972,1011.0879
1672855406146,1011.16797
1672855406323,1010.85645
1672855406502,1010.9204
1672855406679,1011.0559
1672855406857,1011.11694
1672855407034,1011.0703
1672855407212,1011.10767
1672855407390,1011.52515
1672855407568,1010.9529
1672855407748,1011.19995
1672855407924,1010.9607
1672855408104,1011.0698
1672855408280,1011.14185
1672855408460,1011.37646
1672855408637,1010.9226
1672855408814,1010.9824
1672855408992,1011.1482
1672855409169,1011.0381
1672855409349,1011.104
1672855409526,1011.07007
1672855409704,1011.35425
1672855409882,1010.7263
1672855410060,1011.0547
1672855410237,1011.1631
1672855410417,1011.0117
1672855410593,1011.0652
1672855410772,1011.3838
1672855410949,1011.0022
1672855411127,1010.9485
1672855411305,1011.17456
1672855411483,1011.0515
1672855411662,1011.0679
1672855411839,1011.1262
1672855412018,1011.2029
1672855412195,1010.89185
1672855412392,1010.98486
1672855412550,1011.0559
1672855412728,1011.0176
1672855412908,1011.05615
1672855413084,1011.11255
1672855413263,1010.90967
1672855413441,1010.9292
1672855413625,1011.0469
1672855413797,1011.06665
1672855413974,1011.0388
1672855414153,1011.14307
1672855414330,1011.5515
1672855414508,1010.62524
1672855414686,1010.99243
1672855414865,1011.04346
1672855415042,1010.98486
1672855415221,1011.1033
1672855415398,1011.1443
1672855415575,1011.3694
1672855415755,1010.9075
1672855415931,1011.00903
1672855416111,1011.1216
1672855416287,1011.0254
1672855416467,1011.1272
1672855416645,1011.23486
1672855416821,1011.0686
1672855416999,1010.9834
1672855417176,1011.02783
1672855417356,1011.07544
1672855417532,1011.01
1672855417711,1011.0027
1672855417888,1011.6223
1672855418066,1011.0759
1672855418245,1011.05884
1672855418423,1011.1267
1672855418599,1011.0613
1672855418777,1011.104
1672855418957,1011.13403
1672855419133,1011.0222
1672855419313,1010.8032
1672855419489,1011.0901
1672855419668,1011.1035
1672855419846,1010.9663
1672855420023,1011.1206
1672855420203,1011.59644
1672855420379,1010.969
1672855420559,1011.0127
1672855420735,1011.2075
1672855420914,1011.01587
1672855421091,1011.0503
1672855421270,1011.1709
1672855421448,1010.94507
1672855421625,1010.9402
1672855421804,1010.9441
1672855421980,1011.11475
1672855422159,1011.105
1672855422337,1011.57715
1672855422544,1011.85156
1672855422693,1011.75024
1672855422870,1011.4685
1672855423047,1011.12744
1672855423225,1010.31836
1672855423403,1010.3391
1672855423581,1010.81616
1672855423760,1010.8364
1672855423938,1010.9619
1672855424117,1010.96387
1672855424316,1011.0066
1672855424470,1010.75977
1672855424648,1010.7876
1672855424826,1010.7798
1672855425005,1010.7378
1672855425182,1010.7688
1672855425360,1010.7825
1672855425562,1010.7666
1672855425716,1010.7539
1672855425894,1010.7549
1672855426072,1010.8096
1672855426251,1010.8296
1672855426428,1010.7822
1672855426605,1010.7915
