1672856368922,1009.8557
1672856369100,1010.1189
1672856369279,1010.7527
1672856369457,1010.3176
1672856369636,1010.0491
1672856369817,1009.761
1672856369990,1009.7942
1672856370168,1009.9243
1672856370348,1009.9155
1672856370524,1009.87476
1672856370706,1009.9348
1672856370879,1009.66455
1672856371058,1009.8872
1672856371235,1009.9436
1672856371414,1009.7656
1672856371591,1009.8762
1672856371769,1009.9282
1672856371947,1010.0012
1672856372125,1010.05884
1672856372302,1010.01025
1672856372482,1009.98364
1672856372659,1009.95337
1672856372836,1009.9846
1672856373013,1009.74756
1672856373190,1010.0393
1672856373370,1010.032
1672856373549,1009.75635
1672856373728,1010.124
1672856373904,1009.98535
1672856374085,1009.9629
1672856374262,1009.9844
1672856374438,1009.9492
1672856374637,1009.98364
1672856374798,1010.02856
1672856374977,1009.73535
1672856375155,1009.96826
1672856375327,1009.9988
1672856375506,1010.01074
1672856375686,1010.0344
1672856375864,1009.9756
1672856376039,1009.81055
1672856376220,1009.98926
1672856376400,1009.9448
1672856376575,1009.9553
1672856376760,1010.0366
1672856376929,1009.9878
1672856377108,1010.04346
1672856377285,1009.9939
1672856377464,1010.022
1672856377651,1009.99756
1672856377816,1009.8303
1672856377996,1009.7588
1672856378172,1009.87256
1672856378351,1009.91406
1672856378530,1009.87134
1672856378709,1010.0818
1672856378892,1010.0515
1672856379064,1009.8862
1672856379239,1009.9524
1672856379424,1009.9331
1672856379598,1010.125
1672856379776,1010.18774
1672856379953,1010.20337
1672856380131,1010.239
1672856380311,1010.2744
1672856380486,1010.2766
1672856380666,1010.1345
1672856380843,1010.3308
1672856381037,1010.3301
1672856381200,1010.3596
1672856381377,1010.1821
1672856381557,1010.36206
1672856381734,1010.4507
1672856381911,1010.44775
1672856382088,1010.4729
1672856382267,1010.459
1672856382452,1010.50684
1672856382621,1010.53174
1672856382803,1010.5481
1672856382976,1010.5464
1672856383157,1010.35034
1672856383336,1010.594
1672856383516,1010.63306
1672856383689,1010.7007
1672856383869,1010.6907
1672856384046,1010.7102
1672856384226,1010.77075
1672856384402,1010.72217
1672856384578,1010.8286
1672856384756,1010.7622
1672856384935,1010.8823
1672856385114,1010.84985
1672856385292,1010.9492
1672856385468,1010.8345
1672856385647,1010.8506
1672856385828,1010.92505
1672856386003,1010.90796
1672856386180,1010.81055
1672856386359,1010.85815
1672856386536,1010.8633
1672856386719,1010.9978
1672856386892,1010.9834
1672856387072,1011.1074
1672856387250,1011.03687
1672856387428,1011.0498
1672856387603,1011.1587
1672856387782,1011.18774
1672856387961,1011.17725
1672856388135,1011.26953
1672856388313,1011.0305
1672856388491,1011.0115
1672856388669,1011.041
1672856388847,1011.0969
1672856389027,1011.1013
1672856389205,1011.2998
1672856389387,1011.3816
1672856389562,1011.3889
1672856389743,1011.4314
1672856389917,1011.3467
1672856390098,1011.44507
1672856390275,1011.3262
1672856390451,1011.33716
1672856390630,1011.38916
1672856390809,1011.48047
1672856390993,1011.50757
1672856391163,1011.407
1672856391341,1011.65454
1672856391528,1011.5664
1672856391698,1011.5757
1672856391876,1011.62476
1672856392050,1011.6721
1672856392231,1011.6821
1672856392410,1011.729
1672856392590,1011.7251
1672856392765,1011.68896
1672856392942,1011.7849
1672856393120,1011.7278
1672856393299,1011.7622
1672856393476,1011.82764
1672856393655,1011.81714
1672856393832,1011.83936
1672856394012,1011.7854
1672856394188,1011.7993
1672856394363,1011.897
1672856394542,1011.6741
1672856394723,1011.78076
1672856394902,1011.76245
1672856395077,1011.8469
1672856395256,1011.8491
1672856395437,1011.97046
1672856395610,1012.13257
1672856395790,1012.04443
1672856395970,1011.8379
1672856396145,1011.7705
1672856396325,1011.8557
1672856396506,1011.8489
1672856396682,1011.80176
1672856396857,1011.8721
1672856397041,1011.76953
1672856397215,1011.66504
1672856397391,1011.5354
1672856397568,1011.65674
1672856397748,1011.74243
1672856397925,1011.7927
1672856398102,1011.79785
1672856398279,1011.82275
1672856398459,1011.79956
1672856398636,1011.8469
1672856398814,1011.87646
1672856398992,1011.8357
1672856399170,1011.7129
1672856399350,1011.917
1672856399527,1011.97656
1672856399700,1011.969
1672856399878,1011.74585
1672856400058,1011.4038
1672856400236,1011.67554
1672856400416,1011.9424
1672856400594,1011.8699
1672856400769,1011.84863
1672856400947,1011.8147
1672856401125,1011.50757
1672856401305,1011.58496
1672856401481,1011.9053
1672856401661,1011.88745
1672856401839,1011.80054
1672856402014,1011.8474
1672856402194,1011.7964
1672856402372,1011.8435
1672856402548,1011.7998
1672856402727,1011.7998
1672856402908,1011.82715
1672856403083,1011.8142
1672856403262,1011.84155
1672856403439,1011.7964
1672856403623,1011.91943
1672856403792,1011.81323
1672856403972,1011.82935
1672856404151,1011.8872
1672856404329,1011.8379
1672856404505,1011.80347
1672856404684,1011.8628
1672856404861,1011.8667
1672856405040,1011.92944
1672856405219,1011.8865
1672856405397,1011.82983
1672856405574,1011.79297
1672856405754,1011.7915
1672856405930,1011.8108
1672856406108,1011.853
1672856406291,1011.89014
1672856406465,1011.896
1672856406645,1011.84863
1672856406820,1011.85425
1672856407019,1011.85474
1672856407173,1011.771
1672856407351,1011.7971
1672856407529,1011.6704
1672856407710,1011.94434
1672856407890,1011.647
1672856408065,1011.8152
1672856408244,1011.7864
1672856408421,1011.8528
1672856408598,1011.813
1672856408774,1011.82666
1672856408955,1011.69946
1672856409133,1011.9949
1672856409308,1011.9077
1672856409489,1011.8718
1672856409666,1011.59595
1672856409844,1011.87354
1672856410022,1011.9158
1672856410201,1011.8218
1672856410381,1011.9258
1672856410554,1011.9038
1672856410735,1011.92676
1672856410911,1011.9485
1672856411089,1011.8662
1672856411271,1011.70435
1672856411449,1011.90283
1672856411625,1011.9177
1672856411803,1011.8518
1672856411979,1011.86255
1672856412157,1011.8335
1672856412337,1011.8347
1672856412514,1011.8408
1672856412692,1011.8496
1672856412871,1011.7761
1672856413061,1011.8784
1672856413226,1011.8281
1672856413403,1011.8247
1672856413585,1011.78076
1672856413759,1011.77954
1672856413937,1011.76636
1672856414113,1011.7256
1672856414294,1011.7092
1672856414470,1011.6299
1672856414647,1011.6677
1672856414828,1011.67114
1672856415005,1011.6277
1672856415185,1011.6289
1672856415361,1011.57544
1672856415539,1011.5923
1672856415716,1011.61084
1672856415894,1011.5542
1672856416079,1011.5481
1672856416250,1011.49927
1672856416427,1011.5718
1672856416606,1011.46313
1672856416785,1011.5093
1672856416966,1011.47534
1672856417140,1011.38184
1672856417317,1011.4321
1672856417495,1011.37695
1672856417671,1011.4016
1672856417852,1011.3601
1672856418029,1011.3225
1672856418206,1011.26953
1672856418386,1011.25635
1672856418564,1011.3291
1672856418739,1011.2346
1672856418919,1011.22266
1672856419096,1011.2178
1672856419275,1011.11743
1672856419453,1011.1301
1672856419629,1011.2117
1672856419809,1011.1538
1672856419988,1011.13184
1672856420164,1011.0808
1672856420343,1011.04565
1672856420521,1011.10034
1672856420697,1011.04297
1672856420875,1010.95557
1672856421056,1011.0032
1672856421232,1010.959
1672856421410,1010.9004
1672856421589,1010.90967
1672856421765,1010.9175
1672856421945,1010.916
1672856422146,1010.8723
1672856422299,1010.6714
1672856422478,1010.85815
1672856422654,1010.749
1672856422834,1010.7117
1672856423012,1010.7637
1672856423189,1010.7217
1672856423367,1010.6426
1672856423547,1010.697
1672856423722,1010.6892
1672856423900,1010.62646
1672856424078,1010.59106
1672856424256,1010.646
1672856424435,1010.6338
1672856424612,1010.5615
1672856424791,1010.6499
1672856424968,1010.53784
1672856425151,1010.5681
1672856425325,1010.5237
1672856425506,1010.4685
1672856425680,1010.4712
1672856425857,1010.4343
1672856426036,1010.4365
1672856426213,1010.4358
1672856426396,1010.32007
1672856426570,1010.36084
1672856426751,1010.3247
1672856426926,1010.2776
1672856427103,1010.2312
1672856427281,1010.1931
1672856427459,1010.176
1672856427640,1010.23706
1672856427815,1010.1697
1672856427992,1010.18823
1672856428169,1010.10474
1672856428348,1010.177
1672856428530,1010.16846
1672856428704,1010.08936
1672856428883,1010.0508
1672856429061,1010.00684
1672856429238,1010.103
1672856429417,1010.06616
1672856429595,1010.03687
1672856429772,1010.0237
1672856429949,1010.03345
1672856430127,1010.01587
1672856430304,1010.02026
1672856430482,1010.0471
1672856430665,1009.99414
1672856430840,1010.0359
1672856431017,1009.9851
1672856431194,1009.9861
1672856431376,1010.00757
1672856431551,1009.96826
1672856431728,1010.05396
1672856431908,1009.9861
1672856432087,1009.9514
1672856432260,1010.0044
1672856432441,1010.0044
1672856432617,1010.02783
