1672854182634,1010.6011
1672854182812,1010.9021
1672854182996,1010.8799
1672854183170,1010.93286
1672854183352,1010.9121
1672854183529,1010.9365
1672854183705,1010.9236
1672854183887,1010.92725
1672854184065,1010.91113
1672854184241,1010.7512
1672854184438,1010.9773
1672854184602,1010.70435
1672854184770,1010.88745
1672854184950,1010.9321
1672854185129,1010.92773
1672854185307,1010.9343
1672854185486,1010.9509
1672854185659,1010.9031
1672854185839,1010.8921
1672854186022,1010.9324
1672854186201,1010.9612
1672854186394,1010.94507
1672854186556,1010.6926
1672854186729,1010.85864
1672854186906,1010.87744
1672854187091,1010.89453
1672854187263,1010.937
1672854187440,1010.9575
1672854187636,1010.97046
1672854187798,1010.93286
1672854187978,1010.9431
1672854188151,1010.96265
1672854188334,1010.97437
1672854188507,1010.949
1672854188685,1010.76074
1672854188864,1010.9365
1672854189046,1010.9678
1672854189218,1010.9221
1672854189400,1010.7854
1672854189580,1010.968
1672854189755,1010.927
1672854189934,1010.95874
1672854190110,1010.99634
1672854190288,1010.9553
1672854190463,1010.9409
1672854190643,1010.9529
1672854190821,1011.0061
1672854191005,1010.98
1672854191177,1010.95825
1672854191359,1010.9424
1672854191535,1010.9214
1672854191710,1010.95264
1672854191888,1010.98315
1672854192071,1010.95825
1672854192251,1010.95435
1672854192424,1010.9656
1672854192599,1010.9546
1672854192789,1010.91943
1672854192962,1010.86646
1672854193140,1010.9365
1672854193313,1010.9175
1672854193490,1010.93774
1672854193676,1010.9365
1672854193849,1010.9319
1672854194030,1010.928
1672854194203,1010.948
1672854194380,1010.9758
1672854194562,1010.91675
1672854194736,1010.89746
1672854194916,1010.9072
1672854195094,1010.8943
1672854195270,1010.8208
1672854195449,1010.9302
1672854195623,1010.9136
1672854195805,1010.9336
1672854195982,1010.9387
1672854196162,1010.93726
1672854196336,1010.93896
1672854196519,1010.9563
1672854196693,1010.96924
1672854196873,1010.92456
1672854197048,1010.95776
1672854197228,1010.9614
1672854197407,1010.98193
1672854197585,1010.9546
1672854197761,1010.9563
1672854197942,1010.9597
1672854198127,1011.0054
1672854198295,1010.9573
1672854198473,1010.9448
1672854198652,1010.9448
1672854198827,1010.9419
1672854199011,1010.9214
1672854199188,1010.9617
1672854199362,1010.9419
1672854199540,1010.9668
1672854199716,1010.9939
1672854199897,1011.00586
1672854200077,1010.9763
1672854200248,1011.01587
1672854200431,1011.0298
1672854200609,1011.03735
1672854200787,1011.0183
1672854200966,1011.0764
1672854201143,1011.0625
1672854201320,1011.1074
1672854201501,1011.094
1672854201678,1011.09863
1672854201855,1011.14355
1672854202028,1011.0918
1672854202210,1011.15234
1672854202391,1011.1533
1672854202564,1011.1343
1672854202746,1011.1311
1672854202922,1011.14087
1672854203104,1011.1775
1672854203276,1011.1277
1672854203455,1011.16675
1672854203632,1011.1892
1672854203811,1011.17334
1672854203988,1011.2119
1672854204164,1011.16016
1672854204347,1011.13354
1672854204521,1011.1782
1672854204702,1011.1802
1672854204879,1011.1704
1672854205056,1011.1687
1672854205236,1011.1328
1672854205411,1011.15625
1672854205589,1011.19995
1672854205773,1011.208
1672854205948,1011.2114
1672854206122,1011.136
1672854206298,1011.1953
1672854206479,1011.17505
1672854206657,1011.1926
1672854206833,1011.22
1672854207010,1011.23145
1672854207189,1011.136
1672854207367,1011.1846
1672854207544,1011.176
1672854207724,1011.0886
1672854207905,1011.15454
1672854208080,1011.2175
1672854208267,1011.1636
1672854208438,1011.22705
1672854208615,1011.33765
1672854208789,1011.22534
1672854208970,1011.2141
1672854209148,1011.2566
1672854209324,1011.198
1672854209507,1011.1504
1672854209688,1011.23706
1672854209858,1011.23804
1672854210035,1011.2407
1672854210217,1011.17725
1672854210396,1011.2366
1672854210569,1011.21094
1672854210752,1011.16064
1672854210934,1011.1809
1672854211111,1011.1848
1672854211299,1011.21045
1672854211461,1011.2029
1672854211644,1011.17017
1672854211817,1011.1985
1672854211998,1011.2024
1672854212173,1011.1714
1672854212349,1011.15405
1672854212533,1011.22
1672854212708,1011.17017
1672854212885,1011.2075
1672854213062,1011.176
1672854213244,1011.18774
1672854213421,1011.1846
1672854213599,1011.1721
1672854213775,1011.2075
1672854213955,1011.15063
1672854214136,1011.1775
1672854214318,1011.136
1672854214487,1011.1741
1672854214663,1011.16406
1672854214839,1011.18286
1672854215019,1011.19604
1672854215197,1011.15625
1672854215377,1011.17065
1672854215551,1011.1836
1672854215730,1011.1394
1672854215917,1011.1692
1672854216093,1011.1433
1672854216268,1011.1301
1672854216443,1011.156
1672854216621,1011.209
1672854216798,1011.1201
1672854216975,1011.1565
1672854217161,1011.2002
1672854217340,1011.1575
1672854217508,1011.1079
1672854217690,1011.15454
1672854217867,1011.15063
1672854218048,1011.1489
1672854218222,1011.1743
1672854218400,1011.1736
1672854218581,1011.125
1672854218762,1011.1599
1672854218932,1011.17456
1672854219113,1011.2141
1672854219289,1011.1421
1672854219467,1011.1633
1672854219650,1011.1421
1672854219826,1011.1531
1672854220003,1011.135
1672854220178,1011.1333
1672854220360,1011.1887
1672854220538,1011.13574
1672854220713,1011.13086
1672854220891,1011.1594
1672854221069,1011.1345
1672854221249,1011.1394
1672854221423,1011.1428
1672854221605,1011.1604
1672854221780,1011.1516
1672854221961,1011.1582
1672854222136,1011.1328
1672854222314,1011.166
1672854222490,1011.1809
1672854222671,1011.08887
1672854222849,1011.14526
1672854223028,1011.18335
1672854223204,1011.16284
1672854223395,1011.0354
1672854223560,1011.167
1672854223737,1011.13354
1672854223916,1011.1228
1672854224096,1011.1018
1672854224271,1011.17676
1672854224450,1011.1575
1672854224632,1011.1763
1672854224806,1011.1472
1672854224987,1011.0918
1672854225163,1011.2251
1672854225340,1011.16284
1672854225517,1011.1438
1672854225692,1011.2112
1672854225871,1011.1067
1672854226051,1011.15454
1672854226233,1011.167
1672854226404,1011.1467
1672854226590,1011.1865
1672854226763,1011.1731
1672854226939,1011.1196
1672854227121,1011.1638
1672854227298,1011.1614
1672854227472,1011.1106
1672854227652,1011.15625
1672854227835,1011.1533
1672854228011,1011.13745
1672854228193,1011.15796
1672854228363,1011.1411
1672854228541,1011.1565
1672854228727,1011.17236
1672854228899,1011.13696
1672854229076,1011.1692
1672854229253,1011.10376
1672854229438,1011.1948
1672854229609,1011.2256
1672854229788,1011.1428
1672854229965,1011.1543
1672854230146,1011.0591
